104198-F-000000,461,353,108,5049,353,108,0.005384722718487997,0.003893613322633801,0.00011060377588735126,0.02316466509220642,331
104198-F-000001,248,140,108,1815,140,108,0.002227834757686354,0.000401313192851778,4.54607909648259e-05,0.012461685342445104,219
104198-F-000003,421,43,378,11548,43,378,0.0007120415200574182,0.0002653437426130928,1.339437944639068e-05,0.021154715843424952,340
104198-F-000004,743,307,436,22169,307,436,0.004200355875176141,0.012487408889453058,7.357554754391022e-05,0.037334807296115775,348
104198-F-000005,540,157,383,13121,157,383,0.0024578525594225486,0.0021564346052969376,4.2268934272904174e-05,0.02713431485854982,348
104198-F-000007,928,503,425,35629,503,425,0.0066861181286533514,0.040197565111238766,0.00026017682639253734,0.04663082257173006,348
104198-F-000008,1107,765,342,78568,765,342,0.008612800854246577,0.17782487386904455,0.0011391634560997974,0.055625345460027134,348
104198-F-000010,968,589,379,27652,589,379,0.00698367652188123,0.016154054160409253,0.0002877712843222324,0.04864077182051153,348
104198-F-000011,801,395,406,22897,395,406,0.005655088926970024,0.019518272847826562,0.00012864440495063387,0.0402492337068489,348
104198-F-000012,1234,919,315,89594,919,315,0.01012320365059798,0.10082334831144475,0.0021932256875448514,0.062006934324908294,348
104198-F-000014,741,316,425,23317,316,425,0.004220558369050686,0.011318932539519166,9.340803175857476e-05,0.0372343098336767,348
104198-F-000015,765,333,432,26375,333,432,0.00445645611212181,0.01659394655020257,8.823715201960468e-05,0.03844027938294558,348
104198-F-100000,791,402,389,20084,402,389,0.0055031293959307585,0.007484505806236078,0.00020859020857975165,0.03974674639465354,348
104198-F-100001,674,235,439,29263,235,439,0.003450879162575491,0.0149409186313132,7.806451772123699e-05,0.03386764484196774,348
104198-F-100003,548,112,436,22014,112,436,0.0016975142828679485,0.0011622082658775178,1.9290645189558175e-05,0.027536304708306116,348
104198-F-100004,660,214,446,19138,214,446,0.00312383568000903,0.002406308800512346,4.9311178177077756e-05,0.03316416260489423,348
104198-F-100005,702,240,462,28264,240,462,0.003530885123159022,0.007926595359351517,4.695014042456032e-05,0.035274609316114765,348
104198-F-100006,921,540,381,25257,540,381,0.0066722215597865425,0.014182118171051772,0.00038466961909798346,0.04627908145319331,348
104198-F-100007,917,451,466,33617,451,466,0.00607241726216732,0.028257701270604698,0.00016979791512033648,0.04607808652831516,348
104198-F-100008,907,513,394,27318,513,394,0.006270926260697807,0.015164003041379222,0.00026472671618510825,0.04557559921611979,348
104198-F-100009,492,78,414,21866,78,414,0.0012489766505293107,0.0005603917059260919,1.0422327438945532e-05,0.024722375760012058,348
104198-F-100013,498,96,402,15880,96,402,0.0015687315546975542,0.0009943815720866406,1.9362294054923042e-05,0.02502386814732928,348
104198-F-100014,1214,819,395,47032,819,395,0.009127597111559681,0.03917723155364897,0.0009042769114204357,0.06100195970051756,348
104198-F-100015,1066,685,381,43889,685,381,0.008762714315171047,0.042941384285427014,0.0007744231429250959,0.05356514748002613,348
104198-F-100017,931,568,363,26277,568,363,0.0073614713935412825,0.015548501790219207,0.0003177244997587861,0.04678156876538867,348
104198-F-100018,914,530,384,33724,530,384,0.0062372589346699455,0.03985970967348247,0.0002271824975661353,0.04592734033465655,348
104198-F-100019,1108,694,414,49437,694,414,0.0083877257450576,0.06885156396814009,0.0005394072280492764,0.05567559419124667,348
104198-F-100020,755,374,381,19529,374,381,0.004846604835102063,0.005873330828212905,0.00010160569891694465,0.037937792070750216,348
104198-F-100021,1212,868,344,74934,868,344,0.010311224606652254,0.16670091393404862,0.0011906535080166343,0.06090146223807849,348
104198-F-100023,826,362,464,28150,362,464,0.005295467032230688,0.01615647034450893,0.0002697875136173809,0.04150545198733732,348
104198-F-100025,964,540,424,31064,540,424,0.006711225583605349,0.023237215477224096,0.0004802437167164574,0.048439776895633384,348
104198-F-100026,992,591,401,35582,591,401,0.007739955477212601,0.026239289544729174,0.0005455400728168605,0.049846741369780415,348
104198-F-100027,1154,777,377,58271,777,377,0.008773152557064736,0.062234750456428144,0.0014576148114749906,0.05798703582734536,348
104198-F-100029,762,318,444,21888,318,444,0.004668783360312468,0.004712166868114538,0.00014592229903258254,0.03828953318928697,348
104198-F-100030,1021,575,446,47659,575,446,0.007811775149068404,0.06407722080146282,0.00043723632190181166,0.05130395457514698,348
104198-F-100032,955,537,418,38743,537,418,0.00690308109411675,0.03318194588870446,0.0008069362515098544,0.04798753831465755,348
104198-F-100034,1066,633,433,36118,633,433,0.007970467335336712,0.022729599556062727,0.0005322296428030136,0.05356514748002613,348
104198-F-100035,948,495,453,33042,495,453,0.006561657293280344,0.02295319784290915,0.0001944172893634677,0.0476357971961208,348
104198-F-200000,443,46,397,14173,46,397,0.0007170044968884251,0.00025203704704241015,1.0474506700707891e-05,0.02226018793025476,344
104198-F-200001,780,384,396,16590,384,396,0.00489969105233316,0.004690592395699421,0.00014694292337018132,0.03919401035123863,348
104198-F-200003,586,135,451,22071,135,451,0.002008911843595361,0.0024068448944661535,1.8896887126838664e-05,0.02944575649464851,348
104198-F-200004,462,14,448,16535,14,448,0.00023466975966834357,0.00011890352824246325,9.684762183065145e-06,0.02321491382342596,340
104198-F-200006,1191,665,526,36363,665,526,0.007982449930721837,0.049971484633714446,0.00032253179797434674,0.05984623888246822,348
104198-F-200008,912,537,375,34094,537,375,0.006728730785380319,0.047139247062329026,0.00030936019667795626,0.04582684287221748,348
104198-F-300000,1038,708,330,66654,708,330,0.009299628226192454,0.07164828820236578,0.001526448690999027,0.0521581830058791,348
104198-F-300002,1070,817,253,79969,817,253,0.008799248824630884,0.1684740196222162,0.00109192873672392,0.05376614240490428,348
104198-F-300003,654,267,387,19263,267,387,0.003644746842557576,0.008267073696780786,6.428514650674785e-05,0.03286267021757701,348
104198-F-300005,610,268,342,11856,268,342,0.0035455846277879883,0.0020542756443092565,6.113137752213337e-05,0.03065172604391739,348
104198-F-300007,812,619,193,30720,619,193,0.00771609907458467,0.06578554107562558,0.0004524235444544314,0.0408019697502638,348
104198-F-300008,811,534,277,23207,534,277,0.006822948343744554,0.020660220387057105,0.0004998799757810543,0.04075172101904427,348
104198-F-300009,563,178,385,12545,178,385,0.002467347651203545,0.0012274865129793808,2.7094362376989745e-05,0.028290035676599167,348
104198-F-300011,693,335,358,15599,335,358,0.004928511643987254,0.0063333983373241205,0.0001258814547867689,0.03482237073513894,348
104198-F-300012,622,271,351,14339,271,351,0.0037223666457428728,0.005514905481072363,4.7156226281733904e-05,0.03125471081855183,348
104198-F-300014,380,166,214,7208,166,214,0.002368756990228898,0.0007493042835067092,2.3497093756158343e-05,0.01909451786342395,304
104198-F-300015,782,555,227,26363,555,227,0.006898234624774456,0.05212801528677903,0.000343004756512104,0.03929450781367771,348
104198-F-300016,538,138,400,21132,138,400,0.0016995660209239147,0.002751959056521498,1.9127990841155148e-05,0.027033817396110747,348
104198-F-300017,630,182,448,24617,182,448,0.002620963600793777,0.005110651003655896,3.2656586017465796e-05,0.03165670066830813,348
104198-F-300018,1838,473,1365,20843,473,1365,0.006576957439141218,0.016842799438928895,0.00012833622592796023,0.09235716798150846,352
104198-F-300019,470,77,393,12622,77,393,0.0013754220880522802,0.0007720324524023569,1.1150103091917808e-05,0.02361690367318225,348
104198-F-300020,468,31,437,21141,31,437,0.0004627020102756607,0.0005719737412344611,1.0403794113953293e-05,0.02351640621074318,348
104198-F-300021,988,693,295,76092,693,295,0.00849431609829355,0.17493376287972007,0.001107685604434354,0.049645746444902265,348
104198-F-300022,548,124,424,19185,124,424,0.0017549048463613665,0.0011822567353854056,1.8328668963327564e-05,0.027536304708306116,348
104198-F-300023,1047,633,414,23519,633,414,0.007980135839790063,0.01385731405324102,0.00047107638275115056,0.05261042158685493,348
104198-F-300024,1002,503,499,20010,503,499,0.006042454666243007,0.014761847943686589,0.00026791293289773604,0.05034922868197578,348
104198-F-300025,426,167,259,9408,167,259,0.0021505262348187663,0.0016483301309253478,3.2667943406299056e-05,0.021405959499522637,344
104198-F-300026,479,84,395,21076,84,395,0.0009812863880223858,0.0022329692422910327,1.8230807299479426e-05,0.02406914225415808,348
104198-F-300027,1078,678,400,27055,678,400,0.008748953521875493,0.015930036814806797,0.0003735791416870512,0.05416813225466057,348
104198-F-300028,781,348,433,22203,348,433,0.0045086975478842465,0.010671694397047354,8.141761346241328e-05,0.03924425908245817,348
104198-F-300029,829,406,423,26546,406,423,0.005934891721970475,0.013091615843227386,9.562489033011217e-05,0.04165619818099593,348
104198-F-300030,911,568,343,23357,568,343,0.0073141976109907065,0.015291679963763037,0.00038345739549101003,0.04577659414099794,348
104198-F-300031,978,599,379,34208,599,379,0.00768289839016737,0.04646992306873963,0.0003272631376475757,0.049143259132706896,348
5HT1A-F-000000,505,220,285,3470,220,285,0.005869983507237753,1.3005033745897491e-05,2.0176020387033554e-05,0.025375609265866038,352
5HT1A-F-000001,406,175,231,2698,175,231,0.004644713748247514,5.161948618738925e-06,1.5036430676085262e-05,0.0204009848751319,352
5HT1A-F-000002,423,183,240,3444,183,240,0.004632962043525567,1.0381854016113555e-05,1.8272375288465913e-05,0.021255213305864027,352
5HT1A-F-000003,532,245,287,3968,245,287,0.006318629639541995,1.913651461339162e-05,2.167910334511251e-05,0.02673232500879353,352
5HT1A-F-000004,883,361,522,7167,361,522,0.007037965192671058,0.0003012651934303135,0.00010288097285761507,0.044369629666850915,352
5HT1A-F-000005,510,216,294,3430,216,294,0.005443439092745988,8.167708296892536e-06,1.8595364707070924e-05,0.02562685292196372,352
5HT1A-F-000006,536,209,327,4174,209,327,0.002569416720682652,1.2586587650035014e-05,0.00010643106343198396,0.026933319933671675,277
5HT1A-F-000007,484,196,288,3591,196,288,0.00510037767228297,7.1022900851793805e-06,1.9151045673901185e-05,0.024320385910255767,352
5HT1A-F-000008,434,178,256,3054,178,256,0.00435085349320189,4.5260726129457215e-06,1.7411941255138335e-05,0.021807949349278932,352
5HT1A-F-000009,525,237,288,3680,237,288,0.006180643628379894,1.2966652161159844e-05,1.960411275978243e-05,0.02638058389025677,352
5HT1A-F-100000,473,166,307,3909,166,307,0.004015224933159785,4.454031468602621e-06,1.436869225472519e-05,0.02376764986684086,352
5HT1A-F-100001,444,152,292,3579,152,292,0.003971491619865018,4.781619245828736e-06,1.5007514823005062e-05,0.0223104366614743,352
5HT1A-F-100002,475,182,293,3571,182,293,0.004807159594117794,1.6721606505641524e-05,1.6931650474966047e-05,0.023868147329279936,352
5HT1A-F-100003,471,181,290,3238,181,290,0.0042290632894315065,4.2194610735117415e-06,1.4936147544326892e-05,0.02366715240440179,352
5HT1A-F-100004,432,176,256,4120,176,256,0.0017798569698828925,4.1104879228492744e-05,3.033011129682678e-05,0.021707451886839858,278
5HT1A-F-100005,1092,926,166,9062,926,166,0.024342605799839285,5.2559809467725104e-05,0.00010547160541303769,0.05487161449173408,352
5HT1A-F-100006,511,231,280,3608,231,280,0.005974870101881435,1.2288171234379786e-05,2.2193618289558907e-05,0.02567710165318326,352
5HT1A-F-100007,436,161,275,2811,161,275,0.0036988826135903757,3.576617250785018e-06,1.3936489055854204e-05,0.021908446811718003,352
5HT1A-F-100008,859,257,602,5178,257,602,0.005920007639712122,0.00019060733939694447,6.342080999280029e-05,0.043163660117582034,352
5HT1A-F-100009,409,172,237,2711,172,237,0.0040090434774108655,5.561000109256208e-06,1.5097790776076134e-05,0.02055173106879051,352
5HT1A-F-100010,423,172,251,2672,172,251,0.0044777374819096995,4.032558649340034e-06,1.4838295850699417e-05,0.021255213305864027,352
5HT1A-F-100011,196,76,120,1045,76,120,0.0010073782572855977,2.4187564055798367e-05,1.6838807756320514e-05,0.009848751319029195,125
5HT1A-F-100012,505,220,285,3313,220,285,0.00580697375846165,8.12807799607618e-06,1.879501667210647e-05,0.025375609265866038,352
5HT1A-F-100013,360,127,233,1917,127,233,0.003627868715445881,5.150959625200434e-06,1.1714342991506751e-05,0.018089543239033213,351
5HT1A-F-100014,432,173,259,2936,173,259,0.004826563423149137,9.891298649217131e-06,1.7342528386468552e-05,0.021707451886839858,352
5HT1A-F-100015,516,218,298,3447,218,298,0.005229950797097656,1.0224790508103681e-05,1.626595415997316e-05,0.02592834530928094,352
5HT1A-F-100016,504,111,393,3052,111,393,0.0010254990569148617,4.074030348018601e-06,3.10925285828504e-05,0.0253253605346465,275
5HT1A-F-100017,226,109,117,1116,109,117,0.001201580372664059,3.6634623839469295e-05,2.57960196963916e-05,0.011356213255615295,147
5HT1A-F-100018,492,211,281,3123,211,281,0.0026863863810877475,6.3970478125e-05,3.850500483189146e-05,0.024722375760012058,237
5HT1A-F-100019,475,180,295,3293,180,295,0.004357428136809604,4.962016242172227e-06,1.6161447647318915e-05,0.023868147329279936,352
5HT1A-F-100020,470,183,287,3477,183,287,0.004953018729710289,9.615352536633082e-06,1.790239316037485e-05,0.02361690367318225,352
5HT1A-F-100021,475,212,263,3497,212,263,0.0053614938071897,6.660530692567001e-06,1.7801368010366695e-05,0.023868147329279936,352
5HT1A-F-100022,419,152,267,2468,152,267,0.003918402425400666,1.2266314947064274e-05,1.3751322279562687e-05,0.02105421838098588,352
5HT1A-F-100023,472,193,279,2215,193,279,0.0033944222157625803,2.821198518973597e-05,2.9089786159704354e-05,0.023717401135621326,298
5HT1A-F-100024,536,201,335,2909,201,335,0.004880019093057059,4.190993813647655e-06,1.6848599884321825e-05,0.026933319933671675,352
5HT1A-F-100025,561,232,329,3184,232,329,0.0061581981535046865,1.3900258454098457e-05,1.8980225704062273e-05,0.028189538214160093,352
5HT1A-F-100026,406,27,379,3302,27,379,0.000513959418641196,7.640060907225295e-05,9.752639209535438e-06,0.0204009848751319,235
5HT1A-F-100027,946,413,533,6463,413,533,0.009618253982053357,6.11292583101111e-05,5.172683052414301e-05,0.04753529973368172,352
5HT1A-F-100028,395,238,157,3583,238,157,0.0020668120711043797,8.901799876718311e-05,4.826533696845199e-05,0.019848248831717,211
5HT1A-F-100029,479,214,265,3922,214,265,0.005736880431739517,1.4213135898783244e-05,2.2945204048143567e-05,0.02406914225415808,352
5HT1A-F-100030,807,348,459,5268,348,459,0.00942463132478508,1.3143446874335953e-05,4.4157102572062854e-05,0.04055072609416612,352
5HT1A-F-100031,558,267,291,3749,267,291,0.007419891639372817,1.1311928978187577e-05,3.3093112844730654e-05,0.028038792020501482,352
5HT1A-F-100032,442,178,264,4282,178,264,0.0015968309601274281,1.615618498092585e-05,3.247702938358123e-05,0.022209939199035224,278
5HT1A-F-100033,511,137,374,3520,137,374,0.000825917503652695,2.6036131676760424e-06,3.083961693798079e-05,0.02567710165318326,183
5HT1A-F-200000,460,179,281,3327,179,281,0.005059708455877889,5.990044788905709e-06,1.9389072600167828e-05,0.023114416360986885,352
5HT1A-F-200001,421,157,264,2339,157,264,0.0008334295963990675,3.186156400643192e-06,2.9035053438009527e-05,0.021154715843424952,186
5HT1A-F-200002,738,359,379,4914,359,379,0.008494590232965461,2.8279601455090113e-05,3.7936822264229264e-05,0.03708356364001809,352
5HT1A-F-200003,451,180,271,3526,180,271,0.004792178962307535,1.1494857530901091e-05,2.0979016481780198e-05,0.022662177780011054,352
5HT1A-F-200004,555,259,296,3644,259,296,0.00702677430433742,1.1556055531626166e-05,2.167863892836633e-05,0.027888045826842872,352
5HT1A-F-200005,486,184,302,3723,184,302,0.004825203648246374,1.2637673094320451e-05,1.8111723284049783e-05,0.02442088337269484,352
5HT1A-F-200006,538,228,310,4520,228,310,0.006569758589131201,1.0498340783092638e-05,3.3207181237889946e-05,0.027033817396110747,352
5HT1A-F-200007,531,223,308,3417,223,308,0.004989764256951055,5.889650040771236e-06,1.5019575600364474e-05,0.02668207627757399,352
5HT1A-F-200008,376,129,247,2131,129,247,0.003266798592027158,2.4175785146251414e-06,1.1669850226247215e-05,0.018893522938545803,352
5HT1A-F-200009,450,178,272,3213,178,272,0.004430147055937063,6.10549689028545e-06,1.5637950060351333e-05,0.02261192904879152,352
5HT1A-F-200010,500,196,304,3580,196,304,0.004539744371466989,5.3203084966462895e-06,1.7900915859326612e-05,0.025124365609768353,352
5HT1A-F-200011,477,192,285,3401,192,285,0.004869941878016751,9.202051471927631e-06,1.8256037550713823e-05,0.02396864479171901,352
5HT1A-F-200012,1350,665,685,12512,665,685,0.01536246015587688,2.9273404207229417e-05,0.00011234742492394727,0.06783578714637456,352
5HT1A-F-200013,478,182,296,3164,182,296,0.004636201621236802,8.821723114127132e-06,1.5145218804030671e-05,0.024018893522938546,352
5HT1A-F-200016,1235,326,909,8667,326,909,0.0014345499807470413,6.3755925194757505e-06,0.00014543028928996858,0.06205718305612783,331
5HT1A-F-200017,571,272,299,4066,272,299,0.006837997403983718,1.1000275881416761e-05,2.2733556647192327e-05,0.02869202552635546,352
5HT1A-F-200018,514,225,289,3144,225,289,0.005366181325620529,4.8883722097132966e-06,1.697381639604572e-05,0.02582784784684187,352
5HT1A-F-300000,358,38,320,3499,38,320,0.0013052373130326691,5.525810918062045e-06,1.028059849369754e-05,0.017989045776594142,318
5HT1A-F-300001,197,102,95,923,102,95,0.0006635835024583961,1.9143499480496967e-05,1.4653759206685734e-05,0.009899000050248732,133
5HT1A-F-300002,449,214,235,2813,214,235,0.005387159975959962,9.814275358992673e-06,1.796873222006563e-05,0.02256168031757198,352
5HT1A-F-300003,87,48,39,388,48,39,0.0004368493101624221,1.8941375349628687e-06,1.6200133430726745e-05,0.004371639616099694,82
5HT1A-F-300004,416,165,251,3150,165,251,0.003673830251316673,3.0073007309305244e-06,1.5640797446330293e-05,0.02090347218732727,352
5HT1A-F-300005,593,413,180,3522,413,180,0.010457182318708647,1.3456321227063102e-05,2.8188887619392102e-05,0.029797497613185266,352
5HT1A-F-300006,333,59,274,1552,59,274,0.001141992704563874,1.5345937029951088e-05,1.1089891997559703e-05,0.016732827496105725,274
5HT1A-F-300007,1068,894,174,7199,894,174,0.02299935667935959,3.806789718221087e-05,8.270987209997863e-05,0.0536656449424652,352
5HT1A-F-300008,558,215,343,8468,215,343,0.003084354138489556,0.0014125040952812386,3.823003062038886e-05,0.028038792020501482,348
5HT1A-F-300009,643,351,292,4644,351,292,0.008754878788528658,1.3069472532978986e-05,2.765814032931604e-05,0.0323099341741621,352
5HT1A-F-300010,390,179,211,1460,179,211,0.0020555313903747765,3.356240445196106e-06,3.558312307246096e-05,0.019597005175619315,209
5HT1A-F-300011,193,113,80,1087,113,80,0.0014908992695822707,4.310962730844641e-06,2.672420982089042e-05,0.009698005125370585,143
5HT1A-F-300012,146,60,86,738,60,86,0.000950308265790428,4.293456837742031e-06,1.2646295907523511e-05,0.007336314758052359,125
5HT1A-F-300013,434,180,254,2727,180,254,0.007514383175138327,0.00017773849924280054,4.521498690084838e-05,0.021807949349278932,205
5HT1A-F-300014,477,196,281,2171,196,281,0.004829780809205539,3.113387720933415e-05,2.9050773027436938e-05,0.02396864479171901,312
5HT1A-F-300016,281,188,93,1333,188,93,0.0025142372019901532,0.0006655069630895748,2.8444192200689877e-05,0.014119893472689814,250
5HT1A-F-300017,319,164,155,1559,164,155,0.0019504438872448193,4.900591254433947e-06,2.593550969249975e-05,0.01602934525903221,202
5HT1A-F-300018,186,55,131,830,55,131,0.0015134597828458287,5.82965077351974e-07,1.0619592998879885e-05,0.009346264006833827,151
5HT1A-F-300019,456,178,278,3668,178,278,0.005638095155422332,0.00014091950301649674,3.970211443121173e-05,0.02291342143610874,211
5HT1A-F-300020,991,795,196,9035,795,196,0.022872838015531454,4.806080463767974e-05,0.00011389119116643953,0.049796492638560876,352
5HT1A-F-300021,460,165,295,3377,165,295,0.002442320875307179,1.2012697942370122e-05,2.3309415566830374e-05,0.023114416360986885,313
5HT1A-F-300022,424,193,231,2162,193,231,0.0019166481660623,8.455757681245101e-06,2.4059139955168028e-05,0.021305462037083563,209
5HT1A-F-300023,351,210,141,2119,210,141,0.0035755084549776764,2.262500758695941e-05,6.885617662635972e-05,0.017637304658057382,267
5HT1A-F-300024,484,206,278,3293,206,278,0.005539944650688101,1.1413200639002031e-05,1.9907135779944303e-05,0.024320385910255767,352
5HT1A-F-300025,571,89,482,3400,89,482,0.006877450798721439,4.179293640860571e-06,1.9897383059548375e-05,0.02869202552635546,352
5HT1A-F-300026,1243,626,617,10681,626,617,0.01232006304006134,0.000391865541998326,0.0001739822403988566,0.062459172905884125,352
5HT1A-F-300027,272,46,226,1829,46,226,0.0007785714374872232,7.5044303659564125e-06,1.3184794979732327e-05,0.013667654891713983,232
5HT1A-F-300028,497,180,317,4046,180,317,0.00436721898396232,5.049508537122537e-06,1.6821844212906135e-05,0.024973619416109743,352
5HT1A-F-300029,245,46,199,1178,46,199,0.002533753863119106,7.703867385358722e-06,1.0675991996781884e-05,0.012310939148786493,198
5HT1A-F-300030,277,30,247,2376,30,247,0.00021925846652519113,6.9750059847531e-07,8.307131288781618e-06,0.013918898547811668,194
5HT1A-F-300031,623,226,397,3141,226,397,0.0013463545280663523,2.2091302493387288e-05,2.4619472277362575e-05,0.03130495954977137,211
5HT1A-F-300032,504,247,257,3116,247,257,0.0059644128029701805,1.035576500079931e-05,2.2324754161000615e-05,0.0253253605346465,352
5HT1A-F-300033,528,231,297,4214,231,297,0.006010329354996046,1.1864190489286015e-05,1.9697794738748137e-05,0.02653133008391538,352
5HT1A-F-300035,212,65,147,1232,65,147,0.0008395648871624261,2.1305302749924495e-06,1.7181978660159413e-05,0.010652731018541781,130
5HT1A-F-400001,403,141,262,2609,141,262,0.0034425793596678292,7.322937237704184e-06,1.5031138152109113e-05,0.02025023868147329,352
5HT1A-F-400002,813,502,311,3423,502,311,0.009984187428306453,4.701636675277605e-05,7.026802069963626e-05,0.04085221848148334,331
5HT1A-F-400003,402,95,307,2788,95,307,0.0011855807225256765,0.0005154176282792918,1.076016575020273e-05,0.020199989950253756,311
5HT1A-F-400004,337,23,314,3253,23,314,0.0010977676801663897,4.7528049662818987e-07,9.592953699637555e-06,0.01693382242098387,313
5HT1A-F-400005,179,53,126,972,53,126,0.0005668579851742363,5.07136996767829e-06,1.3176132197054184e-05,0.008994522888297071,107
5HT1A-F-400006,145,43,102,667,43,102,0.0006048464253655222,7.4194652012725804e-06,1.197411617744524e-05,0.007286066026832822,86
5HT1A-F-400007,128,58,70,716,58,70,0.0002601633411071167,2.527058079040563e-07,2.6884209095501966e-05,0.0064318375961006985,95
5HT1A-F-400008,236,86,150,1246,86,150,0.0012003535462697915,1.5502435598885934e-06,3.597385825098081e-05,0.011858700567810663,174
5HT1A-F-400009,326,241,85,2093,241,85,0.0023440878535551184,1.0727196166963196e-05,6.064964325576192e-05,0.016381086377568965,185
5HT1A-F-400011,452,217,235,3126,217,235,0.005910825884939535,1.575108059772986e-05,2.0800271446443692e-05,0.02271242651123059,352
5HT1A-F-400012,435,149,286,3000,149,286,0.0033806026013148316,2.470555350574561e-06,1.3027188585890525e-05,0.021858198080498468,352
5HT1A-F-400013,289,125,164,1893,125,164,0.0007491759735920198,1.516677814430716e-05,1.4715280529414659e-05,0.014521883322446109,205
5HT1A-F-400014,163,85,78,645,85,78,0.0006185808929824442,3.23965224817737e-05,1.5303141966303773e-05,0.008190543188784483,119
5HT1A-F-400015,180,87,93,716,87,93,0.000917336110175729,1.3160145895679689e-05,1.3681055123614427e-05,0.009044771619516606,123
5HT1A-F-400016,456,186,270,3260,186,270,0.005040487146969307,5.8590961791632454e-06,1.72552820382077e-05,0.02291342143610874,352
5HT1A-F-400017,468,212,256,2812,212,256,0.004885911709216322,1.569470052137591e-05,1.5604304927229962e-05,0.02351640621074318,352
5HT1A-F-400018,468,172,296,3773,172,296,0.004288852584601672,5.913573097804923e-06,1.6258222182387688e-05,0.02351640621074318,352
5HT1A-F-400019,486,187,299,4346,187,299,0.004219324688496148,1.2150344152965397e-05,1.8732796850712872e-05,0.02442088337269484,352
5HT1A-F-400020,443,155,288,3235,155,288,0.004073009104229117,3.5912418470353034e-06,1.4853037368741709e-05,0.02226018793025476,352
5HT1A-F-400021,319,161,158,1397,161,158,0.0030811338509883065,7.685110314422924e-06,7.18252182786932e-05,0.01602934525903221,208
5HT1A-F-400022,441,172,269,3304,172,269,0.004139269594473617,5.13523835457993e-06,1.762049178598869e-05,0.022159690467815688,352
5HT1A-F-400023,502,201,301,4029,201,301,0.005021629002202871,1.6919278235982338e-05,1.9679139179642623e-05,0.025224863072207428,352
5HT1A-F-400024,510,205,305,2699,205,305,0.0041256935515378585,1.5004227017596979e-05,2.667575800095339e-05,0.02562685292196372,308
5HT1A-F-400025,210,137,73,1051,137,73,0.0011695793124781597,2.014682794648911e-05,1.7879159344514826e-05,0.010552233556102708,186
5HT1A-F-400026,104,75,29,475,75,29,0.0018267035221982506,2.7384923558325813e-06,2.2488074086579833e-05,0.005225868046831818,95
5HT1A-F-400027,420,161,259,2740,161,259,0.004356697329715137,1.2144433699549192e-05,1.7960213226341065e-05,0.021104467112205417,352
5HT1A-F-400028,453,170,283,3118,170,283,0.004491736292535039,1.278460476962224e-05,1.805328713344211e-05,0.02276267524245013,352
5HT1A-F-400029,1046,239,807,6818,239,807,0.0039468914192955906,7.666475811165204e-05,5.958043131934611e-05,0.0525601728556354,352
5HT1A-F-400030,400,256,144,2435,256,144,0.003387999295807946,7.967032562050529e-05,4.923357425303789e-05,0.02009949248781468,225
5HT1A-F-400031,437,193,244,2639,193,244,0.005196010704523403,5.486557198931313e-06,1.8740709029012376e-05,0.021958695542937542,352
5HT1A-F-400032,488,195,293,3275,195,293,0.004623331446843982,5.526814002594282e-06,1.7304735542266027e-05,0.024521380835133912,352
5HT1A-F-500000,156,52,104,678,52,104,0.0006299601979738204,1.978548581830975e-05,1.1512820704818225e-05,0.007838802070247727,105
5HT1A-F-500001,452,175,277,3052,175,277,0.004486814799080291,8.660352314978771e-06,1.7637799811289796e-05,0.02271242651123059,352
5HT1A-F-500002,125,84,41,402,84,41,0.001596016892403821,1.8324247953916594e-06,1.5986227879453682e-05,0.006281091402442088,108
5HT1A-F-500003,756,153,603,3175,153,603,0.007630034650800058,9.034379562702139e-06,2.1370416419027892e-05,0.03798804080196975,352
5HT1A-F-500004,355,240,115,1202,240,115,0.0033476857116133065,7.284889523417538e-06,4.9293209744492334e-05,0.01783829958293553,214
5HT1A-F-500005,437,186,251,2420,186,251,0.004474042320527059,3.4143514147222015e-06,1.5705497308248343e-05,0.021958695542937542,352
5HT1A-F-500006,311,170,141,1104,170,141,0.003246002169074957,7.645819417625863e-06,4.3971599147450596e-05,0.015627355409275914,209
5HT1A-F-500007,204,127,77,984,127,77,0.0027258231123045416,5.4118784145911075e-06,4.4174504246436246e-05,0.010250741168785488,179
5HT1A-F-500008,162,52,110,823,52,110,0.0007007889841148082,3.946021010192786e-06,1.3039807341986096e-05,0.008140294457564947,111
5HT1A-F-500009,420,154,266,2515,154,266,0.003919535865379407,4.870634439697487e-06,1.307138696155646e-05,0.021104467112205417,352
5HT1A-F-500010,396,160,236,2304,160,236,0.003869920892939005,6.039511376534449e-06,1.4534471205096831e-05,0.019898497562936535,352
5HT1A-F-500011,470,172,298,3119,172,298,0.003960069570040592,3.3584451353035193e-06,1.5209224644560454e-05,0.02361690367318225,352
5HT1A-F-500012,390,133,257,2318,133,257,0.0034589905608680676,3.478031304752692e-06,1.2183161156470047e-05,0.019597005175619315,352
5HT1A-F-500013,464,182,282,3030,182,282,0.004640752733877297,7.771686149371366e-06,1.536084234992773e-05,0.02331541128586503,352
5HT1A-F-500014,395,114,281,2326,114,281,0.002399315953995717,6.581188602723963e-05,2.0755686372215927e-05,0.019848248831717,291
5HT1A-F-500015,109,58,51,572,58,51,0.00045654763616215406,2.4949626780077205e-06,1.9073261793806575e-05,0.005477111702929501,95
5HT1A-F-500016,309,154,155,1229,154,155,0.0030304338668088685,1.1805450587429437e-05,3.6430849875140005e-05,0.015526857946836843,209
5HT1A-F-600000,428,161,267,2764,161,267,0.004474077103399202,1.2838979920337287e-05,1.5194410135463484e-05,0.021506456961961712,352
5HT1A-F-600001,1042,896,146,6213,896,146,0.023757709947261306,5.174092127083656e-05,8.155687046149645e-05,0.05235917793075725,352
5HT1A-F-600002,459,186,273,2899,186,273,0.005133081448409464,1.9100989284330267e-05,1.7031275481467492e-05,0.02306416762976735,352
5HT1A-F-600003,388,162,226,2352,162,226,0.0040228480866504,4.232390388488709e-06,1.422132856109073e-05,0.019496507713180244,352
5HT1A-F-600004,265,78,187,1867,78,187,0.0017927645795991932,0.0002242316916066478,1.5433607518225464e-05,0.013315913773177228,227
5HT1A-F-600005,193,153,40,1011,153,40,0.0015647840283489357,6.7523807101340985e-06,2.9336986953244532e-05,0.009698005125370585,173
5HT1A-F-600006,261,74,187,1611,74,187,0.0004627352242951597,3.2914430015111475e-06,1.1157780750716584e-05,0.01311491884829908,207
5HT1A-F-700000,296,208,88,1347,208,88,0.0009274874626994177,7.556802056807202e-06,3.612261641964177e-05,0.014873624440982865,181
5HT1A-F-700001,463,183,280,3412,183,280,0.004810221567854986,8.0609459335865e-06,1.792557826593722e-05,0.023265162554645495,352
5HT1A-F-700002,449,198,251,3056,198,251,0.004973646244983209,1.1789012936647801e-05,1.5963593845662334e-05,0.02256168031757198,352
5HT1A-F-700003,111,75,36,368,75,36,0.0011110787480986403,3.71920485650763e-06,1.671625594357476e-05,0.005577609165368575,101
5HT1A-F-700004,528,235,293,2984,235,293,0.005007081888440204,9.845577932415323e-05,4.388249897338067e-05,0.02653133008391538,316
5HT1A-F-700005,86,62,24,301,62,24,0.00032571785211220507,1.36111792460605e-06,1.8063716513301636e-05,0.004321390884880157,81
5HT1A-F-700006,331,100,231,2082,100,231,0.0021266120520152423,0.00014444245368445721,1.785782992380448e-05,0.01663233003366665,257
5HT1A-F-700007,84,52,32,385,52,32,0.00028482025112688543,9.351962257152411e-07,1.697384614485301e-05,0.004220893422441084,76
5HT1A-F-700008,436,204,232,2676,204,232,0.005123225021403582,1.1136286758544681e-05,1.7522687714537098e-05,0.021908446811718003,352
5HT1A-F-700009,262,145,117,1052,145,117,0.00243855765593156,7.334124244647221e-06,4.111247073164301e-05,0.013165167579518617,201
5HT1A-F-700010,238,128,110,1358,128,110,0.0006384239610299383,4.736047863351583e-06,2.0071154200996567e-05,0.011959198030249736,148
5HT1A-F-700011,90,69,21,456,69,21,0.00028887269287750854,1.2475932632489808e-06,3.544940536166045e-05,0.004522385809758303,80
5HT1A-F-700013,67,57,10,246,57,10,0.00023457726807075437,4.2299485459052875e-07,1.4572429368798915e-05,0.0033666649917089594,66
5HT1A-F-700014,106,79,27,574,79,27,0.00029116038596443543,2.3564285848875253e-06,3.0551822312770576e-05,0.005326365509270891,86
5HT1A-F-700015,83,80,3,455,80,3,0.00035981790851524677,2.9191047180573053e-06,2.8244985024502414e-05,0.004170644691221546,77
5HT1A-F-700016,112,91,21,496,91,21,0.000321725566270158,2.236887278392109e-06,3.515772703694019e-05,0.005627857896588111,89
5HT1A-F-700017,435,162,273,2880,162,273,0.004019056499315076,5.414986942249783e-06,1.4662228774635669e-05,0.021858198080498468,352
5HT1A-F-700018,440,172,268,2792,172,268,0.0045460905190747875,1.1335991507353945e-05,1.5352505084955517e-05,0.022109441736596153,352
5HT1A-F-700019,454,180,274,3175,180,274,0.004604080413112885,1.0470224352699953e-05,1.922346673007979e-05,0.022812923973669665,352
5HT1A-F-700020,503,224,279,3296,224,279,0.005481679729262389,1.1489350999008819e-05,1.709528068953756e-05,0.025275111803426963,352
5HT1A-F-700021,463,194,269,3096,194,269,0.004995019650677978,7.804235939141002e-06,1.6502846894375353e-05,0.023265162554645495,352
5HT1A-F-700022,215,154,61,981,154,61,0.0012182391270017098,1.0547528030592464e-05,3.1613900114176896e-05,0.010803477212200392,187
5HT1A-F-700023,449,205,244,3200,205,244,0.005364771691783416,1.3485500626781108e-05,2.0246412920397262e-05,0.02256168031757198,352
5HT1A-F-700024,342,282,60,2229,282,60,0.004099674622972563,3.5495118345212175e-05,6.353996193059453e-05,0.017185066077081555,209
5HT1A-F-800000,225,30,195,1536,30,195,0.00021033597748553294,1.0217273268963497e-06,1.0342404902273026e-05,0.01130596452439576,207
5HT1A-F-800001,443,186,257,3130,186,257,0.00518256813343794,8.97665656564497e-06,1.7434002103215727e-05,0.02226018793025476,352
5HT1A-F-800002,149,100,49,509,100,49,0.0007121533340757013,1.41964727462701e-05,2.0080692179846125e-05,0.007487060951710969,145
5HT1A-F-800003,433,169,264,2544,169,264,0.004603338406546125,7.334788954690235e-06,1.5763698826610923e-05,0.021757700618059393,352
5HT1A-F-800005,472,175,297,3178,175,297,0.0044257574668859585,7.63525854115694e-06,1.687867754817534e-05,0.023717401135621326,352
5HT1A-F-800006,173,143,30,863,143,30,0.0011341473085695636,9.686348510064803e-07,2.38832632401419e-05,0.00869303050097985,166
5HT1A-F-800007,569,295,274,2007,295,274,0.0038960499881791864,2.508469587243998e-05,4.2548895072819925e-05,0.028591528063916388,298
5HT1A-F-800008,316,38,278,1451,38,278,0.00035798857665559556,8.499138027919318e-07,1.0232504077259471e-05,0.0158785990653736,205
5HT1A-F-800009,229,172,57,1268,172,57,0.0025708144941750865,7.012272917957961e-05,4.942362565513857e-05,0.011506959449273905,192
5HT1A-F-800010,436,184,252,3117,184,252,0.004903187288221905,9.771085383735383e-06,1.789822056284464e-05,0.021908446811718003,352
5HT1A-F-800011,116,46,70,542,46,70,0.00042223820071979833,2.349100184376822e-06,1.7545275591753925e-05,0.005828852821466258,90
5HT1A-F-800012,566,257,309,3691,257,309,0.00545419068155495,8.96350697013499e-06,2.0479627150758136e-05,0.028440781870257777,352
5HT1A-F-800013,315,183,132,1320,183,132,0.0032510548591347067,1.7670174913834148e-05,3.457124420699543e-05,0.015828350334154064,259
5HT1A-F-800014,429,253,176,2500,253,176,0.002608893303055582,2.541630557939467e-05,5.121903426345401e-05,0.021556705693181247,235
5HT1A-F-800015,405,270,135,2114,270,135,0.004424612125707151,4.165302293847902e-05,6.68419594618393e-05,0.020350736143912366,271
5HT1A-F-800016,343,229,114,1968,229,114,0.00422755201622575,3.841418679622817e-05,6.125404565824919e-05,0.01723531480830109,268
5HT1A-F-800017,422,143,279,2875,143,279,0.003780267705151424,3.2506964887107598e-06,1.3794538848223056e-05,0.02120496457464449,352
5HT1A-F-800018,520,242,278,3313,242,278,0.00550306167875125,6.700402294961545e-06,1.9677048306945742e-05,0.02612934023415909,352
5HT1A-F-800019,362,70,292,1518,70,292,0.0008211725601129133,3.2027477976972753e-06,1.805470778194684e-05,0.018190040701472288,205
5HT1A-F-800020,206,24,182,1460,24,182,8.255839593234383e-05,1.2417551829236288e-06,9.415195180523794e-06,0.010351238631224561,189
5HT1A-F-800021,75,29,46,410,29,46,0.00010158012807063514,4.4197346083780313e-07,1.1738790438816419e-05,0.003768654841465253,71
5HT1A-F-800022,164,125,39,804,125,39,0.00112359670750088,1.608080021435725e-05,1.7311394733937767e-05,0.00824079192000402,153
5HT1A-F-800023,104,4,100,747,4,100,2.7764654234304486e-06,9.38440875134034e-09,8.812373523481323e-06,0.005225868046831818,86
5HT1A-F-800024,591,434,157,3625,434,157,0.006050111302872095,0.004616609068499702,5.5802784906909107e-05,0.029697000150746194,348
5HT1A-F-800025,163,79,84,821,79,84,0.0009355073494971358,1.0320677140155631e-05,1.9325968805571342e-05,0.008190543188784483,107
5HT1A-F-800026,434,186,248,2474,186,248,0.0033261838644472264,9.226383750417756e-05,3.264463598779745e-05,0.021807949349278932,291
5HT1A-F-800027,422,150,272,2980,150,272,0.003943207810507835,6.023814654482226e-06,1.5229264519040524e-05,0.02120496457464449,352
5HT1A-F-800028,93,9,84,923,9,84,4.958626110915912e-05,4.267179594810659e-08,9.142161246358139e-06,0.0046731320034169134,81
5HT1A-F-800029,161,98,63,1542,98,63,0.00028033211761162486,1.2236638787228961e-06,6.496059903909548e-05,0.00809004572634541,88
5HT1A-F-800030,191,139,52,1062,139,52,0.001289749840441245,1.1062286483151655e-06,2.4003116274056403e-05,0.009597507662931512,179
5HT1A-F-800031,265,171,94,1365,171,94,0.002197350119330302,1.2444340760084758e-05,4.335063113812042e-05,0.013315913773177228,205
5HT1A-F-800033,930,342,588,4970,342,588,0.012326022823012782,0.0002471797399950835,0.00017051501208122612,0.04673132003416914,352
5HT1A-F-900000,687,345,342,3740,345,342,0.005779547819808645,9.442334491774175e-05,0.00012173600519585805,0.03452087834782172,293
5HT1A-F-900001,804,217,587,6292,217,587,0.0034796733755125494,0.00025660449348454203,7.09256267358383e-05,0.04039997990050751,348
5HT1A-F-900002,482,189,293,3750,189,293,0.005117744047737622,6.61426995357167e-06,1.957622595652897e-05,0.024219888447816692,352
5HT1A-F-900003,535,224,311,4037,224,311,0.005490581420475811,1.048302882656838e-05,1.9124725397438455e-05,0.02688307120245214,352
5HT1A-F-900004,471,41,430,3638,41,430,0.0012113016308585053,3.536672741614334e-06,1.0969176540420396e-05,0.02366715240440179,241
5HT1A-F-900005,461,170,291,3761,170,291,0.004321893745339838,1.3425132258391521e-05,1.7839371949862382e-05,0.02316466509220642,352
5HT1A-F-900006,387,107,280,2551,107,280,0.0028784640641354043,1.6897171826027365e-06,1.1108034587917751e-05,0.019446258981960705,352
5HT1A-F-900007,547,205,342,3826,205,342,0.005196145878183866,1.2934361777692446e-05,1.9092240312680396e-05,0.027486055977086577,352
5HT1A-F-900008,714,246,468,5301,246,468,0.0037016389784782725,0.00013361791543980652,5.5525466247882236e-05,0.035877594090749206,348
5HT1A-F-900009,520,115,405,2663,115,405,0.0030158162228615996,1.0313114462682674e-05,1.8314774179565674e-05,0.02612934023415909,312
5HT1A-F-900010,547,313,234,4015,313,234,0.0047266342887736556,7.443316074266944e-05,7.79531770538594e-05,0.027486055977086577,310
5HT1A-F-900011,986,283,703,8559,283,703,0.005143090405445393,0.00013928305781393225,8.610657581247496e-05,0.049545248982463194,352
5-HT1B-F-000000,86,20,66,256,20,66,0.0001104206477898692,2.673369180724701e-06,9.42716337110539e-06,0.004321390884880157,85
5-HT1B-F-000001,88,22,66,182,22,66,0.0002491148170419867,5.393770543174004e-07,8.295390012798837e-06,0.00442188834731923,87
5-HT1B-F-000002,104,23,81,251,23,81,0.0003809130452996629,4.4640233186662684e-07,9.17114194667909e-06,0.005225868046831818,100
5-HT1B-F-000003,61,37,24,151,37,24,0.0003538190153087013,8.384997734164937e-07,9.018057504660062e-06,0.003065172604391739,61
5-HT1B-F-000004,56,44,12,149,44,12,0.00047097724693013896,6.063372786476018e-06,9.605593124922905e-06,0.0028139289482940555,55
5-HT1B-F-000005,255,19,236,958,19,236,0.00010606029798985008,2.9765238720101145e-07,9.50529305448534e-06,0.01281342646098186,159
5-HT1B-F-100000,2312,1467,845,14357,1467,845,0.013093052784927823,0.0001044573133287605,0.0007028538770051878,0.11617506657956887,331
5-HT1B-F-200000,220,39,181,1013,39,181,0.0003596980941730486,6.368677625871315e-06,1.5616326804439105e-05,0.011054720868298076,185
5-HT1B-F-200002,361,335,26,1789,335,26,0.0036946529117501477,0.00029218884781517465,8.878450466666808e-05,0.018139791970252752,231
5-HT1B-F-300001,139,85,54,468,85,54,0.0013659419161251884,1.9674235745255838e-05,1.168771023042151e-05,0.006984573639515602,136
5-HT1B-F-400000,93,56,37,423,56,37,0.00020743241521595687,3.1301139531807273e-07,3.007063626762377e-05,0.0046731320034169134,88
5-HT1B-F-400001,238,120,118,944,120,118,0.002327082358475983,8.99069877045675e-05,1.7803523198556218e-05,0.011959198030249736,187
5-HT1B-F-400003,79,51,28,246,51,28,0.0005209718742350731,1.2480950770893438e-06,1.1710677123610445e-05,0.0039696497663434,78
5-HT1B-F-500000,682,439,243,7905,439,243,0.005997933246286404,0.008710627258412623,8.51060358838048e-05,0.03426963469172403,348
5-HT1B-F-500001,946,626,320,19198,626,320,0.00776291713475917,0.01915723012713704,0.0003593387091801424,0.04753529973368172,348
5-HT1B-F-500002,210,103,107,1213,103,107,0.00220632981960239,4.353461448980245e-06,1.6491045287982063e-05,0.010552233556102708,156
5-HT1B-F-500003,826,558,268,13058,558,268,0.0077858089248819895,0.011750239803249168,0.0002723627604826565,0.04150545198733732,348
5-HT1B-F-500004,780,608,172,12064,608,172,0.008042183344337463,0.011676091605402224,0.0002944200818250267,0.03919401035123863,348
5-HT1B-F-500005,381,33,348,5552,33,348,0.00046949557619807314,6.986146772825282e-05,8.894896248110725e-06,0.019144766594643484,328
5-HT1B-F-500006,403,94,309,5622,94,309,0.0013892704255764497,0.0007246542048800887,1.1942161702400207e-05,0.02025023868147329,345
5-HT1B-F-500007,716,316,400,11684,316,400,0.0045839927105087285,0.0027030750384632505,6.798637966110485e-05,0.035978091553188284,348
5-HT1B-F-500008,380,38,342,5868,38,342,0.00038486216887226033,3.1151183656222616e-05,9.739754202906187e-06,0.01909451786342395,333
5-HT1B-F-500009,609,272,337,6533,272,337,0.003833406134722011,0.001573829709514612,3.439238701067018e-05,0.030601477312697856,348
5-HT1B-F-500010,598,378,220,7135,378,220,0.0055116750032025005,0.013725302071236331,0.0001034563444427491,0.03004874126928295,348
5-HT1B-F-500011,125,75,50,457,75,50,0.0006910271675591543,1.7775079810453808e-06,1.3174651850807557e-05,0.006281091402442088,123
5-HT1B-F-500013,156,105,51,579,105,51,0.00030307824656889933,3.0086315272608216e-07,2.6105628744679376e-05,0.007838802070247727,126
5-HT1B-F-500014,681,496,185,7818,496,185,0.00727403073749881,0.012638401689523581,0.00012944604404717562,0.0342193859605045,348
5-HT1B-F-500015,682,457,225,6552,457,225,0.007029736594024161,0.0050220461255146365,0.0001244329761277594,0.03426963469172403,348
5-HT1B-F-500016,165,100,65,819,100,65,0.00025748611991945557,2.638942377230767e-07,2.4585116926480572e-05,0.008291040651223557,137
5-HT1B-F-500018,436,220,216,4001,220,216,0.003331959703883298,0.0033073033440632507,4.0143449847255954e-05,0.021908446811718003,334
5-HT1B-F-500019,605,232,373,9232,232,373,0.0032243940614435913,0.0012800118301358192,2.280775895697583e-05,0.030400482387819706,348
5-HT1B-F-500020,698,514,184,10745,514,184,0.007056457275058089,0.009629633801125623,0.00022726900162051443,0.03507361439123662,348
5-HT1B-F-500022,300,180,120,1242,180,120,0.0038093623372765302,6.933991645949157e-06,2.0970410062068435e-05,0.015074619365861013,220
5-HT1B-F-600000,980,261,719,5130,261,719,0.006183848787253494,0.00012023177463133451,6.934316113295156e-05,0.049243756595145974,352
Cha-F-000000,79,41,38,297,41,38,0.0001522436740689858,2.5452538591351543e-07,1.3593529055431151e-05,0.0039696497663434,76
Cha-F-000001,43,30,13,154,30,13,0.00010604056977311092,1.096306985737017e-07,1.2827484244573694e-05,0.0021606954424400783,41
Cha-F-000004,320,262,58,1518,262,58,0.0004942843939139525,3.666649806518057e-07,0.00010462939735258725,0.016079593990251745,148
Cha-F-000005,328,278,50,4317,278,50,0.0018984863899676556,4.637135160134604e-05,5.068489747588418e-05,0.01648158384000804,205
Cha-F-000007,328,278,50,4317,278,50,0.0018984863899676556,4.637135160134604e-05,5.068489747588418e-05,0.01648158384000804,205
Cha-F-000009,553,241,312,3978,241,312,0.005463006836850763,0.00029942980707339556,5.2475517558288823e-05,0.027787548364403798,211
Cha-F-000010,773,435,338,4679,435,338,0.008726169658687215,0.00010331624317689594,0.0001366656773895882,0.03884226923270188,346
Cha-F-000011,230,214,16,581,214,16,0.003487993244340822,1.7977140057687928e-05,3.8513288126159645e-05,0.011557208180493442,158
Cha-F-000012,243,179,64,1506,179,64,0.00046098212311308177,6.681915978323669e-07,7.93001614296651e-05,0.01221044168634742,137
Cha-F-000014,420,193,227,3166,193,227,0.008720680838579277,2.6153300245019577e-05,2.999078495173598e-05,0.021104467112205417,352
Cha-F-000015,171,48,123,595,48,123,0.00020382612879133236,2.0667725275466814e-07,2.4944111393534144e-05,0.008592533038540778,139
Cha-F-000017,83,56,27,406,56,27,0.0005925057575232171,1.6250089273151553e-06,1.1999687614513161e-05,0.004170644691221546,77
Cha-F-000018,258,206,52,1258,206,52,0.0005196635778503604,5.470850752923328e-07,0.00010597746440808895,0.01296417265464047,145
Cha-F-000019,713,343,370,5883,343,370,0.0006389956281349311,3.782110836100652e-06,0.00024972933086057236,0.03582734535952967,126
Cha-F-000020,358,192,166,2304,192,166,0.01142726653626577,2.5724819991511608e-05,3.081291006083675e-05,0.017989045776594142,340
Cha-F-000021,271,124,147,1328,124,147,0.0004351710324885698,6.40754382542769e-07,2.451586850112763e-05,0.013617406160494448,168
Cha-F-000022,177,8,169,466,8,169,2.015597954749469e-05,2.260859132723725e-06,7.808863095782982e-06,0.008894025425857996,139
Cha-F-000023,94,85,9,293,85,9,0.002012253675807358,5.666038111598991e-06,1.3822839126031949e-05,0.004723380734636451,92
Cha-F-000025,156,104,52,583,104,52,0.00045130180078033005,4.473949317746638e-06,1.7324377321966964e-05,0.007838802070247727,121
Cha-F-000026,312,86,226,2082,86,226,0.00018464075461084085,1.8237338699274507e-07,4.5595142876827014e-05,0.015677604140495453,136
Cha-F-000027,52,39,13,177,39,13,0.00011271590030680499,1.2003121542003544e-07,1.9583518463652312e-05,0.002612934023415909,52
Cha-F-000028,76,42,34,323,42,34,0.00037022469771007146,2.0835814812120173e-06,1.3652277874296876e-05,0.0038189035726847896,72
Cha-F-000029,51,43,8,206,43,8,0.00024317657391380258,2.6685744396279163e-07,1.6004264092830213e-05,0.002562685292196372,51
Cha-F-000030,18,10,8,50,10,8,1.0942732494661217e-05,3.739868964381745e-09,9.553258692905898e-06,0.0009044771619516607,18
Cha-F-000031,398,196,202,2597,196,202,0.010297014058445634,3.206467440644158e-05,3.115164616367747e-05,0.01999899502537561,350
Cha-F-000032,119,66,53,467,66,53,0.00022384237010506926,2.075327461047231e-07,3.478405388083897e-05,0.005979599015124868,98
Cha-F-000033,120,92,28,406,92,28,0.0011761946270078857,1.523051668742568e-06,1.5033990086229424e-05,0.006029847746344405,98
Cha-F-000034,71,70,1,182,70,1,0.0007087061771039009,6.066238020488859e-06,1.0105651167489472e-05,0.003567659916587106,70
Cha-F-000035,235,212,23,717,212,23,0.0019063389702027717,9.40843505939693e-06,2.5056623803548806e-05,0.011808451836591126,152
Cha-F-000036,48,29,19,150,29,19,0.00011442548401388561,7.13106865689606e-08,9.897509522568831e-06,0.002411939098537762,48
Cha-F-000037,213,23,190,593,23,190,7.37517353216394e-05,1.517355158371328e-07,8.00618363072657e-06,0.010702979749761319,130
Cha-F-000039,171,92,79,643,92,79,0.0005707170340736233,9.675861258291493e-06,1.3097573017319585e-05,0.008592533038540778,129
Cha-F-000040,62,57,5,257,57,5,0.0007701109433654659,2.1711268543978222e-06,1.1181542894895673e-05,0.003115421335611276,62
Cha-F-000042,388,178,210,1754,178,210,0.0018225552700992826,9.459260741525807e-06,2.7235002081122122e-05,0.019496507713180244,206
Cha-F-000043,88,79,9,516,79,9,0.0002081980635168763,1.7965516497719117e-07,4.510440904803788e-05,0.00442188834731923,71
Cha-F-000044,395,98,297,1609,98,297,0.0009454747403732311,1.306187960871842e-06,1.7338583604916762e-05,0.019848248831717,209
Cha-F-000045,717,241,476,3356,241,476,0.002992062547702988,3.706745113244357e-05,6.438303662714794e-05,0.036028340284407816,311
Cha-F-000046,170,3,167,503,3,167,9.07988403104537e-07,1.1110392920225221e-10,7.6172508351736625e-06,0.00854228430732124,122
Cha-F-000047,71,38,33,484,38,33,0.0003199772868884929,7.16528709433275e-07,1.1504379665952675e-05,0.003567659916587106,70
Cha-F-000048,281,69,212,1361,69,212,0.0008786644182951632,3.343897266289835e-06,1.6244641172674994e-05,0.014119893472689814,210
Cha-F-000049,309,199,110,1192,199,110,0.0024346365737446425,0.00033792087433456814,3.40219859345962e-05,0.015526857946836843,226
Cha-F-000050,352,270,82,1557,270,82,0.005223266799383126,3.9893284804585974e-05,0.0001232729642437525,0.01768755338927692,292
Cha-F-000051,72,16,56,213,16,56,4.580929619434387e-05,3.7660551412031436e-08,1.0884840738631682e-05,0.003617908647806643,68
Cha-F-000052,41,14,27,94,14,27,6.960993590111724e-05,3.5598790015624594e-08,8.78310809641626e-06,0.002060197980001005,40
Cha-F-000053,57,21,36,163,21,36,4.04848838708854e-05,5.820988728853538e-08,1.5059493566584175e-05,0.0028641776795135924,56
Cha-F-000055,107,77,30,333,77,30,0.0001606665523041491,1.2307904109815246e-07,2.802247437004058e-05,0.005376614240490428,78
Cha-F-000057,186,165,21,577,165,21,0.002603336038296816,3.4069702547782965e-05,1.9297378452024413e-05,0.009346264006833827,143
Cha-F-000058,84,15,69,478,15,69,8.810792505506619e-05,2.1539034254983272e-07,1.2782787937384732e-05,0.004220893422441084,76
Cha-F-000059,116,8,108,534,8,108,6.68270940252444e-05,8.168708416713335e-08,9.800990946910162e-06,0.005828852821466258,98
Cha-F-000060,52,36,16,138,36,16,0.00015604690416452997,4.600151470639625e-08,1.2182992350307362e-05,0.002612934023415909,51
Cha-F-000061,95,51,44,770,51,44,0.0005857925466838322,2.8461438068753514e-06,1.6043071412547054e-05,0.004773629465855987,83
Cha-F-000062,101,35,66,389,35,66,0.00017352861522744082,3.2672143849087077e-07,1.122953564647684e-05,0.005075121853173208,84
Cha-F-000063,63,45,18,250,45,18,0.00013860017174589947,1.06698335215609e-07,1.630312995419226e-05,0.0031656700668308124,61
Cha-F-000064,114,58,56,549,58,56,0.0008632532657928903,8.78287495391036e-06,1.2975329324323097e-05,0.005728355359027185,95
Cha-F-000065,37,19,18,72,19,18,0.00012012115631577677,2.5306097829994872e-08,1.2026577367816429e-05,0.0018592030551228581,37
Cha-F-000067,50,27,23,145,27,23,0.0001552640527047631,7.367983270371756e-08,1.3722399535212313e-05,0.002512436560976835,48
Cha-F-000068,51,25,26,327,25,26,7.79022471347398e-05,5.301597159248288e-07,2.809457781473677e-05,0.002562685292196372,50
Cha-F-000069,117,23,94,366,23,94,2.2118782533991027e-05,1.2214366300492466e-08,1.4255582736489175e-05,0.005879101552685795,90
Cha-F-000070,406,223,183,2732,223,183,0.012185452999241758,6.873257634267021e-05,3.755902933944971e-05,0.0204009848751319,338
Cha-F-000071,588,155,433,3253,155,433,0.002674256149786096,0.00011473030114739743,4.936075980714688e-05,0.029546253957087584,310
Cha-F-000072,269,167,102,1821,167,102,0.0017992798697030804,1.7079716419319353e-05,6.802921720052599e-05,0.013516908698055373,193
Cha-F-000073,195,182,13,563,182,13,0.002109384060137182,3.985322369827793e-05,3.467688408973866e-05,0.009798502587809657,141
Cha-F-000074,722,320,402,4490,320,402,0.005624306313587712,3.157787582764606e-05,5.155127524166309e-05,0.036279583940505504,241
Cha-F-000075,113,70,43,297,70,43,0.0006908547940352307,3.2660485587358725e-06,1.089173446371488e-05,0.0056781066278076475,113
Cha-F-000076,152,137,15,457,137,15,0.0019526880229871998,4.532054580031514e-06,1.6622532097287876e-05,0.007637807145369579,131
Cha-F-000077,493,311,182,3376,311,182,0.009308937496692945,2.9634593215409674e-05,3.688467062519999e-05,0.024772624491231597,352
Cha-F-000079,102,45,57,627,45,57,0.0003997049930484984,6.389148564358909e-06,1.9510614814884348e-05,0.005125370584392744,98
Cha-F-000080,259,67,192,841,67,192,0.0005916327295301044,1.4627977028643375e-06,2.8251024509782758e-05,0.013014421385860007,205
Cha-F-000082,86,69,17,221,69,17,0.001082535958474344,8.617314635412253e-07,1.189705139525686e-05,0.004321390884880157,86
Cha-F-000085,50,26,24,153,26,24,0.00010304287363285423,3.381363220816623e-08,1.43737395994105e-05,0.002512436560976835,50
Cha-F-000086,323,240,83,1799,240,83,0.002441966242959842,3.64377761392957e-06,3.757736635137183e-05,0.016230340183910355,205
Cha-F-000087,271,120,151,1764,120,151,0.0007197380929570907,2.790430404562201e-06,2.1581833309527642e-05,0.013617406160494448,181
Cha-F-000088,763,535,228,15202,535,228,0.0071365042778582174,0.015206287106445374,0.0002977545340962369,0.03833978192050651,348
Cha-F-000090,79,37,42,406,37,42,0.00019874632463197427,1.5981301547531695e-06,9.42249927788597e-05,0.0039696497663434,47
Cha-F-000092,170,30,140,470,30,140,0.00029998730257279097,7.305921266673941e-07,8.741477576146579e-06,0.00854228430732124,123
Cha-F-000093,410,278,132,3226,278,132,0.0016101172586992921,2.5304201787497787e-05,3.2356931925011966e-05,0.02060197980001005,211
Cha-F-000094,43,31,12,115,31,12,0.00014282097871647396,4.255603987641135e-06,8.606033839160349e-06,0.0021606954424400783,43
Cha-F-000095,92,19,73,493,19,73,0.00013121347194971822,3.222560461644157e-07,2.693185192537787e-05,0.004622883272197377,88
Cha-F-000097,1320,296,1024,8236,296,1024,0.011349664293451066,7.368530038211439e-05,4.057494685823432e-05,0.06632832520978846,352
Cha-F-000098,410,207,203,2252,207,203,0.010249649006768108,3.0038084113016092e-05,3.225420559367998e-05,0.02060197980001005,347
Cha-F-000099,312,197,115,1325,197,115,0.0010143939749404532,3.328343212907339e-06,3.573656591310787e-05,0.015677604140495453,186
Cha-F-000100,112,69,43,520,69,43,0.00024736449642046287,1.3533331418417857e-07,3.744462715585162e-05,0.005627857896588111,85
Cha-F-000101,190,70,120,827,70,120,0.00023622453625572813,2.204462509668823e-07,3.2200297095767126e-05,0.009547258931711974,137
Cha-F-000102,158,144,14,398,144,14,0.0014434395429592378,5.124842758499292e-06,1.4962311320775833e-05,0.0079392995326868,130
Cha-F-000103,524,217,307,3168,217,307,0.008423789254662008,2.47367850657083e-05,2.683651298474834e-05,0.026330335159037235,352
Cha-F-000104,216,44,172,634,44,172,0.0004107331315111975,4.84845876641549e-06,9.25671119415671e-06,0.010853725943419929,143
Cha-F-000105,1432,943,489,9617,943,489,0.028127527514038037,0.0017185280523612585,0.0002275411118780553,0.07195618310637657,352
Cha-F-000106,436,397,39,2032,397,39,0.010926413993340666,1.667118687132102e-05,3.189876950196114e-05,0.021908446811718003,351
Cha-F-000107,199,122,77,935,122,77,0.0009779365200802968,4.711250626704237e-06,1.8190497986629537e-05,0.009999497512687805,156
Cha-F-000108,147,22,125,445,22,125,0.00032438936718968275,7.700623468130966e-07,9.056128759112638e-06,0.007386563489271896,122
Cha-F-000109,343,129,214,1744,129,214,0.0034754955605234665,1.1508400746301809e-05,2.040932368147637e-05,0.01723531480830109,314
Cha-F-000111,163,68,95,407,68,95,0.000378414722638017,8.247794691596899e-07,1.003223431293811e-05,0.008190543188784483,131
Cha-F-000112,51,43,8,178,43,8,0.0008451221791749289,6.93845493996974e-06,1.5583339137913204e-05,0.002562685292196372,50
Cha-F-000113,160,49,111,473,49,111,0.000666326220548974,1.1692250831282435e-05,9.627439679723597e-06,0.008039796995125872,142
Cha-F-000114,166,17,149,483,17,149,4.778135722198566e-05,7.903229083150693e-08,8.071620554523082e-06,0.008341289382443093,124
Cha-F-000116,291,86,205,2093,86,205,0.0001413229518566005,7.380984536481102e-08,4.727319398177266e-05,0.014622380784885182,126
Cha-F-000117,560,141,419,14076,141,419,0.002063713939080911,0.0008556099786212884,1.473481802458968e-05,0.028139289482940557,348
Cha-F-000118,273,133,140,1022,133,140,0.000512662906592807,8.36400521142466e-07,3.812397334297535e-05,0.01371790362293352,148
Cha-F-000119,383,281,102,1343,281,102,0.011231473356203062,6.96682677008202e-05,3.5325416871434275e-05,0.01924526405708256,268
Cha-F-000120,85,74,11,305,74,11,0.0004091612385653597,5.697342425695407e-07,2.467668208513756e-05,0.00427114215366062,78
Cha-F-000121,142,87,55,741,87,55,0.0007012225586539025,8.338377219503017e-07,1.6226169232646258e-05,0.007135319833174212,126
Cha-F-000122,29,18,11,56,18,11,6.176742616494752e-05,1.6168828013373068e-08,8.852202561753542e-06,0.0014572132053665644,27
Cha-F-000123,355,106,249,1542,106,249,0.00294031388140249,8.466467814503131e-05,0.00018380855291640774,0.01783829958293553,236
Cha-F-000124,162,65,97,649,65,97,0.0002515048291235976,2.5395822730336295e-07,2.8140805451483984e-05,0.008140294457564947,134
Cha-F-000125,412,238,174,2418,238,174,0.012738223926131999,7.566718130738688e-05,3.996070822810627e-05,0.020702477262449122,346
Cha-F-000126,108,43,65,350,43,65,0.00022929513574327157,1.1135110995749627e-07,1.1741592181724438e-05,0.005426862971709964,92
Cha-F-000127,493,230,263,1968,230,263,0.0026904572642740873,0.00013646362199151022,4.871934314109828e-05,0.024772624491231597,275
Cha-F-000128,146,91,55,595,91,55,0.0006013979716984856,9.100147757984739e-07,3.649622324046988e-05,0.007336314758052359,111
Cha-F-000129,134,78,56,636,78,56,0.0008304879760621729,2.0255263523912447e-06,1.502918464969285e-05,0.006733329983417919,110
Cha-F-000130,817,270,547,4693,270,547,0.00358159317900096,1.434461595912693e-05,9.754685260698408e-05,0.04105321340636149,303
Cha-F-000131,110,28,82,469,28,82,0.00018098883497955878,3.907516914577503e-05,1.47043292155379e-05,0.005527360434149038,100
Cha-F-000132,83,71,12,331,71,12,0.0002742988991820602,3.458767629950641e-07,2.777611643055671e-05,0.004170644691221546,78
Cha-F-000133,137,53,84,655,53,84,0.00017131921458238543,2.126740153842988e-07,6.790971575336987e-05,0.006884076177076529,100
Cha-F-000134,484,207,277,2970,207,277,0.006652813527397263,2.919020509786424e-05,2.6578482820645883e-05,0.024320385910255767,352
Cha-F-000135,84,51,33,324,51,33,0.00021732828014925363,1.6439845747360908e-07,1.9670935435242114e-05,0.004220893422441084,74
Cha-F-000136,83,49,34,351,49,34,0.00020053554263164036,3.6071734382016804e-07,2.0213792240465865e-05,0.004170644691221546,76
Cha-F-000137,64,53,11,245,53,11,0.00020386288666211848,2.7489342405079135e-07,2.0725353904859783e-05,0.0032159187980503492,62
Cha-F-000138,137,75,62,649,75,62,0.0003859778048940992,4.830028308852268e-07,2.0044579177829773e-05,0.006884076177076529,105
Cha-F-000139,598,196,402,3294,196,402,0.008935356295791428,1.2516238728491828e-05,4.244633127846463e-05,0.03004874126928295,286
Cha-F-000140,475,62,413,2145,62,413,0.0002232062059731185,1.1759461896464071e-07,2.5005332576530394e-05,0.023868147329279936,169
Cha-F-000141,256,167,89,791,167,89,0.004007184563843406,1.9059905948202624e-05,1.756287345582969e-05,0.012863675192201397,172
Cha-F-000142,147,69,78,649,69,78,0.0005196125623184228,8.427023524228322e-06,1.2647236896379286e-05,0.007386563489271896,110
Cha-F-000143,188,76,112,482,76,112,0.0005746160440941818,1.0009455057201692e-06,1.0452743394016708e-05,0.009446761469272901,145
Cha-F-000144,368,254,114,2693,254,114,0.0014593056946873065,1.0635045058392646e-05,5.965474733000663e-05,0.018491533088789508,186
Cha-F-000146,120,96,24,635,96,24,6.748728719665537e-05,5.696841092115808e-08,0.00020407547181899318,0.006029847746344405,65
Cha-F-000147,434,172,262,3140,172,262,0.003767011864972161,1.7496774504040332e-05,2.6419745732056384e-05,0.021807949349278932,352
Cha-F-000148,159,75,84,555,75,84,0.0003327430979698962,1.0672209058928037e-06,1.3985404785398877e-05,0.007989548263906337,133
Cha-F-000149,165,102,63,956,102,63,0.000857934788442555,6.337688321214222e-06,3.0485206118324025e-05,0.008291040651223557,142
Cha-F-000151,103,50,53,298,50,53,0.00024380867886466441,2.18525673137076e-06,1.0283708648920428e-05,0.0051756193156122805,101
Cha-F-000152,99,44,55,415,44,55,0.00043845800033683545,1.7542936359919325e-06,2.0520905564617545e-05,0.004974624390734134,97
Cha-F-000153,147,79,68,818,79,68,0.00031214880767467464,8.73188614751082e-07,1.651228865733396e-05,0.007386563489271896,122
Cha-F-000154,43,15,28,167,15,28,4.8906294653861175e-05,2.962962889269229e-08,1.1411134955840685e-05,0.0021606954424400783,43
Cha-F-000155,463,146,317,3815,146,317,0.003359304156792291,1.7259299219222498e-05,2.5917966239777092e-05,0.023265162554645495,352
Cha-F-000157,157,53,104,538,53,104,0.0002165501757429953,3.64010357871351e-06,9.47740986896647e-06,0.007889050801467262,142
Cha-F-000158,316,50,266,1977,50,266,0.0005732656572718655,5.95857103955568e-06,1.5890159132921713e-05,0.0158785990653736,210
Cha-F-000159,214,174,40,1234,174,40,0.0018405854043874925,1.8347939911700028e-05,2.4446765971600698e-05,0.010753228480980856,197
Cha-F-000160,378,195,183,2513,195,183,0.01213149030844105,4.9198684876148705e-05,3.829516477159845e-05,0.018994020400984874,333
Cha-F-000161,44,43,1,131,43,1,8.870703265959477e-05,1.1314259174024531e-07,1.8246142032071547e-05,0.002210944173659615,44
Cha-F-000162,435,222,213,3212,222,213,0.011514847867272514,0.00013456928413607927,3.533052662278687e-05,0.021858198080498468,352
Cha-F-000164,42,22,20,177,22,20,4.059787877217677e-05,6.411300530363163e-08,1.2184791030350023e-05,0.002110446711220542,42
Cha-F-000166,46,20,26,189,20,26,0.00010832112830999239,5.7225258817947875e-08,1.0356499169464004e-05,0.0023114416360986885,45
Cha-F-000167,157,94,63,725,94,63,0.0007430986457014136,1.4123370128182118e-06,2.643419608752321e-05,0.007889050801467262,122
Cha-F-000169,91,81,10,402,81,10,0.00027211336576328174,7.911488030678375e-07,2.777421415052688e-05,0.0045726345409778405,86
Cha-F-000170,83,79,4,369,79,4,0.00022155554495739758,2.2704816655640745e-07,3.927374409444514e-05,0.004170644691221546,66
Cha-F-000171,112,85,27,705,85,27,0.0003704247173667244,2.671862409333163e-06,4.840868250624353e-05,0.005627857896588111,87
Cha-F-000172,213,8,205,630,8,205,4.4001731166609986e-05,5.381891697501206e-08,7.822591820306948e-06,0.010702979749761319,131
Cha-F-000173,84,78,6,190,78,6,0.0002605975222915843,9.499292378894153e-08,2.4287938483825564e-05,0.004220893422441084,78
Cha-F-000174,175,61,114,813,61,114,0.0004257632712669276,1.0049340035758572e-05,1.1866865915007701e-05,0.008793527963418923,160
Cha-F-000176,26,20,6,76,20,6,9.56527790696384e-05,4.985628006528968e-08,1.2919499983447842e-05,0.0013064670117079544,26
Cha-F-000177,29,12,17,95,12,17,7.06272388293103e-05,7.208279977286261e-08,1.0800763460188669e-05,0.0014572132053665644,28
Cha-F-000182,265,12,253,920,12,253,7.632862936605502e-05,8.838677552373464e-09,7.837350003047386e-06,0.013315913773177228,143
Cha-F-000183,870,380,490,13144,380,490,0.007294966443385792,0.00027368290634926796,8.404382579299503e-05,0.043716396160996936,348
Cha-F-000184,774,396,378,3922,396,378,0.004745406456660863,1.2199643033208505e-05,7.353422956776347e-05,0.03889251796392141,287
Cha-F-000185,23,21,2,71,21,2,9.001636198307475e-05,2.0030904286441934e-08,1.332693218817922e-05,0.0011557208180493442,21
Cha-F-000186,543,465,78,4860,465,78,0.007376701785507806,7.581532006483225e-05,0.00023492855799208773,0.02728506105220843,297
Cha-F-000187,119,78,41,339,78,41,0.0011068250894002217,9.380104669902825e-06,1.0767937613316996e-05,0.005979599015124868,118
Cha-F-000188,106,65,41,696,65,41,0.00026821194186115463,3.1967870284818096e-07,2.8299115322106588e-05,0.005326365509270891,92
Cha-F-000190,671,239,432,3445,239,432,0.0032969602766346902,4.408908867947034e-05,2.1888427559634674e-05,0.03371689864830913,352
Cha-F-000191,92,31,61,299,31,61,0.0005111519621087251,5.372065815368977e-06,9.574676424444187e-06,0.004622883272197377,73
Cha-F-000192,708,27,681,3609,27,681,0.00035636341680039043,8.198976429363185e-07,1.2007631955640272e-05,0.035576101703431985,296
Cha-F-000193,107,19,88,506,19,88,0.00014934796853070548,6.301872171161819e-07,8.034683663298375e-06,0.005376614240490428,106
Cha-F-000194,8,7,1,22,7,1,9.753543266528729e-06,1.7790240046945636e-09,1.3613675378930499e-05,0.00040198984975629365,7
Cha-F-000195,503,149,354,4252,149,354,0.002669428375120022,1.396659202738601e-05,2.333457658026998e-05,0.025275111803426963,352
Cha-F-000196,91,19,72,859,19,72,2.4903839534517038e-05,9.759110305290102e-09,1.4538355689508871e-05,0.0045726345409778405,74
Cha-F-000197,51,32,19,165,32,19,0.00014100290690304665,6.404093468420862e-08,1.441339617159077e-05,0.002562685292196372,48
Cha-F-000198,356,310,46,1493,310,46,0.0006270851413065999,5.466122410316043e-07,9.1696897447803e-05,0.017888548314155067,148
Cha-F-000199,52,16,36,185,16,36,6.326890340005895e-05,3.076494152015015e-08,8.941763050766974e-06,0.002612934023415909,50
Cha-F-000200,205,181,24,575,181,24,0.0036630841695687254,1.275406047734305e-05,2.331037965844277e-05,0.010300989900005025,161
Cha-F-000201,71,15,56,444,15,56,5.811815434053182e-05,6.686653354730392e-08,1.061121569537087e-05,0.003567659916587106,64
Cha-F-000202,209,109,100,933,109,100,0.0004395855468860752,1.55047584866805e-06,1.8154743381272452e-05,0.010501984824883171,145
Cha-F-000203,520,237,283,3452,237,283,0.007131111005049932,5.806171684530473e-05,2.7081611922074583e-05,0.02612934023415909,352
Cha-F-000204,84,44,40,353,44,40,0.00022359745813323203,2.4705333188587295e-07,1.4017691740630696e-05,0.004220893422441084,79
Cha-F-000205,283,189,94,1874,189,94,0.0041476277070429945,1.776058723424564e-05,4.609252996937751e-05,0.014220390935128889,229
Cha-F-000206,94,37,57,342,37,57,0.0004059334457951188,1.8394769602337844e-07,1.3104477783213279e-05,0.004723380734636451,94
Cha-F-000207,159,62,97,949,62,97,0.0006552725309905068,4.8456197998944726e-05,3.548212502541535e-05,0.007989548263906337,146
Cha-F-000208,242,54,188,2081,54,188,0.00048465003386396707,5.830295511655061e-06,3.2348120924305545e-05,0.012160192955127883,196
Cha-F-000209,114,103,11,520,103,11,0.0004139515989642388,4.834328752510755e-07,4.8543253157728897e-05,0.005728355359027185,85
Cha-F-000210,342,299,43,3243,299,43,0.0041843912177315515,0.0028281636148300583,7.896253366058954e-05,0.017185066077081555,266
Cha-F-000211,595,258,337,3724,258,337,0.004035916525218091,2.561839154501118e-05,2.6357458478165614e-05,0.02989799507562434,352
Cha-F-000212,216,114,102,1189,114,102,0.0004315173519156453,6.856220717077602e-07,3.416921596660516e-05,0.010853725943419929,120
Cha-F-000213,79,26,53,352,26,53,0.0001556802002452066,2.876488773697445e-07,9.54590686130785e-06,0.0039696497663434,76
Cha-F-000214,70,26,44,597,26,44,0.0003645866737195624,1.657691343606732e-07,1.046342332944188e-05,0.0035174111853675696,66
Cha-F-000215,38,37,1,98,37,1,0.00016078844929747326,3.792110374346687e-08,1.4788959532851728e-05,0.0019094517863423948,38
Cha-F-000216,520,62,458,2161,62,458,0.0008152986171400432,5.932424079633082e-06,1.7531973900283957e-05,0.02612934023415909,189
Cha-F-000217,158,139,19,433,139,19,0.0028239522871409597,3.626072282880287e-06,1.5558519210143242e-05,0.0079392995326868,131
Cha-F-000218,240,107,133,1195,107,133,0.0003578745584957098,5.983156783468989e-07,4.240535221732189e-05,0.01205969549268881,148
Cha-F-000220,200,151,49,1225,151,49,0.0003349886439065106,4.813285302895218e-07,8.106709698482802e-05,0.01004974624390734,138
Cha-F-000221,308,15,293,2275,15,293,0.00010007728913871689,2.7751545907683414e-06,7.792501803856152e-06,0.015476609215617306,205
Cha-F-000222,53,26,27,190,26,27,8.245297759533547e-05,3.9621763041824544e-08,1.2546156958572317e-05,0.0026631827546354453,51
Cha-F-000223,106,93,13,299,93,13,0.000258272040506827,1.7129790405313218e-07,3.9193798420429024e-05,0.005326365509270891,80
Cha-F-000224,200,69,131,1658,69,131,0.00016975549769711811,7.790400873699825e-07,4.85017950362638e-05,0.01004974624390734,109
Cha-F-000225,40,32,8,180,32,8,0.00014541704702397944,1.3982234836637927e-07,1.2587395043583664e-05,0.002009949248781468,40
Cha-F-000226,155,39,116,1115,39,116,0.000224778495691802,2.0609944478685623e-07,1.1887379204210973e-05,0.007788553339028189,106
Cha-F-000227,55,51,4,153,51,4,0.0002431271392579795,1.9409848553118845e-07,1.663653702651902e-05,0.002763680217074519,52
Cha-F-000228,84,45,39,290,45,39,0.0006239390262013249,1.7881265851216996e-06,1.0608543723178978e-05,0.004220893422441084,83
Cha-F-000229,80,57,23,412,57,23,0.0003551208207542524,6.336155613939784e-07,2.0574855616030534e-05,0.004019898497562936,74
Cha-F-000230,123,70,53,495,70,53,0.0005495060711880402,1.7129272423768923e-06,1.755898126916722e-05,0.0061805939400030145,106
Cha-F-000231,114,67,47,777,67,47,0.000615136411758888,2.1178137607629114e-06,1.4977440620044664e-05,0.005728355359027185,101
Cha-F-000232,84,71,13,264,71,13,0.00021087919590264762,1.446641064337215e-07,2.3500397372901923e-05,0.004220893422441084,74
Cha-F-000233,231,160,71,1274,160,71,0.0017078397970809647,1.455469420348669e-05,2.220257693191758e-05,0.01160745691171298,205
Cha-F-000234,116,38,78,656,38,78,0.0003166433079409556,6.050099351068575e-07,1.4134965738785122e-05,0.005828852821466258,83
Cha-F-000235,689,176,513,4710,176,513,0.00467544562269028,5.0079474352468705e-06,3.201526034560876e-05,0.03462137581026079,281
Cha-F-000236,302,115,187,1726,115,187,0.0011854587852447454,1.118983961687886e-05,2.5482127558640297e-05,0.015175116828300085,213
Cha-F-000237,164,84,80,870,84,80,0.0009945696415687298,1.612068015376227e-06,3.0259350643222045e-05,0.00824079192000402,120
Cha-F-000238,51,34,17,190,34,17,0.00012739141678543356,3.93552801372313e-08,1.5094765351610889e-05,0.002562685292196372,50
Cha-F-000239,427,123,304,5020,123,304,0.0011667266301223157,1.7084526197218347e-05,2.3198538953741225e-05,0.021456208230742173,280
Cha-F-000240,91,55,36,282,55,36,0.0005689173084339533,1.0637496961171859e-06,9.24858946596789e-06,0.0045726345409778405,91
Cha-F-000241,330,122,208,3245,122,208,0.001119348697641763,3.640066686239478e-05,5.2824523560325005e-05,0.016582081302447114,224
Cha-F-000242,326,36,290,2332,36,290,0.00027390256770293855,5.591824142012725e-06,9.13980980177412e-06,0.016381086377568965,205
Cha-F-000244,135,126,9,733,126,9,0.0003956331997208193,4.456654041176618e-07,6.39926267780393e-05,0.006783578714637455,101
Cha-F-000246,66,21,45,401,21,45,9.662679819731177e-05,9.428599946389726e-08,9.837457479281746e-06,0.0033164162604894225,62
Cha-F-000247,275,228,47,812,228,47,0.005247885144004706,2.0554975052584267e-05,2.8624958783935924e-05,0.013818401085372594,167
Cha-F-000248,107,48,59,620,48,59,0.0004632703272172958,1.5114665722502192e-06,1.2209572261081957e-05,0.005376614240490428,95
Cha-F-000249,234,190,44,1135,190,44,0.00045281820032819854,1.2528331589603917e-06,9.326813740471039e-05,0.01175820310537159,145
Cha-F-000250,610,353,257,4988,353,257,0.0056812637741334715,6.430291331952227e-05,0.00011424274319400943,0.03065172604391739,294
Cha-F-000251,564,113,451,3309,113,451,0.0006836131310258866,4.27358530528249e-06,2.3865369461830534e-05,0.028340284407818703,202
Cha-F-000252,1370,260,1110,11944,260,1110,0.003628543606742502,8.587411627810177e-05,0.00011685782379705603,0.06884076177076529,352
Cha-F-000253,539,275,264,3537,275,264,0.004223974135824662,3.7620650188089385e-05,6.531332077786918e-05,0.027084066127330286,296
Cha-F-000254,431,131,300,2881,131,300,0.002701507599345212,1.3370495428590233e-05,2.2425962558597298e-05,0.021657203155620322,352
Cha-F-000255,77,29,48,506,29,48,0.00028131747454239394,1.9819232042907171e-07,1.1901643866037379e-05,0.0038691523039043265,67
Cha-F-000257,89,81,8,367,81,8,0.0002775822043831676,2.2224551792839429e-07,3.6589092791815604e-05,0.004472137078538767,76
Cha-F-000258,448,90,358,3905,90,358,0.0008170256795451083,4.860691043101575e-06,1.879974211358093e-05,0.022511431586352444,205
Cha-F-000259,119,78,41,474,78,41,6.796384891741922e-05,4.7231727510458474e-08,5.152412101109163e-05,0.005979599015124868,71
Cha-F-000260,30,5,25,168,5,25,4.9278381755916895e-05,6.752404044556783e-08,1.0666994150618206e-05,0.0015074619365861013,30
Cha-F-000261,104,50,54,480,50,54,0.00015311855308921063,3.4322288463523416e-07,1.951270450161551e-05,0.005225868046831818,89
Cha-F-000262,71,19,52,218,19,52,5.191498367107625e-05,1.8570655318111985e-08,9.32613635241397e-06,0.003567659916587106,68
Cha-F-000263,588,423,165,5086,423,165,0.006073628557051738,0.00013842993555695198,0.00010651710403943593,0.029546253957087584,308
Cha-F-000266,70,24,46,268,24,46,0.00017625546364947992,1.5373852345584832e-07,1.1074541044378544e-05,0.0035174111853675696,67
Cha-F-000267,47,10,37,235,10,37,7.095504183515254e-05,1.0861100533019145e-07,1.0257414260278672e-05,0.0023616903673182254,46
Cha-F-000268,180,92,88,789,92,88,0.00023894626721166694,2.1221765643745027e-07,5.823286038150963e-05,0.009044771619516606,94
Cha-F-000269,221,106,115,1407,106,115,0.0002455177532162026,2.7505337110683e-07,5.5780639108743634e-05,0.011104969599517612,121
Cha-F-000270,406,196,210,2100,196,210,0.0033091702310788763,8.548824086709242e-06,4.948340042210367e-05,0.0204009848751319,222
Cha-F-000271,569,211,358,3294,211,358,0.0035179107643610384,6.603398576754612e-06,2.4186290052190557e-05,0.028591528063916388,329
Cha-F-000272,75,54,21,329,54,21,0.00038403477864408926,5.541189555097287e-07,2.7395195656795193e-05,0.003768654841465253,70
Cha-F-000273,91,47,44,501,47,44,0.0001812198144741032,2.58479844727535e-07,1.7125611888280908e-05,0.0045726345409778405,84
Cha-F-000274,45,11,34,427,11,34,5.2165004367607024e-05,3.6702699744379576e-08,1.6771222953738912e-05,0.0022611929048791516,43
Cha-F-000276,219,108,111,907,108,111,0.001453565052728158,6.188133120706603e-06,3.3726439497474e-05,0.011004472137078539,180
Cha-F-000277,1276,607,669,8674,607,669,0.014534833608757014,0.0006703304710638271,0.0001231531628320766,0.06411738103612884,331
Cha-F-000278,487,92,395,5988,92,395,0.0009514069915730141,5.505032387425293e-06,1.9465696050602068e-05,0.024471132103914377,211
Cha-F-000280,41,15,26,170,15,26,0.00015312608520388335,1.1034693794590546e-07,8.084042890659366e-06,0.002060197980001005,41
Cha-F-000281,123,85,38,463,85,38,0.0001064697298894199,2.6845472327017115e-08,2.32451218000473e-05,0.0061805939400030145,109
Cha-F-000282,78,20,58,599,20,58,5.575896274330984e-05,6.529690896814105e-08,1.1390947225946816e-05,0.003919401035123863,67
Cha-F-000283,99,23,76,595,23,76,0.00022693226905577213,3.46351450066519e-06,8.914036135333745e-06,0.004974624390734134,82
Cha-F-000284,283,267,16,1197,267,16,0.0004297982499907911,1.5207821074398944e-07,7.751309187147974e-05,0.014220390935128889,150
Cha-F-000285,131,42,89,995,42,89,4.2726879011088124e-05,2.860048500147507e-08,3.517496096874888e-05,0.006582583789759309,92
Cha-F-000286,356,208,148,2381,208,148,0.0030729372226436357,4.1411705258855805e-05,3.50623239194038e-05,0.017888548314155067,231
Cha-F-000287,429,172,257,3132,172,257,0.002638891744128777,3.656369102740092e-05,2.367814272622146e-05,0.021556705693181247,214
Cha-F-000288,40,28,12,125,28,12,7.669311069528075e-05,5.750869199740503e-06,8.445533968375297e-06,0.002009949248781468,40
Cha-F-000289,38,14,24,111,14,24,7.84312413090949e-05,1.254650740741269e-08,8.571962951858151e-06,0.0019094517863423948,38
Cha-F-000290,250,94,156,1234,94,156,0.0003373854529769935,4.821352355400239e-07,5.0047238817774554e-05,0.012562182804884177,148
Cha-F-000291,101,40,61,405,40,61,0.00019963180087981903,2.3511900609887572e-07,1.4560440768487961e-05,0.005075121853173208,80
Cha-F-000293,633,410,223,4529,410,223,0.012920238777861515,6.847404981319463e-05,4.5925376346056984e-05,0.03180744686196674,352
Cha-F-000294,86,48,38,293,48,38,0.00014039659877800395,1.3295083831377203e-07,1.4308206008303765e-05,0.004321390884880157,80
Cha-F-000296,290,136,154,2856,136,154,0.0005803391461833818,2.7259212616547293e-06,8.803333233394472e-05,0.014572132053665645,127
Cha-F-000297,189,99,90,742,99,90,0.0013310560041745647,9.147919814562716e-06,1.803643507840447e-05,0.009497010200492437,149
Cha-F-000298,609,379,230,5914,379,230,0.0063504536748204155,3.974082906812355e-05,9.803159811392008e-05,0.030601477312697856,295
Cha-F-000299,130,58,72,542,58,72,0.0004458562300400766,8.347541076628623e-06,1.1192850032951576e-05,0.006532335058539772,103
Cha-F-000300,524,208,316,2805,208,316,0.0027004026648558633,2.1012539337788986e-05,4.441902602028315e-05,0.026330335159037235,236
Cha-F-000301,785,177,608,4268,177,608,0.008090517096884669,7.546473124929523e-05,2.7654086893328256e-05,0.03944525400733632,352
Cha-F-000302,144,81,63,490,81,63,0.0023245249339669998,1.6582948916992168e-05,1.6692141521053674e-05,0.007235817295613286,136
Cha-F-000303,573,192,381,4216,192,381,0.002565277653820294,1.777266016430093e-05,3.12077916961287e-05,0.028792522988794533,231
Cha-F-000304,238,46,192,1809,46,192,0.0001319965312683544,3.7463845455084355e-07,2.8009521002914174e-05,0.011959198030249736,123
Cha-F-000305,765,221,544,3311,221,544,0.0026703243018137233,2.548695270519016e-05,2.704667602233623e-05,0.03844027938294558,248
Cha-F-000306,167,91,76,1177,91,76,0.0005380158522547026,7.168567550855431e-07,4.861272782344664e-05,0.00839153811366263,105
Cha-F-000307,80,30,50,343,30,50,9.31187447232012e-05,8.98920207607655e-08,1.1677863242677566e-05,0.004019898497562936,72
Cha-F-000308,143,34,109,627,34,109,0.0026313321254019077,1.7596100997698616e-06,1.1486555734167574e-05,0.0071855685643937494,126
Cha-F-000309,57,26,31,161,26,31,9.300727644027197e-05,1.0414353714214361e-07,1.1840233485141101e-05,0.0028641776795135924,57
Cha-F-000311,168,159,9,696,159,9,0.004272855989137723,0.00010452358864799492,2.5042285322424556e-05,0.008441786844882167,147
Cha-F-000312,147,87,60,533,87,60,0.0008793539774111399,7.847980757018888e-06,1.524132666983894e-05,0.007386563489271896,131
Cha-F-000313,1197,469,728,8720,469,728,0.005626405357591644,0.00015589999906323975,0.0001355796189828738,0.06014773126978544,262
Cha-F-000315,96,21,75,545,21,75,0.00011766909804278903,6.76865981750658e-07,1.411625113532809e-05,0.004823878197075524,82
Cha-F-000316,146,75,71,795,75,71,0.00035123622029038304,2.4153625238935968e-06,1.428839496032337e-05,0.007336314758052359,110
Cha-F-000317,472,85,387,3587,85,387,0.00156511886525855,1.5300330216618653e-05,2.1429484073105447e-05,0.023717401135621326,205
Cha-F-000318,530,302,228,2414,302,228,0.004227148563694336,2.63597474060644e-05,5.635945504343502e-05,0.026631827546354455,277
Cha-F-000319,336,206,130,1815,206,130,0.0006226820233212602,1.7612574422987267e-06,7.759246726916692e-05,0.016883573689764335,135
Cha-F-000320,46,29,17,129,29,17,7.684945604899747e-05,3.414777278707196e-08,1.0599811257446726e-05,0.0023114416360986885,42
Cha-F-000322,489,367,122,3092,367,122,0.0063321214586253855,0.00016202367306132322,0.00010277419512151186,0.024571629566353448,232
Cha-F-000323,276,259,17,1035,259,17,0.0025219511972957584,1.0355907855290456e-05,4.920598684487632e-05,0.013868649816592131,144
Cha-F-000324,442,262,180,2841,262,180,0.002265432026196413,8.26752417041337e-06,4.750993498310873e-05,0.022209939199035224,205
Cha-F-000325,723,237,486,5427,237,486,0.00417794766569484,5.305505881307287e-05,4.871464360627487e-05,0.036329832671725036,325
Cha-F-000326,325,107,218,1631,107,218,0.0005079129347106493,1.3563083175340848e-06,1.8265195499279118e-05,0.01633083764634943,186
Cha-F-000327,139,7,132,686,7,132,0.0005951743463985506,1.3098955834319943e-07,7.743355543973872e-06,0.006984573639515602,122
Cha-F-000329,352,89,263,1903,89,263,0.0007905047167851036,4.120563570508691e-06,1.259042755130374e-05,0.01768755338927692,205
Cha-F-000330,63,40,23,196,40,23,0.00012216633354052766,1.3841086324878508e-07,1.6935790437402943e-05,0.0031656700668308124,61
Cha-F-000331,40,35,5,94,35,5,0.0002320305234451406,8.148095727889374e-08,1.3076197066814681e-05,0.002009949248781468,39
Cha-F-000332,88,56,32,249,56,32,0.0009161314059847713,2.0346007992304853e-06,1.2410825853550945e-05,0.00442188834731923,86
Cha-F-000333,127,83,44,736,83,44,0.0002778881051700391,3.114402485088015e-07,4.239246839483003e-05,0.006381588864881162,110
Cha-F-000334,87,64,23,451,64,23,0.0002668548270616769,7.531603844030375e-07,2.5275199150841767e-05,0.004371639616099694,81
Cha-F-000335,274,236,38,1104,236,38,0.0004547139445177948,2.138485316882675e-07,6.332588074775345e-05,0.013768152354153058,148
Cha-F-000336,155,35,120,685,35,120,0.0001482740259693385,9.101944197408772e-08,1.2296268416694779e-05,0.007788553339028189,103
Cha-F-000337,225,61,164,842,61,164,0.004091386531632786,2.6428252135886935e-05,1.1934139502230647e-05,0.01130596452439576,207
Cha-F-000339,79,67,12,402,67,12,0.00021933552243853734,1.927480755221231e-07,2.3349827375938127e-05,0.0039696497663434,72
Cha-F-000340,989,248,741,8021,248,741,0.003402248798563514,3.205614071776918e-05,2.4913286106863387e-05,0.049695995176121804,352
Cha-F-000341,28,9,19,92,9,19,9.866517313781332e-06,1.0630588527056018e-09,3.342942357374253e-05,0.0014069644741470278,25
Cha-F-000342,256,121,135,814,121,135,0.00019462835545877013,5.311005010585393e-08,2.8223026662459493e-05,0.012863675192201397,150
Cha-F-000343,29,23,6,77,23,6,0.0001011854015612116,3.1001275613128934e-08,1.2148837469577686e-05,0.0014572132053665644,29
Cha-F-000344,131,86,45,656,86,45,0.00035784030046895197,4.871530215383097e-07,3.561253180318848e-05,0.006582583789759309,96
Cha-F-000345,64,34,30,349,34,30,0.000133544872491565,1.4697483013369118e-07,1.5121930231586623e-05,0.0032159187980503492,60
Cha-F-000346,54,8,46,184,8,46,2.418293303670301e-06,2.464738719238412e-09,9.4013177987789e-06,0.002713431485854982,52
Cha-F-000347,348,29,319,1588,29,319,0.00021099561634318475,4.412688113104306e-07,9.047750553106018e-06,0.017486558464398776,211
Cha-F-000348,63,39,24,212,39,24,9.51022941478535e-05,9.768229873743094e-08,1.4030401212171936e-05,0.0031656700668308124,63
Cha-F-000349,142,28,114,932,28,114,7.132342533615907e-05,6.89573758197174e-08,1.1230439512228896e-05,0.007135319833174212,92
Cha-F-000351,370,279,91,1601,279,91,0.011089922360472303,6.215810549188753e-05,3.4388295623946916e-05,0.018592030551228583,240
Cha-F-000352,39,11,28,132,11,28,3.082198791113002e-05,1.678090480738122e-08,9.108380905479775e-06,0.0019597005175619317,38
Cha-F-000353,539,369,170,3531,369,170,0.00409300657892579,0.0021314914647658054,3.819150232865659e-05,0.027084066127330286,318
Cha-F-000354,626,416,210,3081,416,210,0.008610225874228394,4.0000470567031274e-05,3.598991699883998e-05,0.03145570574342998,352
Cha-F-000355,92,70,22,504,70,22,0.00020270902962775573,4.5713566659808724e-07,2.6420278587297312e-05,0.004622883272197377,74
Cha-F-000356,589,245,344,3830,245,344,0.0052182193962222135,2.074364640104403e-05,2.4452628153751906e-05,0.02959650268830712,352
Cha-F-000357,274,102,172,1470,102,172,0.00038398245523134806,5.352577842989369e-07,4.216636505265632e-05,0.013768152354153058,148
Cha-F-000358,113,74,39,575,74,39,0.0002295269662071144,1.6161701956503599e-07,2.3734314681111244e-05,0.0056781066278076475,94
Cha-F-000359,22,10,12,135,10,12,1.8080248778810133e-05,1.0653597879256646e-06,1.725335155929928e-05,0.0011054720868298076,22
Cha-F-000360,626,273,353,4213,273,353,0.0027528002383356474,1.0962916726992278e-05,3.5857910587152765e-05,0.03145570574342998,224
Cha-F-000361,153,108,45,611,108,45,0.00047452670290541623,7.208874715143636e-06,1.7158675017336485e-05,0.0076880558765891165,124
Cha-F-000363,864,678,186,4919,678,186,0.024059999509785428,3.067345968210517e-05,6.505937522340386e-05,0.043414903773679715,352
Cha-F-000365,238,63,175,1078,63,175,0.0002768425632445631,4.0987113516813847e-07,2.7617601869172238e-05,0.011959198030249736,150
Cha-F-000366,152,59,93,992,59,93,0.00018928652110745384,4.3411851118172104e-07,2.438226927135617e-05,0.007637807145369579,110
Cha-F-000367,137,42,95,611,42,95,0.00014514715839532503,2.5422453260940806e-07,1.6887623069303392e-05,0.006884076177076529,110
Cha-F-000368,226,85,141,1107,85,141,0.00030911085508108024,4.039339861356601e-07,4.0536690943277615e-05,0.011356213255615295,148
Cha-F-000369,69,33,36,254,33,36,0.0001252034159879462,9.009356315940571e-08,1.3831127005335946e-05,0.0034671624541480327,68
Cha-F-000370,93,26,67,385,26,67,0.00015521465984676445,2.562728675511505e-07,1.6625882347162698e-05,0.0046731320034169134,80
Cha-F-000371,198,76,122,1369,76,122,0.00046778839867891254,6.725738404218742e-07,2.219666342956487e-05,0.009949248781468268,128
Cha-F-000372,28,15,13,69,15,13,9.029917898887663e-05,4.035529772731459e-08,9.03617720825075e-06,0.0014069644741470278,28
Cha-F-000373,26,24,2,89,24,2,9.032995202073173e-05,1.9165801558351453e-08,1.0931033443743191e-05,0.0013064670117079544,26
Cha-F-000374,30,17,13,98,17,13,3.781870469566494e-05,3.736969886426969e-08,9.613212226433875e-06,0.0015074619365861013,30
Cha-F-000375,295,153,142,1175,153,142,0.0030407456666065244,4.825907289474421e-05,2.4073643753761945e-05,0.014823375709763328,205
Cha-F-000376,803,139,664,7560,139,664,0.003017647591007942,2.1361870390195015e-05,2.1490182150942214e-05,0.04034973116928797,352
Cha-F-000377,38,3,35,307,3,35,0.00021364800682447156,1.657015376554913e-08,7.830914588469833e-06,0.0019094517863423948,37
Cha-F-000378,138,134,4,689,134,4,0.00042091122879094864,8.018916368054481e-07,6.554388911768579e-05,0.0069343249082960655,94
Cha-F-000379,126,105,21,681,105,21,0.00042101748834156655,5.940637900099208e-07,6.700022716038583e-05,0.006331340133661625,85
Cha-F-000380,175,69,106,1115,69,106,0.0005214209191861146,1.121688237731398e-06,1.9921035201342768e-05,0.008793527963418923,113
Cha-F-000381,432,176,256,2481,176,256,0.0037020531302420444,4.4371334440973416e-05,2.500829650756737e-05,0.021707451886839858,348
Cha-F-000382,58,34,24,181,34,24,0.00014933572957092058,3.778035400002401e-08,1.5493553838452122e-05,0.002914426410733129,53
Cha-F-000383,56,28,28,195,28,28,0.00013025281495155397,4.2981679890294296e-08,1.1661738629132906e-05,0.0028139289482940555,54
Cha-F-000384,103,27,76,583,27,76,5.3009450456978196e-05,5.0653929698518636e-08,1.4566452568247854e-05,0.0051756193156122805,80
Cha-F-000385,376,168,208,2560,168,208,0.009118251873033511,2.2776997347564395e-05,3.0318437549727228e-05,0.018893522938545803,332
Cha-F-000387,539,224,315,3350,224,315,0.0026955032719824133,9.30186484388374e-06,6.029862856640714e-05,0.027084066127330286,234
Cha-F-000388,260,46,214,1019,46,214,0.0025067915717050856,5.693565968357277e-06,9.677581428208016e-06,0.013064670117079544,234
Cha-F-000389,200,15,185,702,15,185,8.114825137863946e-05,4.092508615071857e-08,1.720848080468765e-05,0.01004974624390734,148
Cha-F-000390,125,86,39,762,86,39,0.000272759272787806,2.2849939616384044e-07,2.8849499051958508e-05,0.006281091402442088,98
Cha-F-000391,144,94,50,829,94,50,0.0003154996838053955,5.119943017211204e-07,4.465185139994823e-05,0.007235817295613286,107
Cha-F-000392,213,105,108,1678,105,108,0.00018036632647866084,2.861162506765973e-07,6.951221456481593e-05,0.010702979749761319,120
Cha-F-000393,393,214,179,2243,214,179,0.00829369256331347,1.3769852776295082e-05,2.9909743546495897e-05,0.019747751369277925,331
Cha-F-000394,73,34,39,196,34,39,0.00015537936344875463,1.8053827927211066e-07,8.37576010371623e-06,0.0036681573790261794,73
Cha-F-000395,670,276,394,5840,276,394,0.0023962782529862443,0.00012958551763153964,5.2527643399783084e-05,0.03366664991708959,205
Cha-F-000396,638,295,343,3746,295,343,0.005722125189231674,2.8370005328692956e-05,2.7816807859706176e-05,0.03205869051806442,352
Cha-F-000399,57,31,26,223,31,26,0.00021685903573162173,1.29279387384421e-07,1.2643063451009758e-05,0.0028641776795135924,54
Cha-F-000400,60,59,1,170,59,1,0.00018195308092867172,8.181021983188645e-08,2.317207070029702e-05,0.0030149238731722026,57
Cha-F-000401,399,190,209,3905,190,209,0.009633165682472786,5.6259641325851974e-05,2.8574100447772087e-05,0.020049243756595145,350
Cha-F-000402,151,81,70,493,81,70,0.0008892068453543756,2.3704883358885092e-05,1.3847390396782174e-05,0.007587558414150043,140
Cha-F-000403,552,217,335,4111,217,335,0.011457132546940491,1.5498085611350982e-05,3.337445717325232e-05,0.027737299633184262,352
Cha-F-000404,61,43,18,160,43,18,0.0004866623981901028,2.711298138319207e-06,8.834176269714168e-06,0.003065172604391739,61
Cha-F-000406,169,32,137,859,32,137,0.00033088669560409756,4.5081572592360474e-07,1.5830748102267667e-05,0.008492035576101703,126
Cha-F-000407,159,110,49,403,110,49,0.0011263393444316643,2.1516964548448523e-05,1.7326114811599508e-05,0.007989548263906337,130
Cha-F-000408,211,47,164,614,47,164,8.443456646170375e-05,4.867087877257689e-08,1.1719406092636141e-05,0.010602482287322246,148
Cha-F-000409,254,213,41,955,213,41,0.0002584721306363565,9.642806056655024e-08,5.867236551467756e-05,0.012763177729762324,148
Cha-F-000410,142,94,48,359,94,48,0.0020579509923188107,1.0881451848348174e-05,1.2758455611826054e-05,0.007135319833174212,138
Cha-F-000411,158,70,88,770,70,88,0.0002545505341063352,3.156959963689861e-07,2.5970241600452867e-05,0.0079392995326868,102
Cha-F-000412,520,168,352,4093,168,352,0.000654018954248937,3.0189524272011294e-06,5.2364658290344655e-05,0.02612934023415909,183
Cha-F-000413,338,168,170,3237,168,170,0.0024431848519300336,3.748325551475104e-05,3.792642433107006e-05,0.016984071152203406,222
Cha-F-000414,129,21,108,913,21,108,0.00013073574607423466,1.021981466395524e-07,1.0635201536103541e-05,0.006482086327320235,95
Cha-F-000415,302,258,44,1539,258,44,0.0005293483704549255,3.0812381298702716e-07,8.073832756366667e-05,0.015175116828300085,148
Cha-F-000416,51,10,41,98,10,41,3.942230637907775e-05,1.1479839649572659e-08,8.367616180675517e-06,0.002562685292196372,51
Cha-F-000417,281,180,101,1615,180,101,0.0004598804074948509,6.391904339180025e-07,0.00012906041812752613,0.014119893472689814,110
Cha-F-000418,225,82,143,1563,82,143,0.00016821568271553785,2.1622253948245891e-07,8.365805024712805e-05,0.01130596452439576,108
Cha-F-000420,24,10,14,100,10,14,1.6301695549146476e-05,7.401795323907727e-09,1.2055732246040101e-05,0.001205969549268881,23
Cha-F-000421,614,208,406,4499,208,406,0.004154024653022825,5.3924426976614764e-05,4.424017857816332e-05,0.030852720968795537,222
Cha-F-000422,110,54,56,715,54,56,0.0004750970198481348,4.372689327751029e-07,2.1245719734760842e-05,0.005527360434149038,99
Cha-F-000423,407,285,122,1944,285,122,0.008423468311684598,1.2056717192599569e-05,7.23788398241321e-05,0.02045123360635144,326
Cha-F-000424,387,74,313,2323,74,313,0.0005223310781263645,1.8518454686026254e-06,1.4323428577278804e-05,0.019446258981960705,186
Cha-F-000425,187,125,62,850,125,62,0.0007019951587803293,9.864043611018907e-06,1.7567118349366307e-05,0.009396512738053364,148
Cha-F-000426,609,230,379,4776,230,379,0.005578389514057223,4.2831621029328e-05,3.6356700923472796e-05,0.030601477312697856,352
Cha-F-000427,472,97,375,4752,97,375,0.0033880777999318397,2.045595375266776e-05,2.404578741851265e-05,0.023717401135621326,205
Cha-F-000428,137,78,59,794,78,59,0.0005064001163462401,3.14662526937245e-06,2.0287946961116646e-05,0.006884076177076529,107
Cha-F-000429,606,434,172,6624,434,172,0.0023084400733154983,1.3431428629058417e-05,0.00028066841222400415,0.030450731119039245,186
Cha-F-000430,269,152,117,1772,152,117,0.0006979556005525428,2.9506258927392875e-06,2.163405335441801e-05,0.013516908698055373,157
Cha-F-000431,659,309,350,5045,309,350,0.005510423100889585,0.0001977184586833496,8.324847038924684e-05,0.03311391387367469,331
Cha-F-000432,325,109,216,2091,109,216,0.0015290830970499864,3.0833268401946875e-05,1.6384878968829498e-05,0.01633083764634943,211
Cha-F-000434,178,44,134,957,44,134,0.00014179008201346002,9.039373100715416e-08,1.4372066342019437e-05,0.008944274157077534,135
Cha-F-000435,92,86,6,237,86,6,0.00022992935982198316,1.025260608142229e-07,2.4092059843204372e-05,0.004622883272197377,84
Cha-F-000437,164,159,5,1167,159,5,0.0007618213607293949,1.7431143457676057e-06,5.8481407668866436e-05,0.00824079192000402,110
Cha-F-000438,431,297,134,1771,297,134,0.0045891331418659986,1.4375204992422602e-05,7.187043270671677e-05,0.021657203155620322,274
Cha-F-000439,858,663,195,3810,663,195,0.0176383701901345,3.635493151649744e-05,6.733124841652448e-05,0.043113411386362495,352
Cha-F-000440,338,227,111,1908,227,111,0.0016969563076098915,5.7646755988184085e-05,4.7723182997635664e-05,0.016984071152203406,165
Cha-F-000441,281,200,81,1903,200,81,0.0005269638551070673,1.551093950375401e-06,7.167005037965258e-05,0.014119893472689814,132
Cha-F-000442,264,83,181,1280,83,181,0.000308965225082633,4.171122785247694e-07,3.1533583137512397e-05,0.01326566504195769,150
Cha-F-000443,108,54,54,618,54,54,0.0006379747294886183,3.86508639997541e-06,1.514205390787381e-05,0.005426862971709964,95
Cha-F-000444,87,50,37,377,50,37,0.0005475085993176028,2.764823101261436e-06,1.1158940333299078e-05,0.004371639616099694,87
Cha-F-000445,187,48,139,1604,48,139,8.885255220636201e-05,1.0474701393001228e-07,4.344556687587195e-05,0.009396512738053364,111
Cha-F-000446,47,26,21,160,26,21,0.00013742421525206707,5.5970953735163546e-08,1.483735991057396e-05,0.0023616903673182254,44
Cha-F-000447,218,168,50,946,168,50,0.0005002822402241005,5.274434547090494e-07,0.00010210004736362374,0.010954223405859002,109
Cha-F-000448,83,41,42,332,41,42,0.00015716376198705132,8.024543377559661e-08,2.4450788148054952e-05,0.004170644691221546,70
Cha-F-000449,244,113,131,1330,113,131,0.0005501077310468236,4.2569303209580355e-06,1.607996263241848e-05,0.012260690417566956,139
Cha-F-000450,380,188,192,1981,188,192,0.0006149845289206179,1.7072312142610902e-06,2.9336056481376744e-05,0.01909451786342395,181
Cha-F-000451,19,7,12,32,7,12,1.7909033878552413e-05,5.751587594216209e-09,7.991077573632795e-06,0.0009547258931711974,19
Cha-F-000452,467,341,126,5135,341,126,0.004191734878499448,0.00032135910440202095,9.514234544429566e-05,0.02346615747952364,231
Cha-F-000453,966,435,531,7767,435,531,0.007741137393696803,0.00011635994363496718,8.382321612623828e-05,0.04854027435807246,296
Cha-F-000454,181,61,120,999,61,120,0.00015915601842442884,2.074128909744847e-07,8.316300174898819e-05,0.009095020350736144,100
Cha-F-000455,710,129,581,3864,129,581,0.001777149981663161,1.8980124980886054e-05,1.3433072833255365e-05,0.03567659916587106,352
Cha-F-000456,92,43,49,1050,43,49,0.0003785097442004442,2.261986091607108e-06,1.876183411927945e-05,0.004622883272197377,77
Cha-F-000457,421,254,167,2922,254,167,0.00045400472340806537,4.895124953483811e-07,0.00019099117926570948,0.021154715843424952,118
Cha-F-000458,60,47,13,281,47,13,0.0006458421407902562,3.994312073395923e-06,2.186862413316752e-05,0.0030149238731722026,59
Cha-F-000459,218,150,68,1458,150,68,0.0006877172665098671,2.7126567425678414e-06,5.983380577463803e-05,0.010954223405859002,122
Cha-F-000461,1734,1011,723,22962,1011,723,0.009626362500982937,0.00039203167186451285,0.0004590539396744271,0.08713129993467665,296
Cha-F-000462,80,61,19,312,61,19,0.00016645597069040913,9.642564760994397e-08,3.9333064151115644e-05,0.004019898497562936,66
Cha-F-000463,589,108,481,2567,108,481,0.0016160345076623806,6.826797579517876e-06,5.607601143937095e-05,0.02959650268830712,324
Cha-F-000464,230,218,12,769,218,12,0.002241168694999146,2.7639753446198695e-05,3.4523191934642185e-05,0.011557208180493442,163
Cha-F-000465,205,107,98,1256,107,98,0.0003776558975657225,6.878066644066559e-07,6.597236370854622e-05,0.010300989900005025,134
Cha-F-000466,106,62,44,822,62,44,0.0008227090080157722,2.3850270277805785e-06,1.7215841591593192e-05,0.005326365509270891,90
Cha-F-000467,267,186,81,1507,186,81,0.0012676462909846648,2.4100024905377725e-06,3.941274393532213e-05,0.0134164112356163,209
Cha-F-000469,249,202,47,1327,202,47,0.00042645603567364234,7.681550354737568e-07,8.751708854068475e-05,0.01251193407366464,145
Cha-F-000470,221,24,197,1142,24,197,0.00015692967493440913,2.4725344903492117e-07,8.517013912201045e-06,0.011104969599517612,185
Cha-F-000471,174,74,100,813,74,100,0.004375131332112759,2.7382725946967534e-05,2.374088049898814e-05,0.008743279232199388,169
Cha-F-000472,77,46,31,468,46,31,0.00040192203919606944,1.005216643595608e-06,1.4426629369127164e-05,0.0038691523039043265,75
Cha-F-000473,526,203,323,3230,203,323,0.0025010195831788027,1.11299487860718e-05,4.383455613174693e-05,0.02643083262147631,231
Cha-F-000474,707,546,161,10661,546,161,0.006959243754332716,0.021803697243097348,0.0001444861696854546,0.03552585297221245,348
Cha-F-000475,389,209,180,2795,209,180,0.010371755505234729,2.368468831765809e-05,3.016841618869811e-05,0.01954675644439978,346
Cha-F-000476,167,98,69,869,98,69,0.0006548407938679231,1.045077270651057e-05,1.8315405782300966e-05,0.00839153811366263,122
Cha-F-000477,153,43,110,922,43,110,0.0005797587300868955,4.974299211349554e-07,1.8512965989009155e-05,0.0076880558765891165,108
Cha-F-000478,139,54,85,659,54,85,0.00019093687109563947,2.7176184703156905e-07,9.879811217936563e-06,0.006984573639515602,108
Cha-F-000479,215,132,83,1066,132,83,0.0009450093176042292,6.389222675672253e-06,1.8589807212346835e-05,0.010803477212200392,201
Cha-F-000480,252,243,9,876,243,9,0.0053421069422534525,2.5853078431613158e-05,7.380261333749109e-05,0.01266268026732325,229
Cha-F-000482,592,221,371,4055,221,371,0.010481949511271274,2.4737268380075603e-05,3.498451355896099e-05,0.02974724888196573,352
Cha-F-000483,665,299,366,4333,299,366,0.005760194741275188,2.218608891013454e-05,2.777992626953363e-05,0.03341540626099191,352
Cha-F-000484,271,173,98,1552,173,98,0.0006737205340611588,3.198071944812542e-06,2.3064241672894538e-05,0.013617406160494448,204
Cha-F-000485,318,15,303,2522,15,303,0.00013341582929902502,3.519348045355867e-07,9.011106212980203e-06,0.015979096527812674,210
Cha-F-000486,89,43,46,570,43,46,0.00033321412815032463,1.5699727600378464e-06,1.365686273953482e-05,0.004472137078538767,79
Cha-F-000487,305,125,180,1313,125,180,0.0024458923809865733,3.576859995781534e-06,1.8235790471571426e-05,0.015325863021958696,202
Cha-F-000488,821,799,22,8744,799,22,0.03156921617333943,0.00010064859728060268,0.00016235408302595343,0.041254208331239633,352
Cha-F-000489,467,267,200,3385,267,200,0.012379637534126048,5.377144678236512e-05,3.945580640248293e-05,0.02346615747952364,352
Cha-F-000490,532,282,250,3787,282,250,0.002358086301860005,5.2695917961472924e-05,0.0001027226326564393,0.02673232500879353,198
Cha-F-000491,227,115,112,1161,115,112,0.0010480102916735272,2.8049799938217875e-05,2.389680698297516e-05,0.011406461986834832,182
Cha-F-000492,229,86,143,1158,86,143,0.0002836535278487119,3.2917005508281395e-07,1.2623323357511514e-05,0.011506959449273905,174
Cha-F-000493,101,74,27,401,74,27,0.00022484478728249433,4.6932961965901813e-07,1.9148643802095823e-05,0.005075121853173208,91
Cha-F-000494,69,41,28,362,41,28,7.945422459788015e-05,1.2418601762553453e-07,1.816905551777967e-05,0.0034671624541480327,64
Cha-F-000495,52,20,32,186,20,32,0.00011489874106801122,1.9218617359012324e-07,9.140723493680097e-06,0.002612934023415909,51
Cha-F-000496,69,32,37,196,32,37,0.000444386843308629,3.241593430966228e-07,9.961821469726369e-06,0.0034671624541480327,69
Cha-F-000497,58,23,35,315,23,35,9.067599204392159e-05,2.319658593613834e-07,1.5780173049800524e-05,0.002914426410733129,58
Cha-F-000498,86,41,45,586,41,45,0.00037587476722877975,1.1525654996977035e-06,1.4505615198135965e-05,0.004321390884880157,78
Cha-F-000499,430,136,294,2718,136,294,0.003211718093114743,1.0210895183305321e-05,2.1359298052641012e-05,0.021606954424400783,352
Cha-F-000500,519,10,509,2738,10,509,0.00013233286756264917,2.7866549088723386e-07,8.57093350166017e-06,0.02607909150293955,274
Cha-F-000501,71,45,26,232,45,26,0.0003448153619814855,2.274144683320907e-07,2.5712151103089185e-05,0.003567659916587106,70
Cha-F-000502,61,39,22,225,39,22,0.0005010607132407385,3.8539668082103843e-07,1.4266932354021501e-05,0.003065172604391739,60
Cha-F-000503,98,56,42,286,56,42,0.0010268943203852355,2.1568135253721457e-06,9.448919173332466e-06,0.004924375659514597,93
Cha-F-000504,382,190,192,3269,190,192,0.011118093039595444,2.19831934629748e-05,3.31503696103033e-05,0.019195015325863023,338
Cha-F-000506,622,232,390,5079,232,390,0.0020758554464271805,3.616025090200024e-05,4.5802993716201e-05,0.03125471081855183,223
Cha-F-000507,421,74,347,2464,74,347,0.0007301315508487829,3.2753888734447133e-06,1.4782909338660854e-05,0.021154715843424952,205
Cha-F-000508,219,74,145,1048,74,145,0.0002674335106419534,3.818291044191027e-07,3.3158474444449267e-05,0.011004472137078539,148
Cha-F-000509,489,153,336,2467,153,336,0.0018015378934484983,5.679508225167168e-06,4.178253569795609e-05,0.024571629566353448,236
Cha-F-000510,384,219,165,1986,219,165,0.001872858516254073,1.3567764109380333e-05,5.9857001623706316e-05,0.019295512788302095,186
Cha-F-000513,155,85,70,535,85,70,0.0013471742847475311,3.532362650103308e-05,1.1767839952449104e-05,0.007788553339028189,147
Cha-F-000515,401,126,275,1629,126,275,0.0012347770649287439,4.9811640724979774e-05,1.9054067188491645e-05,0.02014974121903422,205
Cha-F-000516,252,220,32,712,220,32,0.0039093547325867,1.7877739235361714e-05,1.74928341032213e-05,0.01266268026732325,235
Cha-F-000518,54,31,23,220,31,23,9.333287537363276e-05,4.5425663646476266e-08,1.4971840783594368e-05,0.002713431485854982,53
Cha-F-000519,267,42,225,1308,42,225,0.0011067759783864846,1.74772709574701e-06,1.11815503989858e-05,0.0134164112356163,223
Cha-F-000520,114,62,52,560,62,52,0.0002470361451755416,3.3537868082897035e-07,1.769764443417088e-05,0.005728355359027185,94
Cha-F-000521,794,639,155,8365,639,155,0.013087484132594442,2.497021028373383e-05,9.792499170584294e-05,0.03989749258831214,352
Cha-F-000522,96,51,45,442,51,45,0.00017104024054673996,1.6432196673488016e-07,1.7027441640287076e-05,0.004823878197075524,83
Cha-F-000523,309,235,74,2392,235,74,0.003846618127803853,2.9165392535999103e-05,7.08967503343091e-05,0.015526857946836843,224
Cha-F-000524,490,116,374,3440,116,374,0.0005452103506260571,1.5441532175870635e-06,1.4298990713531043e-05,0.024621878297572987,211
Cha-F-000525,52,29,23,199,29,23,0.00010572620269681712,8.502016790937711e-08,1.1673280201227995e-05,0.002612934023415909,52
Cha-F-000526,347,115,232,1568,115,232,0.0017834233598062626,7.73962882236761e-06,1.64354345202065e-05,0.017436309733179237,231
Cha-F-000527,167,46,121,648,46,121,0.00012891482014400096,1.304269363408082e-07,2.1512492296259713e-05,0.00839153811366263,134
Cha-F-000528,362,112,250,2074,112,250,0.002062522820114444,9.980284452168652e-06,4.165348580377616e-05,0.018190040701472288,240
Cha-F-000529,409,99,310,1523,99,310,0.0004094117688640853,2.148122735131428e-06,1.541890430199145e-05,0.02055173106879051,186
Cha-F-000531,206,27,179,1300,27,179,0.0003857136600425645,2.768824013975326e-06,9.135509219855449e-06,0.010351238631224561,186
Cha-F-000532,188,91,97,945,91,97,0.0013476582896733513,2.412100353671231e-06,1.92719316041101e-05,0.009446761469272901,161
Cha-F-000533,344,27,317,2055,27,317,0.0002644612881251066,4.252782220460224e-07,9.097935474194527e-06,0.017285563539520626,203
Cha-F-000534,241,17,224,658,17,224,0.00013491976886589662,2.047804747969895e-07,1.0583338990934307e-05,0.012109944223908346,175
Cha-F-000535,235,156,79,2120,156,79,0.0017663620542728226,1.2126604430123364e-05,6.609749330953844e-05,0.011808451836591126,144
Cha-F-000536,266,128,138,951,128,138,0.0012480281044074774,3.460944729170177e-06,1.8055757978636446e-05,0.013366162504396765,223
Cha-F-100000,347,81,266,1815,81,266,0.0007591321353055625,8.465853838106572e-05,5.7992099538279525e-05,0.017436309733179237,205
Cha-F-100001,254,90,164,1560,90,164,0.0008255508230529328,2.3428457010608253e-06,1.875394421521417e-05,0.012763177729762324,195
Cha-F-100003,129,64,65,547,64,65,0.0007835150591769507,4.694370492160249e-06,1.8864008168363407e-05,0.006482086327320235,108
Cha-F-100005,43,21,22,98,21,22,5.858635521780643e-05,7.899679601638059e-08,9.743274242317907e-06,0.0021606954424400783,43
Cha-F-100007,36,24,12,110,24,12,5.64810666774824e-05,4.9453798484683677e-08,1.097631127798137e-05,0.0018089543239033215,36
Cha-F-100009,876,606,270,3694,606,270,0.01928470132919805,6.181328446237442e-05,7.009902291954276e-05,0.044017888548314156,331
Cha-F-100010,170,146,24,564,146,24,0.0012099843641730926,3.338180406846295e-05,2.839517663212418e-05,0.00854228430732124,142
Cha-F-100011,76,35,41,407,35,41,0.00022285928586488943,2.093630437571145e-07,2.1087925625587158e-05,0.0038189035726847896,72
Cha-F-100014,119,99,20,471,99,20,0.00033462915559883825,4.1715352910844345e-07,2.6040033726116387e-05,0.005979599015124868,94
Cha-F-100015,94,66,28,551,66,28,0.00019661310649477946,1.3522790376441814e-07,1.9870836096944667e-05,0.004723380734636451,73
Cha-F-100016,307,226,81,1004,226,81,0.0004979245258376191,2.0235136458813072e-07,6.832578026082582e-05,0.015426360484397768,150
Cha-F-100017,172,115,57,752,115,57,0.0002364910884726985,2.2592711581607135e-07,4.714759389200751e-05,0.008642781769760313,127
Cha-F-100018,416,215,201,3443,215,201,0.011888239945176259,4.2661247813374344e-05,4.351240228517562e-05,0.02090347218732727,352
Cha-F-100020,93,74,19,467,74,19,0.0002806551850732552,3.0950342459185203e-07,2.6933210265053186e-05,0.0046731320034169134,88
Cha-F-100021,110,68,42,664,68,42,0.0002638468054799833,1.978240546439215e-07,1.9913456052694944e-05,0.005527360434149038,89
Cha-F-100022,107,89,18,398,89,18,0.00025755438193161547,3.6037593100508147e-07,3.3398265409671855e-05,0.005376614240490428,83
Cha-F-100023,182,74,108,667,74,108,0.0002514599872007455,2.2588880327457668e-07,4.1904986616447995e-05,0.009145269081955681,135
Cha-F-100025,605,276,329,2271,276,329,0.00307564290315897,4.06150824932972e-05,7.723201508889297e-05,0.030400482387819706,295
Cha-F-100026,37,24,13,112,24,13,0.00010463721796417047,2.19490706196531e-08,2.462236593000652e-05,0.0018592030551228581,36
Cha-F-100027,109,77,32,377,77,32,0.0006160279656728657,5.188732527569322e-07,3.0257449407853032e-05,0.005477111702929501,96
Cha-F-100028,235,91,144,1252,91,144,0.00047944204323975814,1.8775293213543981e-06,1.3627950093325853e-05,0.011808451836591126,204
Cha-F-100029,595,387,208,4075,387,208,0.004989621677320572,5.293165863680774e-05,0.00011348626742724398,0.02989799507562434,241
Cha-F-100030,155,72,83,806,72,83,0.00023311763743481137,3.5038644157729314e-07,1.3935271318024638e-05,0.007788553339028189,124
Cha-F-100032,365,172,193,3076,172,193,0.009542157317381336,9.357736725030039e-05,2.788864477047079e-05,0.018340786895130898,348
Cha-F-100033,485,196,289,3487,196,289,0.007402705209439127,1.8121421830404484e-05,2.3958322090937807e-05,0.024370634641475302,352
Cha-F-100034,372,45,327,2441,45,327,0.0003864935971331545,5.269853447687819e-06,3.1143087786141e-05,0.018692528013667654,231
Cha-F-100035,72,57,15,202,57,15,0.00023471863819746053,3.243123014543938e-07,9.15764844353818e-06,0.003617908647806643,72
Cha-F-100036,241,198,43,1083,198,43,0.0018111619974133686,6.510794481609722e-05,7.354389823701866e-05,0.012109944223908346,169
Cha-F-100038,133,120,13,545,120,13,0.00042042669358055676,8.960689441189786e-07,4.2687103010102435e-05,0.006683081252198382,96
Cha-F-100039,153,33,120,415,33,120,0.0005583636250683107,3.864765186238316e-06,8.468936043700295e-06,0.0076880558765891165,129
Cha-F-100040,129,62,67,676,62,67,0.0002958362463640274,1.4819546714106024e-06,1.822647179653582e-05,0.006482086327320235,105
Cha-F-100041,779,189,590,6419,189,590,0.0036311503150470285,2.9522480952071903e-05,2.7680127030491685e-05,0.0391437616200191,352
Cha-F-100042,242,95,147,724,95,147,0.00019824350497001463,7.253677896190335e-08,2.222620575067724e-05,0.012160192955127883,148
Cha-F-100043,181,134,47,456,134,47,0.001478468256650524,2.3796328607225604e-06,1.425730844801317e-05,0.009095020350736144,140
Cha-F-100044,341,161,180,1496,161,180,0.0010630711707724143,9.47838870809746e-06,2.2086456268923673e-05,0.017134817345862016,186
Cha-F-100045,354,213,141,944,213,141,0.0031045544177181693,1.5022503958470003e-05,5.666825310401467e-05,0.017788050851715993,154
Cha-F-100046,142,62,80,561,62,80,0.0003559339500257261,2.627728665245402e-07,1.6338786957894915e-05,0.007135319833174212,115
Cha-F-100047,718,138,580,3949,138,580,0.002257017571102986,1.7804228411762222e-05,1.6020432204842475e-05,0.036078589015627355,352
Cha-F-100048,267,124,143,1230,124,143,0.0016494999964163212,4.0400104848239905e-05,2.119982779070526e-05,0.0134164112356163,203
Cha-F-100049,106,64,42,286,64,42,0.00036142740448694377,8.255767825651072e-06,9.668206004153565e-06,0.005326365509270891,106
Cha-F-100050,65,19,46,220,19,46,0.0001841657128506746,1.8094487048440387e-05,1.7551026183840606e-05,0.003266167529269886,65
Cha-F-100051,151,115,36,501,115,36,0.00017658193937512728,1.1062237710630451e-07,2.890717264879751e-05,0.007587558414150043,122
Cha-F-100052,58,39,19,210,39,19,0.0003098706456035083,4.0948673682984354e-07,1.0577508400526671e-05,0.002914426410733129,57
Cha-F-100054,671,393,278,2686,393,278,0.004897119042194712,2.474731177142488e-05,6.714885727971056e-05,0.03371689864830913,298
Cha-F-100055,50,39,11,150,39,11,0.000714784659371763,6.733292414745864e-06,1.2981088757916864e-05,0.002512436560976835,50
Cha-F-100056,185,131,54,1017,131,54,0.000266868019414464,2.446221311171863e-07,7.522456836416266e-05,0.009296015275614291,136
Cha-F-100057,355,89,266,1518,89,266,0.0011255427158541186,1.8250505430737546e-05,0.0001266859116403201,0.01783829958293553,186
Cha-F-100058,109,78,31,350,78,31,0.0008218650795849553,1.631638664786663e-06,1.803016868645014e-05,0.005477111702929501,99
Cha-F-100059,268,225,43,1157,225,43,0.0012645379712668927,9.861357066095076e-06,2.792819876320357e-05,0.013466659966835838,194
Cha-F-100060,359,71,288,1126,71,288,0.00034779906109605056,5.319039498735947e-07,1.945275908872045e-05,0.018039294507813677,201
Cha-F-100061,337,216,121,2180,216,121,0.0032138470309019834,4.5128618016638474e-05,5.13212898092169e-05,0.01693382242098387,252
Cha-F-100062,42,5,37,134,5,37,2.639113241536557e-05,3.1954279957585294e-08,9.00943802987071e-06,0.002110446711220542,42
Cha-F-100063,27,8,19,86,8,19,4.444693811982241e-06,1.8457794557051783e-09,1.0539816199829149e-05,0.001356715742927491,26
Cha-F-100064,143,17,126,588,17,126,1.8887791223543268e-05,3.6278151901335676e-09,1.249434910793706e-05,0.0071855685643937494,98
Cha-F-100065,475,169,306,3463,169,306,0.0028318185181816675,1.6540265490832515e-05,2.470666803897733e-05,0.023868147329279936,352
Cha-F-100066,124,45,79,345,45,79,0.0018083032551188258,7.339418282831107e-06,1.1210019551460273e-05,0.006230842671222552,122
Cha-F-100067,168,62,106,777,62,106,0.00019808749778930698,4.231112756539318e-07,2.3959742916311767e-05,0.008441786844882167,98
Cha-F-100068,336,69,267,1777,69,267,0.0008276004148442086,3.804713147154004e-05,1.779747234319042e-05,0.016883573689764335,203
Cha-F-100069,105,75,30,417,75,30,0.0006182284434624144,3.3209128125545065e-06,2.585822439993912e-05,0.005276116778051354,98
Cha-F-100070,157,140,17,386,140,17,0.0019324065592156538,7.436664610443741e-06,2.5301254209575255e-05,0.007889050801467262,123
Cha-F-100071,212,71,141,809,71,141,0.0003232064726827153,1.9244657058147714e-07,4.5776998872965505e-05,0.010652731018541781,150
Cha-F-100072,142,93,49,824,93,49,0.00025353279280677915,2.793991269209226e-07,2.531857104252958e-05,0.007135319833174212,119
Cha-F-100073,219,156,63,1092,156,63,0.0005938833917933755,1.9256649647280354e-06,2.1407007389025484e-05,0.011004472137078539,179
Cha-F-100074,53,37,16,143,37,16,0.0001475610078578286,1.8923237955799765e-07,8.437483695400809e-06,0.0026631827546354453,53
Cha-F-100075,194,82,112,978,82,112,0.0007661322048248568,2.730673792477798e-06,2.2012713984082847e-05,0.009748253856590122,128
Cha-F-100076,126,77,49,366,77,49,0.0011974643209225365,1.390370761877195e-06,1.1283163542428074e-05,0.006331340133661625,119
Cha-F-100077,131,25,106,1214,25,106,0.00037611481967184,3.10841073510134e-05,9.467876363025442e-06,0.006582583789759309,131
Cha-F-100078,100,8,92,526,8,92,6.461330963369055e-05,4.814644043717706e-07,1.7153872076465983e-05,0.00502487312195367,98
Cha-F-100079,175,21,154,737,21,154,0.00019751714530650318,3.33800617545874e-07,8.321973539898782e-06,0.008793527963418923,143
Cha-F-100081,415,310,105,1969,310,105,0.000941044372576929,2.513239837917695e-06,5.88447846371242e-05,0.020853223456107732,186
Cha-F-100082,656,485,171,4586,485,171,0.006445399094241252,0.005113148821219327,7.366206437541594e-05,0.03296316768001608,345
Cha-F-100083,120,18,102,366,18,102,0.00016994634500143598,3.0511919230643635e-07,8.354207320679816e-06,0.006029847746344405,120
Cha-F-100084,247,58,189,1078,58,189,0.000515054337712733,8.742844200248171e-07,1.167763145658818e-05,0.012411436611225566,186
Cha-F-100085,105,84,21,437,84,21,0.0004597499327221099,2.9261321559518017e-06,1.2588178797395286e-05,0.005276116778051354,105
Cha-F-100086,36,22,14,169,22,14,4.5676177734766135e-05,1.3227201752818475e-07,1.3498438436642052e-05,0.0018089543239033215,33
Cha-F-100087,179,71,108,817,71,108,0.00013383376773025093,1.1207865925287069e-07,4.662548668027963e-05,0.008994522888297071,108
Cha-F-100088,560,329,231,4039,329,231,0.004870138483001468,5.4213622050722554e-05,9.394940768839742e-05,0.028139289482940557,234
Cha-F-100089,288,132,156,1084,132,156,0.0014885605816074418,4.163253538742801e-05,1.5522499871468475e-05,0.014471634591226572,194
Cha-F-100090,873,365,508,5814,365,508,0.004567337699863863,3.093524877153879e-05,0.00016408172177659485,0.043867142354655546,320
Cha-F-100091,58,36,22,218,36,22,6.959929219851537e-05,9.265377661435559e-08,1.9602232427672103e-05,0.002914426410733129,58
Cha-F-100092,290,159,131,1027,159,131,0.0002986494598174397,1.966534130660582e-07,6.963677466344519e-05,0.014572132053665645,150
Cha-F-100093,511,221,290,2232,221,290,0.0005785730941136855,9.863547097597976e-07,7.332327658153808e-05,0.02567710165318326,183
Cha-F-100094,399,168,231,1537,168,231,0.0007065823901310995,2.0069384010741256e-06,2.4623116193476798e-05,0.020049243756595145,186
Cha-F-100095,103,63,40,441,63,40,0.0004953888947365328,5.87744440901674e-07,3.8803546790013584e-05,0.0051756193156122805,96
Cha-F-100096,234,63,171,649,63,171,0.0018091423007754231,4.439820408618954e-06,1.14067897031573e-05,0.01175820310537159,137
Cha-F-100097,271,255,16,882,255,16,0.0032962318462399338,4.925337225438988e-05,5.165081916509843e-05,0.013617406160494448,154
Cha-F-100098,22,13,9,66,13,9,0.0002242835895715351,3.8731731434311155e-07,1.0309840856554577e-05,0.0011054720868298076,22
Cha-F-100099,474,244,230,4273,244,230,0.006431185795615767,1.5582349749717575e-05,2.836209675585705e-05,0.0238178985980604,352
Cha-F-100100,52,27,25,156,27,25,0.00012749030553808945,5.065136227432142e-08,1.093348277834759e-05,0.002612934023415909,50
Cha-F-100101,215,125,90,1523,125,90,0.00043374975315507236,6.337262015571587e-07,7.410370418773595e-05,0.010803477212200392,135
Cha-F-100102,112,84,28,624,84,28,0.00034356736435688844,7.436989642822139e-07,4.1388999593431544e-05,0.005627857896588111,95
Cha-F-100103,295,44,251,2172,44,251,0.0003372461064392655,2.559184488701564e-06,1.7149485925821087e-05,0.014823375709763328,211
Cha-F-100104,960,762,198,4506,762,198,0.021750766508576214,1.91237094602939e-05,6.784133531038206e-05,0.04823878197075524,352
Cha-F-100105,104,51,53,377,51,53,0.0002662550206212065,1.633217181669059e-07,1.8738430885954598e-05,0.005225868046831818,88
Cha-F-100106,63,48,15,215,48,15,0.00014926884768136063,6.988168916455349e-08,2.4044066137816993e-05,0.0031656700668308124,60
Cha-F-100107,241,196,45,769,196,45,0.002108102402761717,1.0542797121123415e-05,4.0425114553889114e-05,0.012109944223908346,153
Cha-F-100108,455,240,215,3467,240,215,0.0053381699182736666,3.068065362386033e-05,3.639110498210358e-05,0.0228631727048892,244
Cha-F-100110,91,70,21,255,70,21,0.0006198712466660382,1.3493239373623565e-06,1.3239624858882308e-05,0.0045726345409778405,91
Cha-F-100111,741,386,355,4212,386,355,0.021484942381206396,0.00012379950328231476,8.310189569840447e-05,0.0372343098336767,348
Cha-F-100112,581,271,310,3202,271,310,0.0027904515511818044,1.3613511866468843e-05,3.9904024005874955e-05,0.02919451283855083,245
Cha-F-100113,142,30,112,660,30,112,0.00034917397427234855,4.873923656378996e-07,1.1787536513109748e-05,0.007135319833174212,120
Cha-F-100114,56,9,47,411,9,47,2.800530617885182e-05,4.849574966552064e-08,1.1370636556000175e-05,0.0028139289482940555,56
Cha-F-100115,135,55,80,394,55,80,0.0006325417343172226,3.929976190486013e-06,9.644123625261312e-06,0.006783578714637455,128
Cha-F-100116,20,3,17,65,3,17,2.5701146268894405e-07,4.0205378876883823e-10,8.096306326456251e-06,0.001004974624390734,20
Cha-F-100119,785,122,663,4216,122,663,0.0017780847941622948,7.2256761246250336e-06,1.4110861156598886e-05,0.03944525400733632,352
Cha-F-100120,236,225,11,882,225,11,0.0021912313230835175,5.973661480552072e-05,0.00010359572268520743,0.011858700567810663,142
Cha-F-100121,71,54,17,351,54,17,0.00022141324072336556,3.219611069272145e-07,1.8345453164507728e-05,0.003567659916587106,70
Cha-F-100122,849,140,709,4727,140,709,0.004704878682987866,7.918523319750758e-06,1.8148727324395003e-05,0.042661172805386664,352
Cha-F-100123,336,240,96,2038,240,96,0.0025406871755309307,1.0088996632291415e-05,4.075328035192827e-05,0.016883573689764335,209
Cha-F-100124,86,62,24,471,62,24,0.000261482658436267,5.61848408590461e-07,2.3437971308145218e-05,0.004321390884880157,77
Cha-F-100125,97,47,50,343,47,50,0.0015329254778618097,1.5289734606995038e-05,1.1243830171103021e-05,0.004874126928295061,94
Cha-F-100126,108,96,12,485,96,12,0.0004735060492106766,5.051950203622286e-07,3.4087900926177533e-05,0.005426862971709964,90
Cha-F-100127,153,90,63,575,90,63,0.0005056603152960163,5.440600187171857e-07,3.3425552859737814e-05,0.0076880558765891165,105
Cha-F-100128,159,78,81,954,78,81,0.0002699553605852247,1.5080880938158227e-06,3.866897397961579e-05,0.007989548263906337,116
Cha-F-100129,495,339,156,2064,339,156,0.008097244865709263,4.2743622549277944e-05,6.498349093648436e-05,0.024873121953670668,286
Cha-F-100130,420,155,265,2879,155,265,0.002230459169484745,2.1293287756797517e-05,2.330992885291638e-05,0.021104467112205417,349
Cha-F-100131,165,58,107,992,58,107,0.0015355862013337587,1.7169199151603124e-06,1.2652021272796213e-05,0.008291040651223557,119
Cha-F-100133,60,29,31,248,29,31,0.00011307012929329513,7.11291763175023e-08,1.7361535206223397e-05,0.0030149238731722026,57
Cha-F-100134,53,20,33,218,20,33,7.531118912792279e-05,8.03401381947749e-08,9.700812230684773e-06,0.0026631827546354453,51
Cha-F-100135,978,360,618,5594,360,618,0.005542537983775768,2.529588829247059e-05,7.278916065987043e-05,0.049143259132706896,296
Cha-F-100136,45,32,13,152,32,13,0.00011789887019605996,4.967548640102975e-08,1.514342657597794e-05,0.0022611929048791516,44
Cha-F-100139,70,61,9,209,61,9,0.00023685472254676146,6.425350999967181e-07,2.2291834909186116e-05,0.0035174111853675696,63
Cha-F-100140,186,175,11,607,175,11,0.0016410320093313282,1.4530158484275057e-05,2.285650774681702e-05,0.009346264006833827,131
Cha-F-100141,343,103,240,1682,103,240,0.001499571589268448,1.761957412912859e-05,1.9936215989691248e-05,0.01723531480830109,211
Cha-F-100142,48,32,16,155,32,16,0.0001260941697075672,1.2370668873897173e-07,1.2382882331351414e-05,0.002411939098537762,46
Cha-F-100143,65,57,8,334,57,8,0.0002396388080585933,2.0583364615676484e-07,4.338378918941331e-05,0.003266167529269886,60
Cha-F-100144,270,214,56,1732,214,56,0.0026751952453284793,1.6601971365063037e-05,3.922693655896328e-05,0.01356715742927491,216
Cha-F-100146,37,35,2,112,35,2,0.00016920243970466707,7.191778194288939e-08,1.3763553461328454e-05,0.0018592030551228581,37
Cha-F-100147,58,29,29,251,29,29,0.00013611661774921223,2.358590145927204e-07,1.469825228579289e-05,0.002914426410733129,57
Cha-F-100148,26,18,8,71,18,8,8.857616381840261e-05,1.9476394387548628e-07,1.1225111231916786e-05,0.0013064670117079544,26
Cha-F-100149,27,20,7,74,20,7,0.000117200864447068,5.575722784042514e-08,1.9572951858965185e-05,0.001356715742927491,25
Cha-F-100150,427,135,292,2353,135,292,0.0009028531063036795,6.9365023260936325e-06,2.4857608524086955e-05,0.021456208230742173,211
Cha-F-100151,371,220,151,2270,220,151,0.01082748100698535,0.0001430541225209054,3.178045590898401e-05,0.018642279282448118,340
Cha-F-100152,703,354,349,7745,354,349,0.004823355192140436,0.002100640528032111,7.259551352723852e-05,0.035324858047334304,348
Cha-F-100153,553,273,280,3481,273,280,0.006114040543858204,0.0003417461736401921,6.433285463864674e-05,0.027787548364403798,234
Cha-F-100154,202,44,158,628,44,158,0.0005203131487573727,1.0213948089490162e-06,9.718132068798739e-06,0.010150243706346415,174
Cha-F-100155,111,109,2,460,109,2,0.0002732043828505921,2.9213854445825195e-07,3.437712467993166e-05,0.005577609165368575,83
Cha-F-100156,184,48,136,973,48,136,0.0006184843204807877,3.2514469765323916e-06,1.5273015153702313e-05,0.009245766544394754,171
Cha-F-100157,192,147,45,1103,147,45,0.0025618581792258444,1.168061938299708e-05,5.016401469599868e-05,0.009647756394151047,156
Cha-F-100158,896,175,721,5008,175,721,0.0023133687307917744,6.059482991044691e-05,0.00012006092135514153,0.04502286317270489,331
Cha-F-100159,25,19,6,48,19,6,4.084085078942212e-05,4.420414643178531e-08,7.945228831467432e-06,0.0012562182804884176,25
Cha-F-100160,125,44,81,324,44,81,0.00016412524018353725,2.468322052599924e-06,8.892379743722249e-06,0.006281091402442088,121
Cha-F-100161,192,131,61,743,131,61,0.0018773508284628832,1.0171314796625614e-05,4.092433722371209e-05,0.009647756394151047,154
Cha-F-100162,95,74,21,315,74,21,0.0009524183504662341,8.855154526356011e-06,1.061652794741103e-05,0.004773629465855987,94
Cha-F-100163,311,175,136,2059,175,136,0.002079701591769808,2.9731998293688366e-06,3.4457299335460504e-05,0.015627355409275914,209
Cha-F-100164,131,45,86,423,45,86,0.0003787514023279395,9.244206108596792e-07,9.41363606050211e-06,0.006582583789759309,129
Cha-F-100165,48,8,40,332,8,40,2.6202218387585916e-05,2.47998938220355e-08,9.23678305282362e-06,0.002411939098537762,45
Cha-F-100166,44,19,25,145,19,25,5.821030938817657e-05,1.8249886614946642e-08,9.81651154177252e-06,0.002210944173659615,40
Cha-F-100167,195,32,163,537,32,163,0.00021448749639571424,4.146274174047754e-07,8.15024820245956e-06,0.009798502587809657,139
Cha-F-100168,368,35,333,1412,35,333,0.0003622527637575634,3.0597764495547717e-07,2.206570488754807e-05,0.018491533088789508,201
Cha-F-100169,98,75,23,583,75,23,0.0002826820527955231,3.106110125445169e-07,3.444388454495817e-05,0.004924375659514597,86
Cha-F-100170,921,343,578,5472,343,578,0.0047896422747664,8.159573112048044e-05,0.00012045636750715234,0.04627908145319331,318
Cha-F-100174,39,14,25,113,14,25,5.2122985220693724e-05,2.6640219433299836e-08,9.029053249670228e-06,0.0019597005175619317,39
Cha-F-100175,102,35,67,250,35,67,0.00024034484094830164,4.828862727632596e-07,8.909018969352861e-06,0.005125370584392744,100
Cha-F-100176,64,33,31,295,33,31,0.0001154157477467269,1.926701292455613e-07,1.3694386395502545e-05,0.0032159187980503492,62
Cha-F-100177,533,12,521,2652,12,521,9.858408984158231e-05,6.576205490740924e-08,1.0361786348238797e-05,0.026782573740013065,267
Cha-F-100178,151,127,24,602,127,24,0.003049544057796624,1.4396502671998414e-05,1.8216633993476285e-05,0.007587558414150043,139
Cha-F-100179,75,61,14,287,61,14,0.0001801421055987003,1.2477923445493969e-07,2.0212175063282273e-05,0.003768654841465253,66
Cha-F-100180,76,38,38,430,38,38,0.00014582776535095187,1.65666475557776e-07,1.3656040267684248e-05,0.0038189035726847896,69
Cha-F-100181,470,226,244,3392,226,244,0.011920884954307267,2.385043560671151e-05,3.733044195556572e-05,0.02361690367318225,352
Cha-F-100182,92,53,39,475,53,39,0.00014347788051555815,2.2415738995024436e-07,1.7768987778364545e-05,0.004622883272197377,82
Cha-F-100183,54,29,25,233,29,25,6.739601857222566e-05,8.272653846767752e-08,1.188828713024011e-05,0.002713431485854982,51
Cha-F-100184,73,41,32,176,41,32,0.00042252656070400856,7.425372950221073e-07,9.012177987745593e-06,0.0036681573790261794,73
Cha-F-100185,565,191,374,2823,191,374,0.006195743378238721,1.3015476766276667e-05,3.862222758600497e-05,0.02839053313903824,223
Cha-F-100186,64,27,37,244,27,37,0.0001135317957047132,8.961200017502131e-08,1.1557699990553515e-05,0.0032159187980503492,58
Cha-F-100187,127,87,40,469,87,40,0.001364623533388045,1.6281513255801923e-05,1.2852403865081617e-05,0.006381588864881162,122
Cha-F-100188,187,17,170,452,17,170,8.681485074100089e-05,2.5869051579598477e-07,8.163924066937953e-06,0.009396512738053364,131
Cha-F-100189,333,282,51,1338,282,51,0.000575293468258171,3.8903557962482973e-07,7.775445678589442e-05,0.016732827496105725,148
Cha-F-100190,47,44,3,182,44,3,0.00012756652863927666,5.6397549794401203e-08,2.323885830962842e-05,0.0023616903673182254,44
Cha-F-100191,38,24,14,99,24,14,0.00011511571689691543,2.7077118966266946e-08,2.1806720979912583e-05,0.0019094517863423948,36
Cha-F-100193,102,47,55,857,47,55,0.00011881554837614131,1.387442057409964e-05,0.00024993645758654605,0.005125370584392744,50
Cha-F-100194,422,226,196,2979,226,196,0.010645870350453345,8.246369312516828e-05,3.0463600984617624e-05,0.02120496457464449,352
Cha-F-100195,84,49,35,329,49,35,7.045931690315836e-05,2.3737717699029533e-08,2.762155100301884e-05,0.004220893422441084,76
Cha-F-100196,82,57,25,317,57,25,0.0002652704935113218,3.2429220751484337e-07,2.1152001238832066e-05,0.00412039596000201,78
Cha-F-100197,155,41,114,476,41,114,0.0004258441921568432,1.3408110884809268e-06,9.004689348554953e-06,0.007788553339028189,135
Cha-F-100198,109,60,49,496,60,49,0.0005481410521448428,3.655374911896236e-06,1.847837397627835e-05,0.005477111702929501,98
Cha-F-100199,61,31,30,280,31,30,0.00037778096917314726,4.224301506467498e-06,1.753580908937704e-05,0.003065172604391739,60
Cha-F-100200,172,15,157,456,15,157,0.0003135849709210924,2.1639622772280715e-06,7.996049519133788e-06,0.008642781769760313,123
Cha-F-100201,52,39,13,141,39,13,7.045200363713338e-05,3.340649360583392e-08,2.0962540422075997e-05,0.002612934023415909,48
Cha-F-100202,65,32,33,210,32,33,8.410230364276314e-05,1.328188663770825e-07,1.3930245885468769e-05,0.003266167529269886,65
Cha-F-100203,11,5,6,43,5,6,9.901354919644273e-06,2.4313133660131978e-09,1.599237736474758e-05,0.0005527360434149038,10
Cha-F-100204,86,57,29,245,57,29,0.00025183378254195525,1.6191046716943817e-07,1.4532988386398943e-05,0.004321390884880157,78
Cha-F-100206,413,400,13,2177,400,13,0.013236878185804466,1.3513777793528954e-05,4.6040752468826675e-05,0.02075272599366866,345
Cha-F-100207,129,110,19,794,110,19,0.0003280968547158805,5.369203002996589e-07,3.85078863014257e-05,0.006482086327320235,96
Cha-F-100208,31,6,25,157,6,25,6.27392872556146e-06,2.8255850034947757e-09,1.483011931813174e-05,0.001557710667805638,25
Cha-F-100209,93,50,43,338,50,43,0.0001987581257897162,6.06962963495652e-06,9.437869920110408e-06,0.0046731320034169134,92
Cha-F-100211,87,73,14,403,73,14,0.00030735150826118827,4.436414577866387e-07,2.7543648260689632e-05,0.004371639616099694,76
Cha-F-100212,62,46,16,187,46,16,0.00014609619844883272,6.766668267322264e-08,2.5343559582323246e-05,0.003115421335611276,58
Cha-F-100213,414,217,197,2738,217,197,0.002476943717905106,1.3773294646428004e-05,4.61240507803559e-05,0.020802974724888196,231
Cha-F-100214,277,168,109,1703,168,109,0.0013873511421916894,1.5660514239219545e-05,5.35803597160018e-05,0.013918898547811668,217
Cha-F-100215,222,161,61,1245,161,61,0.0003214974709484412,4.244798840775377e-07,6.79577807814103e-05,0.01115521833073715,135
Cha-F-100216,75,36,39,231,36,39,9.568696429967843e-05,7.117199984967398e-08,1.3928372414537511e-05,0.003768654841465253,73
Cha-F-100217,382,183,199,2481,183,199,0.003147396792519787,1.4924432131599274e-05,3.112236770355511e-05,0.019195015325863023,216
Cha-F-100218,125,81,44,430,81,44,0.0021481093968464685,2.8386541790226966e-06,1.3968397616930025e-05,0.006281091402442088,119
Cha-F-100219,273,169,104,1119,169,104,0.00046369263296219045,5.066754542964202e-07,7.498010975580018e-05,0.01371790362293352,140
Cha-F-100220,159,147,12,527,147,12,0.002652336161707527,2.2477637143470228e-05,1.659555897299884e-05,0.007989548263906337,141
Cha-F-100222,171,161,10,580,161,10,0.003397228232681493,2.846445271639991e-05,1.6601212716041314e-05,0.008592533038540778,142
Cha-F-100223,732,166,566,7876,166,566,0.002577475501556103,2.9181864980613083e-05,3.263759400174361e-05,0.03678207125270087,222
Cha-F-100224,215,78,137,1139,78,137,0.00025908524932343184,5.349997510482824e-07,3.640983054966567e-05,0.010803477212200392,146
Cha-F-100225,646,230,416,4778,230,416,0.003533134638307559,2.046153813310475e-05,2.2913293948138168e-05,0.03246068036782071,352
Cha-F-100226,226,76,150,934,76,150,0.00030296822476701986,2.5892409603453997e-07,3.070820773121907e-05,0.011356213255615295,148
Cha-F-100227,33,26,7,102,26,7,7.522171283443741e-05,3.4936606890277015e-06,8.524287225172027e-06,0.0016582081302447113,33
Cha-F-100228,30,6,24,179,6,24,3.457511267741355e-06,6.468171265091261e-10,9.312219945534521e-06,0.0015074619365861013,29
Cha-F-100229,31,10,21,91,10,21,2.2255992289345438e-05,2.0203668913320935e-08,9.031775463889598e-06,0.001557710667805638,31
Cha-F-100230,484,222,262,3271,222,262,0.010349083171030182,5.626554596228572e-05,3.5340283688534914e-05,0.024320385910255767,352
Cha-F-100231,233,28,205,1270,28,205,0.001894208359106257,1.1148037627344695e-06,1.1352181946412e-05,0.011707954374152053,144
Cha-F-100232,170,9,161,493,9,161,2.5788948424894143e-05,4.059267430150316e-09,7.764071999545346e-06,0.00854228430732124,124
Cha-F-100233,238,104,134,908,104,134,0.002097266708360735,1.0123934419747636e-05,1.6340232143277447e-05,0.011959198030249736,184
Cha-F-100235,1084,192,892,15936,192,892,0.005162157426769911,1.767218438699681e-05,2.6924682299786438e-05,0.05446962464197779,352
Cha-F-100236,161,100,61,814,100,61,0.0006247659799322147,1.8524611138716667e-05,1.564284345428035e-05,0.00809004572634541,123
Cha-F-100237,874,188,686,6931,188,686,0.0040166158406203,1.5766320316864068e-05,3.9461256533288915e-05,0.043917391085875085,236
Cha-F-100239,97,80,17,392,80,17,0.0002783320097725027,1.7513975365298519e-07,4.11304928215224e-05,0.004874126928295061,81
Cha-F-100240,184,93,91,1076,93,91,0.00038703086566039706,5.761181662392883e-07,4.325535898606031e-05,0.009245766544394754,129
Cha-F-100241,218,86,132,792,86,132,0.0019401626189365574,2.8335981430278252e-05,1.484775080105705e-05,0.010954223405859002,179
Cha-F-100242,556,191,365,4378,191,365,0.007204647849606891,1.959680262050122e-05,2.9124042971485925e-05,0.027938294558062408,352
Cha-F-100243,168,114,54,552,114,54,0.0009409337989014699,8.451772577269754e-07,1.3564391222719498e-05,0.008441786844882167,131
Cha-F-100244,26,6,20,83,6,20,1.072460173421421e-05,1.0199102944745343e-08,8.72731454427875e-06,0.0013064670117079544,24
Cha-F-100245,513,161,352,4602,161,352,0.0028680372265164618,7.957118722350942e-06,3.4449884435649685e-05,0.02577759911562233,243
Cha-F-100246,307,254,53,1369,254,53,0.004595922696771122,1.646320197338369e-05,6.245346283254355e-05,0.015426360484397768,218
Cha-F-100247,567,171,396,3947,171,396,0.0007694163313464691,1.4823878198530335e-06,2.6774709053564674e-05,0.028491030601477313,208
Cha-F-100248,58,23,35,337,23,35,5.8675780906013224e-05,1.4577706441718553e-07,2.252198522804084e-05,0.002914426410733129,50
Cha-F-100249,482,176,306,2252,176,306,0.0021628538552704944,1.4461428117181533e-05,0.00011683186724455092,0.024219888447816692,246
Cha-F-100250,412,219,193,3050,219,193,0.01218942826182041,6.980364636453371e-05,3.9242112769242744e-05,0.020702477262449122,349
Cha-F-100251,188,100,88,520,100,88,0.0019037846167661867,1.018902828631269e-06,1.3256276189641508e-05,0.009446761469272901,149
Cha-F-100252,346,209,137,1562,209,137,0.0027854458471713636,6.948239165769581e-06,3.9245822599233414e-05,0.0173860610019597,219
Cha-F-100253,355,46,309,1926,46,309,0.0006121249760767445,1.5612775078534207e-05,1.1869320640260061e-05,0.01783829958293553,186
Cha-F-100255,61,32,29,417,32,29,0.00010864239834710093,1.152399521460274e-07,2.1243103991996698e-05,0.003065172604391739,58
Cha-F-100256,519,291,228,5151,291,228,0.01348396455361807,4.7234593970889064e-05,4.63243696091914e-05,0.02607909150293955,352
Cha-F-100257,127,106,21,389,106,21,0.00311153384657375,1.5512758128369903e-05,1.6120639753260145e-05,0.006381588864881162,121
Cha-F-100258,504,75,429,2975,75,429,0.003296569799832732,2.3283585937655866e-06,1.4636395782651327e-05,0.0253253605346465,327
Cha-F-100260,316,119,197,1691,119,197,0.0013504237752194651,2.288569008313622e-05,2.3581985277513304e-05,0.0158785990653736,165
Cha-F-100261,43,28,15,145,28,15,0.00015463997220407458,9.762486622124931e-08,1.1363858079000618e-05,0.0021606954424400783,42
Cha-F-100263,133,21,112,428,21,112,0.0014327714908039736,6.239657757389186e-07,8.778189056851659e-06,0.006683081252198382,130
Cha-F-100264,373,27,346,1784,27,346,0.00031444241992501507,2.2544093703909937e-06,9.582473883246445e-06,0.018742776744887193,205
Cha-F-100265,245,124,121,1334,124,121,0.0014489442106530802,1.407027391326104e-05,3.274005672217325e-05,0.012310939148786493,149
Cha-F-100267,164,69,95,783,69,95,0.0007634312635911753,1.8569299188288102e-06,2.0063577399013246e-05,0.00824079192000402,122
Cha-F-100268,432,236,196,4199,236,196,0.009848813558639596,2.7011799818029297e-05,3.7852216089392944e-05,0.021707451886839858,352
Cha-F-100269,96,46,50,437,46,50,0.0005480146977248014,1.0493671259152178e-06,3.904655848850047e-05,0.004823878197075524,76
Cha-F-100270,132,86,46,726,86,46,0.00029050092213059,3.1664937810915564e-07,3.2342903949457824e-05,0.006632832520978845,105
Cha-F-100271,1041,954,87,7907,954,87,0.01799754893289939,1.862474799783426e-05,9.751068311709087e-05,0.05230892919953771,352
Cha-F-100272,130,32,98,422,32,98,0.00037879503062239434,9.920923459298028e-07,9.250632291029653e-06,0.006532335058539772,118
Cha-F-100273,353,205,148,2077,205,148,0.0022747472366572426,2.2874309412595034e-05,2.9979844287921512e-05,0.017737802120496457,231
Cha-F-100274,134,61,73,626,61,73,0.0005810989918697181,2.4818937997174436e-06,1.727155085159066e-05,0.006733329983417919,108
Cha-F-100275,648,283,365,4983,283,365,0.002768065198719248,4.3299815325448804e-05,4.646373685659027e-05,0.03256117783025979,206
Cha-F-100276,85,34,51,272,34,51,9.116150053915846e-05,7.88889578621605e-08,1.6155980499224134e-05,0.00427114215366062,73
Cha-F-100277,613,386,227,4438,386,227,0.006310507696094866,5.454216620951896e-05,0.00014646124275361855,0.030802472237576,279
Cha-F-100278,32,19,13,102,19,13,8.993393445873847e-06,1.6518043710538873e-09,5.833195570428611e-05,0.0016079593990251746,25
Cha-F-100280,440,190,250,2918,190,250,0.0033611494159203705,1.1502838036317956e-05,6.255344966441274e-05,0.022109441736596153,256
Cha-F-100281,180,103,77,974,103,77,0.000891340356352971,2.9684737765373925e-05,1.675892543827832e-05,0.009044771619516606,127
Cha-F-100282,54,27,27,169,27,27,0.00021380283721950103,9.244776123263801e-08,1.1249096143562726e-05,0.002713431485854982,53
Cha-F-100283,165,119,46,547,119,46,0.0018614704263865437,1.9734507068475517e-06,1.65932805525827e-05,0.008291040651223557,136
Cha-F-100284,625,244,381,3215,244,381,0.0007872510796300615,2.166293072367795e-06,5.3502416517870545e-05,0.03140545701221044,183
Cha-F-100285,134,109,25,450,109,25,0.00038815162772067843,5.984992550869847e-07,3.7579261105129075e-05,0.006733329983417919,95
Cha-F-100286,104,74,30,451,74,30,0.00021300283809547207,1.9379991746732517e-07,5.152929324910161e-05,0.005225868046831818,80
Cha-F-100287,194,94,100,1081,94,100,0.00038603614509947126,6.430667856093108e-07,4.238711392663237e-05,0.009748253856590122,121
Cha-F-100288,40,39,1,97,39,1,9.544979660685147e-05,1.0577531975960292e-07,1.8166419199204722e-05,0.002009949248781468,39
Cha-F-100291,36,34,2,87,34,2,0.00011830279591906715,1.482455156882327e-07,1.5454891755677197e-05,0.0018089543239033215,34
Cha-F-100294,470,120,350,3636,120,350,0.000901989763435929,1.0842317989672461e-05,2.4430788647788982e-05,0.02361690367318225,186
Cha-F-100295,515,152,363,4163,152,363,0.004454671705850555,1.2858743219253056e-05,2.5539435950687067e-05,0.025878096578061404,352
Cha-F-100296,629,218,411,4853,218,411,0.003296255186927342,2.4963194446979458e-05,3.5297091782455874e-05,0.03160645193708859,303
Cha-F-100297,57,28,29,209,28,29,0.00011835722816253283,7.711402140596064e-08,2.3752299107877015e-05,0.0028641776795135924,57
Cha-F-100298,32,18,14,76,18,14,7.955911633744901e-05,2.818968985851667e-08,8.95817513958639e-06,0.0016079593990251746,32
Cha-F-100299,88,34,54,529,34,54,0.00010058192460197729,1.6411135085385668e-07,2.6607825960002878e-05,0.00442188834731923,76
Cha-F-100300,441,190,251,1993,190,251,0.0005935337911582756,1.022330787597871e-06,8.255790149284647e-05,0.022159690467815688,188
Cha-F-100301,105,88,17,436,88,17,0.0003041631486182804,3.242151742205295e-07,3.197580295088001e-05,0.005276116778051354,84
Cha-F-100302,1749,1402,347,8873,1402,347,0.032101929437750344,4.861893428877481e-05,0.00011639345833188371,0.0878850309029697,352
Cha-F-100303,50,4,46,210,4,46,4.089684765701567e-05,9.546774048716414e-09,1.2489140273353908e-05,0.002512436560976835,49
Cha-F-100304,34,8,26,242,8,26,2.0109451275494448e-05,1.388395100596273e-08,1.2472340264891357e-05,0.001708456861464248,33
Cha-F-100305,249,70,179,1418,70,179,0.0028479477415304134,2.4747940864282926e-05,1.8035813522305604e-05,0.01251193407366464,199
Cha-F-100306,171,91,80,550,91,80,0.001385770243076051,3.6381331144559405e-06,1.3597019914065682e-05,0.008592533038540778,156
Cha-F-100307,146,75,71,799,75,71,0.0005414804304972273,1.0568408771124115e-05,1.612642098855979e-05,0.007336314758052359,112
Cha-F-100308,54,31,23,226,31,23,0.000297380185390926,4.185327731841019e-07,1.056822853081766e-05,0.002713431485854982,53
Cha-F-100309,1128,747,381,10296,747,381,0.009291516581816995,0.00014256543835130476,0.0002327425951953939,0.056680568815637405,296
Cha-F-100310,164,102,62,882,102,62,0.0002718518339654224,1.1903994702550334e-06,9.173769230633426e-05,0.00824079192000402,108
Cha-F-100311,24,14,10,71,14,10,4.7822642398750226e-05,1.2142432456779794e-08,1.0401038664403823e-05,0.001205969549268881,24
Cha-F-100314,224,70,154,875,70,154,0.0012434524086214435,2.609548088036062e-05,1.1870368059376511e-05,0.011255715793176222,177
Cha-F-100315,120,74,46,499,74,46,0.0002978349860131224,2.1666996107219766e-07,2.7125108351211774e-05,0.006029847746344405,91
Cha-F-100316,208,146,62,1428,146,62,0.000345644948282586,5.326363039883802e-07,0.00011175754290588242,0.010451736093663636,138
Cha-F-100317,307,195,112,2568,195,112,0.0030815089867457512,1.8296969990660167e-05,9.49776808698538e-05,0.015426360484397768,199
Cha-F-100318,286,203,83,1063,203,83,0.0029322786864863096,1.694193022870272e-05,9.36640690450631e-05,0.014371137128787499,163
Cha-F-100319,108,74,34,675,74,34,0.0003799618072868518,5.137956238108778e-07,2.2874865505305488e-05,0.005426862971709964,95
Cha-F-100320,321,179,142,1556,179,142,0.012500135345879985,3.6451200493190627e-05,3.50949610965828e-05,0.016129842721471284,238
Cha-F-100321,88,47,41,352,47,41,0.00021505581080961738,4.543011577856633e-07,2.3126583364113585e-05,0.00442188834731923,84
Cha-F-100322,111,15,96,555,15,96,0.0010436317138035642,1.7086773243588447e-05,9.030226343119994e-06,0.005577609165368575,108
Cha-F-100323,145,104,41,303,104,41,0.0012431996814212408,9.529011210080309e-07,1.2356507870359105e-05,0.007286066026832822,131
Cha-F-100324,124,75,49,635,75,49,0.0004685087842984251,8.30652273949864e-07,3.4309166401124216e-05,0.006230842671222552,103
Cha-F-100325,166,64,102,586,64,102,0.0010102704906312923,1.8133898948511076e-05,1.0298341160491398e-05,0.008341289382443093,157
Cha-F-100326,164,50,114,515,50,114,0.0006279304793218155,1.1167659798424872e-05,9.974332774887907e-06,0.00824079192000402,142
Cha-F-100327,419,238,181,2232,238,181,0.0037900600433342204,1.7666324475826856e-05,0.00010342234049536602,0.02105421838098588,238
Cha-F-100328,366,173,193,2443,173,193,0.009078523153164186,3.755555956226132e-05,2.401155945827206e-05,0.018391035626350433,331
Cha-F-100329,228,51,177,1068,51,177,5.855727895645882e-05,1.1812743142315336e-08,1.8503031591692518e-05,0.01145671071805437,148
Cha-F-100330,262,114,148,1895,114,148,0.00021760214890659358,4.5625495106738373e-07,7.498903769861206e-05,0.013165167579518617,121
Cha-F-100331,1348,242,1106,8932,242,1106,0.011379193695457274,0.0003265604203325051,6.374483475398586e-05,0.06773528968393548,352
Cha-F-100332,838,288,550,6010,288,550,0.002594711824211631,4.97853491453111e-05,3.7531203707614074e-05,0.04210843676197176,234
Cha-F-100333,423,240,183,2592,240,183,0.01165215410262093,0.00014395406078239833,3.8850882999090555e-05,0.021255213305864027,352
Cha-F-100334,209,85,124,637,85,124,0.0012260213756634553,5.686167301582035e-06,1.235722708979511e-05,0.010501984824883171,149
Cha-F-100335,94,52,42,444,52,42,0.0002692663481248168,5.308728638528781e-07,2.8229055326523443e-05,0.004723380734636451,86
Cha-F-100336,310,87,223,2809,87,223,0.0002463570772156263,1.9410941977881299e-07,3.9194020598889617e-05,0.015577106678056379,136
Cha-F-100337,452,214,238,3252,214,238,0.003446259046581412,2.5266395712977497e-05,9.918420761409867e-05,0.02271242651123059,298
Cha-F-100338,30,25,5,88,25,5,9.6745252230281e-05,3.258580758851627e-08,1.2078452398816696e-05,0.0015074619365861013,29
Cha-F-100339,429,90,339,3394,90,339,0.0008715580637126716,3.2275570109358214e-06,2.8307325792735887e-05,0.021556705693181247,230
Cha-F-100340,9,3,6,36,3,6,7.298264805485745e-07,7.619632009171718e-11,1.0303903069399137e-05,0.00045223858097583037,9
Cha-F-100341,83,39,44,362,39,44,0.00011800980025756996,1.6229578469184105e-07,1.9500774877441186e-05,0.004170644691221546,73
Cha-F-100342,121,48,73,645,48,73,0.00029523317394441865,5.137560296034248e-07,1.583349974839983e-05,0.006080096477563942,103
Cha-F-100343,382,285,97,2569,285,97,0.004026382964050347,4.812690019603358e-05,4.275880401983815e-05,0.019195015325863023,232
Cha-F-100344,76,21,55,363,21,55,8.216557203755141e-05,4.73108859867912e-08,1.3241812177096055e-05,0.0038189035726847896,65
Cha-F-100347,220,20,200,689,20,200,0.00015306375247526273,7.637119542374057e-07,8.117091109795105e-06,0.011054720868298076,142
Cha-F-100348,27,9,18,86,9,18,1.1815181421395066e-05,4.135566070718464e-09,1.5824780633544886e-05,0.001356715742927491,27
Cha-F-100349,320,84,236,1856,84,236,0.004720199150245599,2.1629312012798698e-05,1.6845772159951158e-05,0.016079593990251745,289
Cha-F-100350,204,69,135,1077,69,135,0.0003426309128738225,6.335163968144082e-07,3.213957254425004e-05,0.010250741168785488,115
Cha-F-100351,128,56,72,781,56,72,0.00019056976780948962,3.7358594151032765e-07,1.2371314283242249e-05,0.0064318375961006985,106
Cha-F-100352,47,4,43,409,4,43,4.0820734826497935e-05,1.889032669355579e-08,8.072724156456285e-06,0.0023616903673182254,45
Cha-F-100353,61,17,44,263,17,44,0.00011271164386129861,1.6093031408548654e-07,1.3870086323834222e-05,0.003065172604391739,53
Cha-F-100354,677,386,291,4846,386,291,0.014840823020279389,0.00024276174187726546,0.00010621525851120174,0.03401839103562635,255
Cha-F-100355,144,93,51,946,93,51,0.0004698760702767927,1.0274427165235918e-06,4.4110970645730136e-05,0.007235817295613286,106
Cha-F-100356,114,94,20,569,94,20,0.0009573196439338453,1.4332542583045388e-06,7.466234782358418e-05,0.005728355359027185,101
Cha-F-100358,883,444,439,12497,444,439,0.005295959923717408,0.005241696627229245,0.00012617299873920969,0.044369629666850915,348
Cha-F-100359,130,62,68,523,62,68,0.0003601390044801964,3.740014319579485e-06,1.5077690173097734e-05,0.006532335058539772,107
Cha-F-100360,181,41,140,519,41,140,0.00014412439890972785,3.991361075845347e-07,8.429761086875907e-06,0.009095020350736144,136
Cha-F-100361,72,48,24,242,48,24,0.00015684720590569896,9.602847640639877e-08,1.872098192341594e-05,0.003617908647806643,70
Cha-F-100362,483,283,200,3715,283,200,0.006017060724246334,7.1923231119179375e-06,2.8204500208675858e-05,0.02427013717903623,285
Cha-F-100364,395,81,314,2057,81,314,0.0004203661196527513,9.402349356210546e-07,1.6600172730860285e-05,0.019848248831717,186
Cha-F-100365,64,40,24,300,40,24,0.00016565615029246324,2.555097088779692e-07,1.5623670360293354e-05,0.0032159187980503492,61
Cha-F-100366,117,105,12,401,105,12,0.0007548947032636956,6.499386493990487e-06,1.2838714204882177e-05,0.005879101552685795,115
Cha-F-100367,123,37,86,605,37,86,9.709445800156867e-05,1.1939660495236566e-07,3.288069056141594e-05,0.0061805939400030145,86
Cha-F-100368,230,67,163,2001,67,163,0.0006061354442665977,6.233290399543962e-07,4.003075471245664e-05,0.011557208180493442,109
Cha-F-100369,78,76,2,509,76,2,0.0009166538042758346,5.174526261071513e-06,4.805306044300848e-05,0.003919401035123863,78
Cha-F-100370,340,121,219,2027,121,219,0.0007018775596154068,4.507128904832284e-06,1.6638772751368586e-05,0.01708456861464248,211
Cha-F-100371,173,79,94,1101,79,94,0.0009167218917438548,8.880965360520991e-06,2.9617185827906344e-05,0.00869303050097985,127
Cha-F-100372,293,169,124,1932,169,124,0.0021177569408954555,7.712041395340143e-06,2.5434875029445526e-05,0.014722878247324255,205
Cha-F-100375,79,45,34,351,45,34,0.00035124856938913883,6.575820467116929e-07,2.114014070486085e-05,0.0039696497663434,74
Cha-F-100376,92,50,42,549,50,42,0.00028103960131179925,4.299106719628761e-07,1.5976636608061165e-05,0.004622883272197377,86
Cha-F-100378,92,54,38,348,54,38,0.00020782527136688374,1.2626498992884472e-07,1.874321081786744e-05,0.004622883272197377,85
Cha-F-100379,357,214,143,4049,214,143,0.0004301991724484535,3.8057085673116777e-06,0.0001757676848430491,0.017938797045374603,121
Cha-F-100380,127,88,39,665,88,39,0.00030733987420821093,5.178056401429542e-07,3.126617160430465e-05,0.006381588864881162,101
Cha-F-100381,114,46,68,538,46,68,0.0005250724709033455,9.304940262445262e-07,1.891086763348237e-05,0.005728355359027185,91
Cha-F-100382,197,39,158,770,39,158,0.0001108408406898281,6.328762891591056e-08,1.3860032536066038e-05,0.009899000050248732,138
Cha-F-100383,30,7,23,95,7,23,3.8748727514403425e-05,1.568814612806713e-08,8.1664903842539e-06,0.0015074619365861013,30
Cha-F-100384,161,152,9,933,152,9,0.0006645150130355083,1.9715219540708944e-06,6.256271922147345e-05,0.00809004572634541,111
Cha-F-100385,525,76,449,15110,76,449,0.0010237081569636406,0.0004401188154106145,1.458878271060325e-05,0.02638058389025677,348
Cha-F-100386,138,97,41,1184,97,41,0.0002168153135283834,8.406919467399279e-07,9.410822878716214e-05,0.0069343249082960655,92
Cha-F-100387,472,178,294,2477,178,294,0.0020055196640207202,2.813953296322566e-05,2.936414518896051e-05,0.023717401135621326,211
Cha-F-100388,176,108,68,1756,108,68,0.0004413880989481126,6.478650182852185e-05,7.196096939634557e-05,0.00884377669463846,90
Cha-F-100389,168,46,122,1084,46,122,0.000287755090402826,8.182648976821267e-07,1.930332682457165e-05,0.008441786844882167,121
Cha-F-100390,791,703,88,4731,703,88,0.013425833282060146,8.973700378816317e-06,5.6956358692839335e-05,0.03974674639465354,352
Cha-F-100391,240,121,119,767,121,119,0.0001699846655278902,4.6444976351513785e-08,3.5815332136391214e-05,0.01205969549268881,148
Cha-F-100392,221,97,124,651,97,124,0.00018860824891104018,1.0523207529177349e-07,2.170492507638879e-05,0.011104969599517612,148
Cha-F-100393,266,202,64,1261,202,64,0.0005457597000625167,1.1066013630733885e-06,4.958293711545337e-05,0.013366162504396765,148
Cha-F-100394,489,120,369,4217,120,369,0.00305767665925892,1.1214851395964607e-05,3.2889683975042887e-05,0.024571629566353448,205
Cha-F-100395,161,48,113,1079,48,113,0.0006590832716844184,1.1679015227722714e-06,1.62788939039292e-05,0.00809004572634541,112
Cha-F-100396,79,64,15,349,64,15,0.000217811787049691,2.5245631123723676e-07,4.263045000050356e-05,0.0039696497663434,70
Cha-F-100397,80,67,13,370,67,13,0.00026801581874309814,1.9586439883347595e-07,5.0660037908307596e-05,0.004019898497562936,69
Cha-F-100398,542,241,301,3355,241,301,0.0035542382253711774,5.1825722363650544e-05,7.448290102465117e-05,0.027234812320988896,228
Cha-F-100399,174,64,110,790,64,110,0.00024110698414072564,2.277237484734563e-07,4.316249760211177e-05,0.008743279232199388,136
Cha-F-100400,103,91,12,581,91,12,0.00032411922182757675,4.2917693905397664e-07,3.754666523021033e-05,0.0051756193156122805,77
Cha-F-100401,115,52,63,682,52,63,0.0008875182312113257,1.0128121015663e-06,1.564645062630215e-05,0.005778604090246721,97
Cha-F-100402,65,53,12,324,53,12,0.00013225457434637718,1.6111841620788184e-07,6.27671089126608e-05,0.003266167529269886,57
Cha-F-100403,233,70,163,934,70,163,0.0003061612333964393,2.6678279417492256e-07,3.28043755476694e-05,0.011707954374152053,150
Cha-F-100404,203,163,40,2008,163,40,0.0003388237630865632,2.8595230943198147e-06,0.00011863087419473222,0.01020049243756595,121
Cha-F-100405,572,210,362,2288,210,362,0.005884612410598567,8.439688796227158e-05,5.7591147630980396e-05,0.028742274257574998,299
Cha-F-100406,55,7,48,245,7,48,2.0831681445553696e-05,8.13999092414092e-09,9.508300888013867e-06,0.002763680217074519,54
Cha-F-100407,169,75,94,928,75,94,0.0007590544840080575,2.8007057490920654e-06,2.3329461556621038e-05,0.008492035576101703,115
Cha-F-100408,492,129,363,3825,129,363,0.0023494146059191874,6.0853890661338415e-06,4.083385310438466e-05,0.024722375760012058,241
Cha-F-100409,720,183,537,3402,183,537,0.002621995043465021,1.8940126459905622e-05,3.910062693024517e-05,0.036179086478066426,300
Cha-F-100410,107,66,41,584,66,41,0.00022942289513148373,1.4873998683840345e-07,1.94734299590814e-05,0.005376614240490428,88
Cha-F-100411,422,204,218,3103,204,218,0.012077073893326717,5.787904545455048e-05,4.093759206006193e-05,0.02120496457464449,352
Cha-F-100412,336,91,245,1492,91,245,0.0005577385143954939,4.483699463452569e-06,1.3296807453530277e-05,0.016883573689764335,205
Cha-F-100413,518,193,325,1843,193,325,0.009036184168981387,9.823570805321629e-05,3.4511293562274765e-05,0.026028842771720014,285
Cha-F-100416,229,74,155,1215,74,155,0.0002452493726456028,3.000223146366678e-07,3.959349277935413e-05,0.011506959449273905,148
Cha-F-100417,87,33,54,675,33,54,4.089146509409999e-05,8.398057310140094e-08,1.2552405479814021e-05,0.004371639616099694,77
Cha-F-100418,130,92,38,1578,92,38,0.00022050726507782668,3.12505092892256e-06,0.00012117590549392228,0.006532335058539772,89
Cha-F-100419,367,177,190,2666,177,190,0.008840522245924028,2.7334416965149033e-05,2.5037847405403163e-05,0.018441284357569972,334
Cha-F-100420,148,38,110,774,38,110,0.00030867192032104306,3.633802301405587e-07,9.06441988110258e-06,0.0074368122204914325,124
Cha-F-100421,377,167,210,1734,167,210,0.006314485788771703,1.6155427143221144e-05,4.123472798159748e-05,0.01894377166976534,235
Cha-F-100422,103,24,79,747,24,79,0.00016077379123996492,1.8164288945257563e-07,2.0421164546034363e-05,0.0051756193156122805,85
Cha-F-100423,314,204,110,1895,204,110,0.00036048745621762124,5.811940795215169e-07,0.00020493694260034095,0.015778101602934524,99
Cha-F-100424,201,152,49,905,152,49,0.0003514811878863326,2.7635571286745394e-07,6.310034680786998e-05,0.010099994975126878,138
Cha-F-100425,487,241,246,3544,241,246,0.003743026005974272,1.5012675050611172e-05,6.131187067353144e-05,0.024471132103914377,231
Cha-F-100428,213,154,59,1289,154,59,0.0003730629837468299,7.796148997880975e-07,8.116032728317009e-05,0.010702979749761319,135
Cha-F-100429,130,117,13,475,117,13,0.002698557177793945,4.162718342498678e-06,1.66869569886081e-05,0.006532335058539772,129
Cha-F-100430,207,117,90,838,117,90,0.0003236953712743037,3.446944116099659e-07,1.7553361400868724e-05,0.010401487362444098,179
Cha-F-100432,75,53,22,368,53,22,0.00022357508993093737,1.8503241802228906e-07,1.8072815994216128e-05,0.003768654841465253,71
Cha-F-100433,421,202,219,4426,202,219,0.012559025183089382,4.3980464120820866e-05,4.1474875302615805e-05,0.021154715843424952,352
Cha-F-100434,179,68,111,796,68,111,0.0006935464798862819,3.83889922570994e-06,1.8402561438100045e-05,0.008994522888297071,115
Cha-F-100436,220,126,94,1027,126,94,0.0008555876582854187,1.2142934754663686e-05,1.9632066607945092e-05,0.011054720868298076,150
Cha-F-100437,170,82,88,804,82,88,0.0009758823639977094,6.491641914978249e-06,2.3584737075598764e-05,0.00854228430732124,111
Cha-F-100438,196,63,133,979,63,133,0.0007520732974356237,4.502798870336243e-06,2.951214035688962e-05,0.009848751319029195,126
Cha-F-100439,217,47,170,747,47,170,0.00036020214937364074,5.548307030547555e-06,9.909032856341165e-06,0.010903974674639466,165
Cha-F-100440,941,416,525,4282,416,525,0.006454796000760111,4.402018484159115e-05,8.575258048722239e-05,0.04728405607758404,317
Cha-F-100441,252,223,29,1157,223,29,0.00033428253506629453,1.8575727513794866e-07,6.95315803250796e-05,0.01266268026732325,150
Cha-F-100442,285,171,114,1474,171,114,0.00044193537934060376,4.124911669898614e-07,6.77753988750776e-05,0.014320888397567962,148
Cha-F-100443,400,226,174,3067,226,174,0.013123222088783023,3.269599621883611e-05,4.6300241328206036e-05,0.02009949248781468,352
Cha-F-100444,300,118,182,2159,118,182,0.0009205601703911508,1.5132192579122098e-05,1.836324527864569e-05,0.015074619365861013,211
Cha-F-100445,92,12,80,378,12,80,8.321261952848418e-05,2.360588346074482e-08,8.130458129229633e-06,0.004622883272197377,86
Cha-F-100446,313,159,154,1678,159,154,0.0020744157997432465,1.6196920755728903e-05,4.198008879270231e-05,0.01572785287171499,180
Cha-F-100447,598,224,374,3553,224,374,0.0036788806287440944,7.626929618268834e-05,4.194230745377888e-05,0.03004874126928295,255
Cha-F-100448,339,150,189,2346,150,189,0.0005682198433911141,4.6464816184559785e-06,6.849580245725978e-05,0.017034319883422945,167
Cha-F-100449,462,289,173,2845,289,173,0.005489518581227375,2.8007115936265164e-05,7.381840017542962e-05,0.02321491382342596,229
Cha-F-100452,878,149,729,5113,149,729,0.003337812921527809,1.3112413602747302e-05,1.7642751335308132e-05,0.04411838601075323,352
Cha-F-100453,299,127,172,1486,127,172,0.0009045461707928663,2.506612382152875e-05,1.602193752610318e-05,0.015024370634641475,211
Cha-F-100455,222,73,149,901,73,149,0.0017911311453628824,1.199089470317259e-05,1.4598118828606419e-05,0.01115521833073715,179
Cha-F-100456,487,281,206,3444,281,206,0.0023581690665847362,4.828249729672005e-05,4.077683638393501e-05,0.024471132103914377,205
Cha-F-100457,499,118,381,3077,118,381,0.003552002041794675,0.0001404074878500845,3.0523621625234576e-05,0.025074116878548817,205
Cha-F-100458,31,23,8,110,23,8,0.00013694371847561846,4.805185489079375e-07,1.8218781333848418e-05,0.001557710667805638,30
Cha-F-100459,88,51,37,379,51,37,0.00020065708466036447,8.346429411926583e-07,1.4382934748791566e-05,0.00442188834731923,81
Cha-F-100460,522,151,371,3198,151,371,0.002679557378526935,4.634030390552802e-05,3.0859371132222716e-05,0.02622983769659816,241
Cha-F-100461,155,40,115,1107,40,115,0.00017877490397853927,4.1315216304153736e-07,2.1086552166699246e-05,0.007788553339028189,98
Cha-F-100462,198,137,61,1001,137,61,0.004824473435297194,8.559887819617459e-06,5.902252891115716e-05,0.009949248781468268,189
Cha-F-100463,73,44,29,457,44,29,0.00023336009590751566,5.084313620066368e-07,1.501847693168737e-05,0.0036681573790261794,66
Cha-F-100464,73,44,29,356,44,29,0.0001961215203411118,8.924223047474419e-08,2.548046142250381e-05,0.0036681573790261794,66
Cha-F-100465,100,78,22,393,78,22,0.00030608825431978343,1.9530116016686902e-07,2.352842771403366e-05,0.00502487312195367,88
Cha-F-100466,384,216,168,2215,216,168,0.002783262141128643,3.458007447211743e-06,2.829961625125936e-05,0.019295512788302095,241
Cha-F-100467,268,174,94,2190,174,94,0.0011902313973116512,5.110039690217423e-05,2.498321625434854e-05,0.013466659966835838,211
Cha-F-200000,161,107,54,832,107,54,0.00048050876137178386,4.06012567862088e-07,8.027629521180754e-05,0.00809004572634541,122
Cha-F-200001,506,245,261,3815,245,261,0.001035765748950531,1.3732964102226318e-05,9.046705949464201e-05,0.025425857997085573,183
Cha-F-200002,200,181,19,1339,181,19,0.001692884549929911,1.670628555475366e-05,0.00013932788514669115,0.01004974624390734,157
Cha-F-200004,98,57,41,262,57,41,0.0007433806237163123,6.635705961565789e-07,1.0020251125998484e-05,0.004924375659514597,97
Cha-F-200005,206,77,129,765,77,129,0.0006394539101022163,2.4616294367273374e-05,1.3183606777898443e-05,0.010351238631224561,166
Cha-F-200006,88,50,38,385,50,38,0.0002600157142501118,3.93467226967299e-07,2.226971521281333e-05,0.00442188834731923,81
Cha-F-200007,2212,2126,86,16218,2126,86,0.05889741917625098,0.00013602494770517757,0.00025896139761158194,0.11115019345761519,352
Cha-F-200009,444,209,235,2482,209,235,0.01099322611112779,2.0595823510372424e-05,3.719921620613402e-05,0.0223104366614743,352
Cha-F-200010,105,39,66,480,39,66,0.000167944470070698,1.9376733070656756e-07,1.7449848172448757e-05,0.005276116778051354,88
Cha-F-200011,42,20,22,211,20,22,7.842047051657671e-05,4.845515242920647e-08,1.533344461874705e-05,0.002110446711220542,39
Cha-F-200012,71,48,23,308,48,23,0.00015838159270942288,2.09476569509033e-07,1.615914783887236e-05,0.003567659916587106,67
Cha-F-200013,703,173,530,3831,173,530,0.004503011668033094,1.6753622135827773e-05,2.395320918153132e-05,0.035324858047334304,352
Cha-F-200014,115,74,41,340,74,41,0.00045089956343299253,4.467699400687528e-06,1.1725580704949076e-05,0.005778604090246721,109
Cha-F-200015,23,18,5,68,18,5,5.2193143505575146e-05,1.6287012617738815e-08,1.0923011654328083e-05,0.0011557208180493442,23
Cha-F-200016,73,64,9,187,64,9,0.0003462773697313748,2.913812102457942e-07,1.593367189974848e-05,0.0036681573790261794,71
Cha-F-200017,64,48,16,153,48,16,0.0005243556330075927,8.627175388274498e-07,9.662928694351024e-06,0.0032159187980503492,64
Cha-F-200018,156,31,125,687,31,125,0.0001293028803534551,6.9046138982239e-08,1.3268351512624092e-05,0.007838802070247727,123
Cha-F-200019,43,20,23,158,20,23,0.00017103728589253309,6.984617781536131e-08,1.1452022172139346e-05,0.0021606954424400783,43
Cha-F-200020,40,31,9,117,31,9,0.00018198796516619525,1.9640209327127046e-07,1.1131851192350918e-05,0.002009949248781468,40
Cha-F-200021,22,16,6,62,16,6,5.482349397853961e-05,3.4345792980472455e-08,9.705447053675105e-06,0.0011054720868298076,21
Cha-F-200022,250,222,28,1481,222,28,0.0005946270638508719,8.513791186745989e-07,8.824865851853788e-05,0.012562182804884177,125
Cha-F-200023,478,198,280,4035,198,280,0.0032386842588445724,3.2880132897820736e-05,2.978908580162352e-05,0.024018893522938546,352
Cha-F-200024,265,164,101,904,164,101,0.0016173080067446045,3.1821940914211203e-06,3.575718198244754e-05,0.013315913773177228,186
Cha-F-200025,763,247,516,5778,247,516,0.003997519223334623,5.869159234937057e-05,4.188654466429931e-05,0.03833978192050651,243
Cha-F-200026,84,8,76,514,8,76,4.283216500898498e-05,2.1603102769062725e-08,7.867344276616622e-06,0.004220893422441084,81
Cha-F-200027,79,49,30,255,49,30,0.00016416240804243386,1.9225037237314895e-07,2.0143487238815683e-05,0.0039696497663434,72
Cha-F-200028,165,60,105,748,60,105,9.712748884260596e-05,6.854881272088507e-08,4.27053120198888e-05,0.008291040651223557,104
Cha-F-200029,94,86,8,282,86,8,0.0015566844218501826,2.34519795211016e-05,1.2723818812127842e-05,0.004723380734636451,94
Cha-F-200030,13,10,3,30,10,3,1.139504380666757e-05,3.195035133734964e-09,8.299229722821008e-06,0.0006532335058539772,13
Cha-F-200031,35,27,8,139,27,8,0.00010102692233353129,2.4920162426360012e-08,1.7326334524332893e-05,0.0017587055926837848,35
Cha-F-200032,53,22,31,168,22,31,7.106812707441529e-05,1.3885965022198503e-08,1.1855257610445614e-05,0.0026631827546354453,53
Cha-F-200033,15,11,4,64,11,4,1.2858997390578527e-05,5.156565100876604e-09,1.9073308095062065e-05,0.0007537309682930506,14
Cha-F-200034,257,14,243,1613,14,243,0.00010794647118559582,1.8597475669512624e-06,8.337714477522271e-06,0.012913923923420934,183
Cha-F-200035,144,85,59,510,85,59,0.0006035228912275152,1.4037610058475131e-06,1.355748884793885e-05,0.007235817295613286,128
Cha-F-200037,163,61,102,856,61,102,0.00027170583465052406,3.9735474726058625e-07,3.5601111151819824e-05,0.008190543188784483,125
Cha-F-200038,456,29,427,3214,29,427,0.0003101310908681205,8.825450673713037e-07,8.558676995230195e-06,0.02291342143610874,241
Cha-F-200040,104,53,51,507,53,51,0.0004890167366106235,5.641084669242705e-07,1.8858351833354234e-05,0.005225868046831818,94
Cha-F-200041,65,45,20,196,45,20,0.0003817424035912263,8.533207638337577e-07,9.066913737623885e-06,0.003266167529269886,65
Cha-F-200042,77,53,24,420,53,24,0.00025846601707646974,6.039696347349759e-07,2.0408145244838192e-05,0.0038691523039043265,73
Cha-F-200043,115,32,83,391,32,83,0.00012956074515438337,2.015758679197569e-07,1.4617640985262978e-05,0.005778604090246721,83
Cha-F-200044,123,88,35,632,88,35,0.00046816030801160035,1.2543922923323878e-06,3.508020533056907e-05,0.0061805939400030145,103
Cha-F-200045,460,160,300,2993,160,300,0.0035141432149159314,1.8875166255242736e-06,1.8753560456935505e-05,0.023114416360986885,352
Cha-F-200046,294,177,117,1924,177,117,0.010960489311619512,4.507885705536909e-05,3.2348816290026305e-05,0.014773126978543792,290
Cha-F-200047,135,104,31,344,104,31,0.0011741407705960019,2.1233192859013083e-06,1.1903519786207983e-05,0.006783578714637455,127
Cha-F-200048,154,56,98,730,56,98,7.617575875025026e-05,5.306705767672513e-08,4.107082615484139e-05,0.007738304607808653,97
Cha-F-200050,273,86,187,1287,86,187,0.0024877122830532653,0.00021332213762571337,8.796985026048588e-05,0.01371790362293352,222
Cha-F-200051,886,129,757,3874,129,757,0.0021849635812426133,5.247435027126928e-06,1.3404870471498212e-05,0.04452037586050952,352
Cha-F-200052,53,44,9,188,44,9,0.000475409364173157,6.4577433431591755e-06,9.725900031185359e-06,0.0026631827546354453,53
Cha-F-200053,498,263,235,2249,263,235,0.003423874722136574,2.1991350506574635e-05,4.592360478369439e-05,0.02502386814732928,241
Cha-F-200054,190,20,170,538,20,170,8.005512021114619e-05,7.18929758789316e-08,8.460751698328664e-06,0.009547258931711974,128
Cha-F-200055,409,85,324,1534,85,324,0.0005669087790097275,2.6465363629922724e-06,2.9562171625296927e-05,0.02055173106879051,186
Cha-F-200056,210,82,128,846,82,128,0.0014279061696299198,4.14428890205253e-06,1.5867424071111095e-05,0.010552233556102708,169
Cha-F-200057,38,30,8,367,30,8,5.5092380963526744e-05,4.685189095468315e-06,7.383142074807522e-05,0.0019094517863423948,30
Cha-F-200058,506,367,139,3391,367,139,0.004850140809763773,0.002734362506807353,6.900956362336845e-05,0.025425857997085573,344
Cha-F-200059,277,28,249,724,28,249,0.0003349375481612515,6.019224148540541e-07,8.618258003602674e-06,0.013918898547811668,160
Cha-F-200060,242,71,171,1114,71,171,0.00036044867914413647,9.076888826890777e-07,1.5032210712318102e-05,0.012160192955127883,179
Cha-F-200061,409,229,180,1682,229,180,0.005844215861593327,1.3869579264113617e-05,5.94836750595567e-05,0.02055173106879051,241
Cha-F-200062,193,76,117,578,76,117,0.0010946305373899397,2.4215287262392553e-06,1.166889094337529e-05,0.009698005125370585,161
Cha-F-200064,67,52,15,250,52,15,0.00021773461166700155,9.765886194045965e-08,1.8540353172576855e-05,0.0033666649917089594,66
Cha-F-200065,8,5,3,19,5,3,4.390063299608305e-06,6.053559490341389e-10,8.122103939857563e-06,0.00040198984975629365,8
Cha-F-200066,30,20,10,71,20,10,6.388694533651467e-05,7.108636142043927e-08,9.84372281198584e-06,0.0015074619365861013,30
Cha-F-200068,915,131,784,4685,131,784,0.0017313021032894652,1.7591290549173718e-05,1.3114982559048975e-05,0.04597758906587609,352
Cha-F-200069,158,14,144,459,14,144,5.936969480659835e-05,5.949861848973053e-07,8.25872416010998e-06,0.0079392995326868,128
Cha-F-200070,214,161,53,1026,161,53,0.0004750739659584517,4.784328605724528e-07,8.380692921287425e-05,0.010753228480980856,121
Cha-F-200071,273,27,246,844,27,246,0.000141354235941826,4.149283546486829e-06,8.217430920931523e-06,0.01371790362293352,146
Cha-F-200072,179,92,87,851,92,87,0.0007240128377248456,1.6497920592314976e-05,1.5815326729601833e-05,0.008994522888297071,132
Cha-F-200073,97,41,56,393,41,56,0.0003043044283993175,5.803374072351909e-06,9.447394494475362e-06,0.004874126928295061,82
Cha-F-200074,453,269,184,2795,269,184,0.0012742260868926461,1.0431107521199882e-05,7.50699711481011e-05,0.02276267524245013,186
Cha-F-200076,386,234,152,2278,234,152,0.012288453367164564,1.9552503807587413e-05,4.265923674354975e-05,0.01939601025074117,331
Cha-F-200077,20,9,11,62,9,11,3.7873897431778984e-05,2.4954351718845405e-08,8.85728737296288e-06,0.001004974624390734,20
Cha-F-200078,41,39,2,171,39,2,0.000178658938399954,1.4079484591698144e-07,1.8260076234290732e-05,0.002060197980001005,41
Cha-F-200079,94,59,35,340,59,35,0.000547789684781508,9.374575750572522e-06,1.180108414918292e-05,0.004723380734636451,83
Cha-F-200080,89,26,63,317,26,63,5.5428099088732904e-05,9.8532676085125e-08,1.1132002254283526e-05,0.004472137078538767,86
Cha-F-200081,351,198,153,1783,198,153,0.0004529354273494254,4.7292849601119877e-07,0.00010181192807470413,0.017637304658057382,148
Cha-F-200082,405,117,288,1966,117,288,0.0030968254188642546,4.6530885479996925e-06,2.5239300616919633e-05,0.020350736143912366,205
Cha-F-200083,89,56,33,276,56,33,0.00035705180829447047,9.287301418442581e-06,1.0013498287872505e-05,0.004472137078538767,89
Cha-F-200084,996,888,108,5833,888,108,0.03138951388386441,5.7990624331394674e-05,0.00010192434545906756,0.05004773629465856,352
Cha-F-200086,104,51,53,484,51,53,0.00028166728680796126,4.068267302777649e-07,3.721718472729082e-05,0.005225868046831818,89
Cha-F-200087,459,147,312,2420,147,312,0.0010634557659878795,1.8108533388490406e-05,2.332357219394949e-05,0.02306416762976735,206
Cha-F-200088,54,32,22,226,32,22,0.00023466250215856848,2.4115946149961113e-07,9.413245375346238e-06,0.002713431485854982,52
Cha-F-200089,174,135,39,862,135,39,0.0002638612290506561,2.1090400873239797e-07,5.845750154354804e-05,0.008743279232199388,131
Cha-F-200090,541,284,257,2753,284,257,0.0026321441154994957,3.252219796480998e-05,5.924755856669845e-05,0.027184563589769357,207
Cha-F-200091,366,50,316,2064,50,316,0.00031388797041303557,9.4044579192448e-07,1.2616195119311092e-05,0.018391035626350433,181
Cha-F-200093,513,205,308,3069,205,308,0.002847606709076944,9.443941245336415e-05,5.943491417428203e-05,0.02577759911562233,243
Cha-F-200094,128,59,69,729,59,69,0.00046938457310679525,3.658086899772662e-06,1.9949088176328762e-05,0.0064318375961006985,105
Cha-F-200095,215,77,138,648,77,138,0.0010359929606299468,2.885372647121792e-06,1.0323920304343997e-05,0.010803477212200392,186
Cha-F-200096,322,101,221,1423,101,221,0.0033002563347562554,2.4304421567930495e-06,1.9899112600076802e-05,0.01618009145269082,241
Cha-F-200097,299,158,141,3102,158,141,0.002051825343620622,1.8515269042493123e-05,8.818957769098495e-05,0.015024370634641475,148
Cha-F-200098,84,58,26,419,58,26,0.000612350242152099,3.817352133634343e-06,3.1525895000107264e-05,0.004220893422441084,80
Cha-F-200099,317,195,122,1667,195,122,0.0022522922737728992,2.0628272311061097e-05,0.00011511790038116079,0.015928847796593135,225
Cha-F-200100,117,59,58,481,59,58,0.0005567462220430156,1.6388729776647298e-05,1.1749446307498878e-05,0.005879101552685795,95
Cha-F-200101,94,53,41,334,53,41,0.00043073594874086513,7.926080682426058e-07,1.4115667855154185e-05,0.004723380734636451,83
Cha-F-200102,197,195,2,684,195,2,0.0017337889852428296,1.9927062874246995e-05,6.214600438884699e-05,0.009899000050248732,142
Cha-F-200103,111,73,38,514,73,38,0.0005696617069343913,3.030979176512137e-06,1.9106700611467614e-05,0.005577609165368575,99
Cha-F-200104,277,79,198,1232,79,198,0.0005508240823037625,3.3860751235958226e-06,2.309006421517571e-05,0.013918898547811668,178
Cha-F-200105,13,8,5,33,8,5,0.00021814305724180612,1.673269133966955e-08,7.752907759769063e-06,0.0006532335058539772,13
Cha-F-200106,97,72,25,350,72,25,0.0003171101840779931,1.3481958053637458e-06,0.00013060330936311203,0.004874126928295061,89
Cha-F-200107,293,211,82,1185,211,82,0.0016871006737195072,2.4813210502481995e-06,4.005012383134097e-05,0.014722878247324255,175
Cha-F-200108,224,222,2,760,222,2,0.002117439366227721,5.610356692755897e-06,4.653344336730799e-05,0.011255715793176222,144
Cha-F-200109,176,106,70,533,106,70,0.000601750465318432,9.841595983164164e-07,1.4309784363511551e-05,0.00884377669463846,139
Cha-F-200110,351,203,148,1630,203,148,0.002290661502781634,0.00020777903168697138,3.0926041218082436e-05,0.017637304658057382,231
Cha-F-200111,104,59,45,470,59,45,0.0007652047487414967,1.0919860576865846e-06,1.3898266086187497e-05,0.005225868046831818,88
Cha-F-200112,688,326,362,3779,326,362,0.01040265457083611,1.9554608065913295e-05,2.6771919633927907e-05,0.03457112707904125,352
Cha-F-200113,410,205,205,3638,205,205,0.001607751625799432,0.00012062142155453586,0.00016224813652940023,0.02060197980001005,223
Cha-F-200115,64,23,41,206,23,41,9.585913359355007e-05,1.3003342026317123e-07,1.3422600449904216e-05,0.0032159187980503492,62
Cha-F-200116,102,62,40,389,62,40,0.00017763029032573502,1.8101506588828693e-07,1.6699231262681996e-05,0.005125370584392744,89
Cha-F-200117,382,167,215,1403,167,215,0.002254277890865291,1.3178423765186019e-05,2.0102644998053402e-05,0.019195015325863023,214
Cha-F-200119,2735,2241,494,18290,2241,494,0.06145461426885263,0.0001184721140089463,0.00027370670891703003,0.13743027988543288,352
Cha-F-200120,333,187,146,1065,187,146,0.0030480305543821615,4.832233783138894e-05,3.692452201763834e-05,0.016732827496105725,151
Cha-F-200121,995,748,247,3838,748,247,0.016524742417855842,0.00014787318604465968,9.195448010995533e-05,0.049997487563439025,331
Cha-F-200122,77,41,36,199,41,36,0.0003268844278262811,6.994077989630648e-07,1.1777119441587442e-05,0.0038691523039043265,74
Cha-F-200123,233,31,202,1045,31,202,0.00022422429886071954,2.5100335619492294e-07,1.2676296435534563e-05,0.011707954374152053,138
Cha-F-200124,970,797,173,6040,797,173,0.017909959974824054,0.0035766814536094486,0.000194807110837141,0.048741269282950604,348
Cha-F-200125,174,167,7,841,167,7,0.003339378479517377,2.4587972475621024e-06,0.00010684248214567781,0.008743279232199388,151
Cha-F-200126,157,95,62,799,95,62,0.001008548770936485,7.341947093617646e-06,1.8191510009198437e-05,0.007889050801467262,129
Cha-F-200127,65,55,10,236,55,10,0.00015014762426770984,1.1348599784797074e-07,1.838794714885816e-05,0.003266167529269886,65
Cha-F-200129,949,338,611,6007,338,611,0.0047286877029393505,1.5005212517789971e-05,9.539356648276078e-05,0.04768604592734033,320
Cha-F-200131,144,94,50,641,94,50,0.0007240371549804205,2.3737987682914686e-05,1.601225161300068e-05,0.007235817295613286,119
Cha-F-200132,195,123,72,841,123,72,0.0004441994914026863,7.58089478473464e-07,3.0801315538470805e-05,0.009798502587809657,146
Cha-F-200133,801,648,153,6338,648,153,0.009087685346861146,7.12678610024927e-05,0.00023082425850170038,0.0402492337068489,241
Cha-F-200134,653,223,430,3163,223,430,0.010018530190242587,0.00012581780661476046,3.423899460099373e-05,0.03281242148635747,352
Cha-F-200135,190,114,76,943,114,76,0.0012233470371926466,8.303738453690158e-06,2.7621881092163e-05,0.009547258931711974,142
Cha-F-200136,426,222,204,2931,222,204,0.010336699868135403,8.165752273319132e-05,3.489003529352929e-05,0.021405959499522637,348
Cha-F-200137,363,134,229,1715,134,229,0.0010488965802814953,1.4060336735976469e-05,1.9129521408903425e-05,0.018240289432691823,203
Cha-F-200138,43,35,8,104,35,8,0.0004913593380557704,8.971701717504618e-06,9.235136399640191e-06,0.0021606954424400783,43
Cha-F-200139,169,129,40,572,129,40,0.0010076094150276735,1.1252753398909773e-06,5.407409647307948e-05,0.008492035576101703,129
Cha-F-200140,467,179,288,2551,179,288,0.0026820875979629735,4.53997815490354e-06,3.952295802600473e-05,0.02346615747952364,283
Cha-F-200141,61,36,25,220,36,25,7.916345984145667e-05,1.1672406100873929e-07,1.0094523048957738e-05,0.003065172604391739,59
Cha-F-200142,64,12,52,442,12,52,3.155322645078292e-05,9.769412159590367e-08,1.456165743193889e-05,0.0032159187980503492,50
Cha-F-200143,141,54,87,399,54,87,0.00018186203216734312,1.044601576027421e-07,1.726965844992045e-05,0.007085071101954676,117
Cha-F-200144,62,5,57,282,5,57,2.2651489508079776e-05,5.259275207448699e-09,7.932091932015836e-06,0.003115421335611276,62
Cha-F-200145,21,19,2,50,19,2,0.00010017567753840739,1.8107676357380434e-08,9.713398792443316e-06,0.001055223355610271,21
Cha-F-200146,62,34,28,165,34,28,0.0002452443766337338,1.8941425687354932e-07,9.833933279960873e-06,0.003115421335611276,62
Cha-F-200147,210,64,146,976,64,146,0.00023337588937720428,1.663628934016368e-07,2.965612892977839e-05,0.010552233556102708,149
Cha-F-200149,156,59,97,491,59,97,0.00010177489654495163,5.868474291413238e-08,1.4887027920898097e-05,0.007838802070247727,137
Cha-F-200150,73,70,3,224,70,3,0.0009815349258675225,2.4395619241480515e-06,1.2266492286338446e-05,0.0036681573790261794,73
Cha-F-200151,15,7,8,35,7,8,9.743466208231867e-06,1.975476257874345e-09,8.521043231306003e-06,0.0007537309682930506,15
Cha-F-200152,84,50,34,311,50,34,0.00023119669234790367,2.957600623251985e-07,1.914968936914072e-05,0.004220893422441084,78
Cha-F-200154,844,158,686,4929,158,686,0.0022654284106304085,6.8111908974947185e-06,8.601708515900962e-05,0.04240992914928898,320
Cha-F-200156,415,277,138,1783,277,138,0.003578156166454899,1.986822597858296e-05,2.7028006110702154e-05,0.020853223456107732,236
Cha-F-200157,220,181,39,672,181,39,0.0003985160486468217,2.1479172588574917e-07,3.291936506913604e-05,0.011054720868298076,148
Cha-F-200158,84,37,47,310,37,47,0.00018547243363808632,9.698738350963333e-08,2.1943161354233783e-05,0.004220893422441084,79
Cha-F-200159,70,32,38,241,32,38,0.00021647675321594917,5.065707906396371e-06,8.768089498341636e-06,0.0035174111853675696,70
Cha-F-200160,93,86,7,415,86,7,0.0019975639010401166,1.3195210256777732e-05,1.7417263703349497e-05,0.0046731320034169134,90
Cha-F-200161,78,40,38,330,40,38,0.0003298108323343335,1.983854867144186e-07,2.2892770586861055e-05,0.003919401035123863,74
Cha-F-200162,48,20,28,151,20,28,6.305821588433851e-05,2.7621079445160453e-08,1.4544340926774077e-05,0.002411939098537762,46
Cha-F-200163,540,190,350,3044,190,350,0.0031591391709020217,1.5027961051175841e-05,3.8231518041118405e-05,0.02713431485854982,269
Cha-F-200164,98,41,57,562,41,57,0.0005031276535176961,1.0005457622371675e-06,1.6090578080544015e-05,0.004924375659514597,89
Cha-F-200166,198,13,185,582,13,185,8.179643035930763e-05,1.2026779992229764e-06,7.940832647112553e-06,0.009949248781468268,142
Cha-F-200167,693,530,163,2716,530,163,0.010246771499673258,2.5827343819223155e-05,0.0002704957791546864,0.03482237073513894,331
Cha-F-200168,145,75,70,815,75,70,0.000488394654998024,7.485016582287817e-07,2.331247659207619e-05,0.007286066026832822,111
Cha-F-200169,358,71,287,1811,71,287,0.0008289231620143214,2.705319609366403e-06,1.6043460990656677e-05,0.017989045776594142,211
Cha-F-200170,197,130,67,1169,130,67,0.0003995836308908982,4.526389791195797e-07,5.9558503684518405e-05,0.009899000050248732,133
Cha-F-200171,384,174,210,2286,174,210,0.0006244685370170672,1.535111295596481e-06,7.129595117369746e-05,0.019295512788302095,186
Cha-F-200172,213,186,27,1223,186,27,0.0016941710047241527,6.317527950849785e-06,0.00010047353523560407,0.010702979749761319,153
Cha-F-200174,149,72,77,745,72,77,0.0003217863536025022,9.80681899641483e-07,1.4391399363627192e-05,0.007487060951710969,135
Cha-F-200175,479,270,209,4208,270,209,0.012393740028789905,0.00024173454372379018,4.940720055310081e-05,0.02406914225415808,352
Cha-F-200176,273,200,73,1125,200,73,0.002224906029782336,1.0973401690939232e-05,5.164130296126792e-05,0.01371790362293352,190
Cha-F-200177,350,201,149,2029,201,149,0.0025271037869152354,5.331713470042039e-06,3.150528113519545e-05,0.017587055926837847,209
Cha-F-200178,48,12,36,310,12,36,8.684896971888937e-06,4.042523240714192e-09,9.30664234704651e-06,0.002411939098537762,48
Cha-F-200179,105,75,30,575,75,30,0.00022256883307254864,3.481748617506736e-07,2.043628012098888e-05,0.005276116778051354,90
Cha-F-200180,362,192,170,2415,192,170,0.009600270411597712,6.0143038717469e-05,2.9328900692526484e-05,0.018190040701472288,331
Cha-F-200181,100,47,53,958,47,53,0.0004370006782569289,2.0223180529579455e-06,1.9110048355446934e-05,0.00502487312195367,87
Cha-F-200182,78,46,32,421,46,32,0.00022171286981277893,3.9694871453997817e-07,1.911394122940788e-05,0.003919401035123863,75
Cha-F-200183,396,224,172,3365,224,172,0.012677837914500249,6.517069135138725e-05,4.375979228009338e-05,0.019898497562936535,351
Cha-F-200184,116,76,40,501,76,40,0.0004303877689981537,4.859109396646717e-07,2.9604453394500922e-05,0.005828852821466258,98
Cha-F-200185,426,110,316,4422,110,316,0.0009254384983407572,9.022672723957192e-06,2.189440760864442e-05,0.021405959499522637,211
Cha-F-200186,283,11,272,2005,11,272,6.262356131309228e-05,8.12260877812096e-08,1.2265736759117584e-05,0.014220390935128889,204
Cha-F-200187,105,41,64,555,41,64,0.00031507644373603594,2.155484769353312e-06,1.2437613644986661e-05,0.005276116778051354,83
Cha-F-200188,327,92,235,2354,92,235,0.0011187025207355717,3.27474885528137e-06,1.93582740175003e-05,0.016431335108788504,231
Cha-F-200189,387,210,177,1634,210,177,0.0026257950092953386,2.4867591236482577e-05,3.5094698001826084e-05,0.019446258981960705,209
Cha-F-200190,356,186,170,2006,186,170,0.0014972733272305661,0.00016596736873561514,0.00010419180112548009,0.017888548314155067,198
Cha-F-200191,413,218,195,3265,218,195,0.012501422539948227,6.171077706475638e-05,3.858475917143949e-05,0.02075272599366866,352
Cha-F-200192,314,276,38,1238,276,38,0.0004633748236210753,2.2762482392438796e-07,8.369517129222269e-05,0.015778101602934524,150
Cha-F-200193,150,108,42,1444,108,42,0.0008890436977218942,2.3714965273114027e-05,0.00010987912266901489,0.007537309682930506,90
Cha-F-200194,537,221,316,3986,221,316,0.012819591983351943,5.045179467314409e-05,4.3859238170150636e-05,0.02698356866489121,352
Cha-F-200195,116,51,65,576,51,65,0.0005362676311405019,3.0291020209304073e-06,1.606933332599695e-05,0.005828852821466258,93
Cha-F-200196,77,52,25,220,52,25,0.0001919218338092836,2.8407958365134405e-07,8.93431843095353e-06,0.0038691523039043265,77
Cha-F-200197,550,76,474,2563,76,474,0.0006490421743485121,1.0605721815034919e-06,1.5824859127258236e-05,0.027636802170745187,245
Cha-F-200198,489,183,306,3521,183,306,0.0039050188477290537,2.5462016606463998e-05,2.2454958823603382e-05,0.024571629566353448,352
Cha-F-200199,212,67,145,919,67,145,0.00027559702804626896,3.14267726442733e-07,3.987776618312922e-05,0.010652731018541781,149
Cha-F-200200,266,152,114,2022,152,114,0.0015927082046909658,3.857064162346863e-05,2.5899082123969277e-05,0.013366162504396765,183
Cha-F-200201,442,133,309,2811,133,309,0.0009124638656770584,2.390300461953447e-05,2.031632598958142e-05,0.022209939199035224,205
Cha-F-200202,515,232,283,3194,232,283,0.0035174467680856064,1.2295609400773825e-05,2.192312961384664e-05,0.025878096578061404,352
Cha-F-200203,152,104,48,689,104,48,0.000278419684062451,1.8971951387857964e-07,3.131147270280056e-05,0.007637807145369579,124
Cha-F-200204,264,26,238,1273,26,238,0.00021400782051825254,4.741829076920537e-07,9.861455768463266e-06,0.01326566504195769,211
Cha-F-200205,606,274,332,3062,274,332,0.0048527511300008735,2.018700673556471e-05,2.0523551167688522e-05,0.030450731119039245,352
Cha-F-200206,407,233,174,2905,233,174,0.010489984525649719,5.631463084872861e-05,3.474075009343656e-05,0.02045123360635144,352
Cha-F-200207,380,146,234,1845,146,234,0.003206739054942027,8.296145877111988e-06,1.808330329324451e-05,0.01909451786342395,331
Cha-F-200208,70,35,35,296,35,35,0.00020892104620408422,9.99462092425107e-08,1.602801143370333e-05,0.0035174111853675696,64
Cha-F-200209,134,113,21,439,113,21,0.0010592610089787244,1.5201046781668236e-05,1.3223166407329487e-05,0.006733329983417919,129
Cha-F-200210,703,210,493,8002,210,493,0.004858404421908114,4.971763075724195e-05,5.4537504703152585e-05,0.035324858047334304,352
Cha-F-200211,117,89,28,546,89,28,0.00040627018426682134,4.1534947270141127e-07,4.120102787459034e-05,0.005879101552685795,98
Cha-F-200212,45,33,12,180,33,12,0.0001750102739587293,8.889393590942487e-08,1.6433285861502424e-05,0.0022611929048791516,44
Cha-F-200213,449,162,287,1815,162,287,0.0037677604611281975,6.235602148487911e-06,2.1375486945796305e-05,0.02256168031757198,309
Cha-F-200214,63,36,27,252,36,27,0.00016954101600265864,1.2840899716215457e-07,2.0094118339053662e-05,0.0031656700668308124,58
Cha-F-200215,10,6,4,30,6,4,6.290961098692132e-06,1.778877008733767e-09,9.283589208427324e-06,0.000502487312195367,10
Cha-F-200216,194,132,62,906,132,62,0.00027426582003132246,1.846594841485093e-07,3.128886309929543e-05,0.009748253856590122,145
Cha-F-200217,33,21,12,58,21,12,7.974081519744026e-05,3.85307073482318e-08,9.068950512867981e-06,0.0016582081302447113,32
Cha-F-200218,6,5,1,9,5,1,2.794614190616864e-05,1.700015078414051e-08,8.169425098120077e-06,0.0003014923873172202,6
Cha-F-200219,198,65,133,1855,65,133,9.117573548138938e-05,9.606489012526841e-08,7.572278991577297e-05,0.009949248781468268,98
Cha-F-200220,99,5,94,487,5,94,5.365677211856257e-06,3.745574597002777e-10,8.209306963879232e-06,0.004974624390734134,87
Cha-F-200221,106,44,62,733,44,62,0.000614938027739688,1.2334113937342622e-06,2.119834946864092e-05,0.005326365509270891,85
Cha-F-200222,320,123,197,1697,123,197,0.0014086261119726172,5.559303384926903e-05,3.135430881301813e-05,0.016079593990251745,245
Cha-F-200223,128,68,60,401,68,60,0.0006055267139301137,6.458775669966194e-07,1.2523274886167099e-05,0.0064318375961006985,122
Cha-F-200224,503,248,255,2188,248,255,0.0030991093287409915,9.654211047870116e-06,3.889605738054816e-05,0.025275111803426963,262
Cha-F-200225,72,30,42,588,30,42,7.689492208909498e-05,3.0214355954941315e-06,6.0818361273587095e-05,0.003617908647806643,44
Cha-F-200226,1418,354,1064,7164,354,1064,0.0048741285921188125,0.000260284284296167,6.201223557686497e-05,0.07125270086930305,352
Cha-F-200227,251,92,159,1730,92,159,0.0012911018421569176,5.325734377292227e-06,2.8342727797283405e-05,0.012612431536103714,121
Cha-F-200229,79,78,1,248,78,1,0.0002700147506067695,1.862718166561119e-07,2.1253824121833386e-05,0.0039696497663434,73
Cha-F-200230,157,57,100,781,57,100,0.0006377814216140037,1.8382970195729372e-06,1.732501340683111e-05,0.007889050801467262,104
Cha-F-200231,450,350,100,2853,350,100,0.005311367888132205,4.1444786041766505e-05,0.00010168342896059591,0.02261192904879152,268
Cha-F-200232,116,79,37,744,79,37,0.00281278216260389,2.0401970126719366e-06,3.987565163593156e-05,0.005828852821466258,106
Cha-F-200233,95,79,16,499,79,16,0.0003380599065162748,3.5379237481540037e-07,3.556141018321484e-05,0.004773629465855987,82
Cha-F-200234,52,34,18,129,34,18,0.00012262115971390815,1.0501410566210065e-07,8.610529826589e-06,0.002612934023415909,52
Cha-F-200235,119,44,75,375,44,75,0.0001325304238998248,2.1754251699579152e-07,2.0275834120856754e-05,0.005979599015124868,102
Cha-F-200236,6,2,4,20,2,4,1.1173827975604394e-05,1.8819274611811827e-09,7.69308954279714e-06,0.0003014923873172202,6
Cha-F-200237,110,81,29,426,81,29,0.00013057030283343657,8.540238454873483e-08,4.0613934640182515e-05,0.005527360434149038,85
Cha-F-200238,71,43,28,346,43,28,0.00018613068630797278,2.0784276977087055e-07,2.0821270274718485e-05,0.003567659916587106,61
Cha-F-200239,84,52,32,444,52,32,0.00023768203760500618,1.881677701722541e-07,1.684893584924981e-05,0.004220893422441084,78
Cha-F-200240,223,37,186,1482,37,186,0.00023940574630633112,8.514162910473579e-07,1.0412900590437612e-05,0.011205467061956685,178
Cha-F-200242,327,216,111,2139,216,111,0.001966324306502161,0.00011468780585121658,3.621309299954045e-05,0.016431335108788504,203
Cha-F-200243,7,4,3,15,4,3,9.267300378491833e-07,9.150088302356469e-11,1.0012752544696223e-05,0.00035174111853675694,7
Cha-F-200244,79,75,4,236,75,4,0.00025170542280650955,1.898789643531792e-07,2.4666699784326982e-05,0.0039696497663434,72
Cha-F-200245,77,30,47,334,30,47,0.0004548084725470079,9.627428245968217e-06,9.329880000444434e-06,0.0038691523039043265,69
Cha-F-200246,20,12,8,68,12,8,9.070974033340583e-06,1.7312532721310928e-09,1.0562779847087871e-05,0.001004974624390734,20
Cha-F-200247,356,248,108,1898,248,108,0.0007394893521839638,2.9768790249399893e-06,0.00014991885051670917,0.017888548314155067,137
Cha-F-200249,41,35,6,113,35,6,0.0003935875801053727,7.02191976913791e-07,8.812613377811917e-06,0.002060197980001005,41
Cha-F-200250,188,128,60,1707,128,60,0.000381373474935217,1.3823966508619168e-06,9.328036148562614e-05,0.009446761469272901,110
Cha-F-200251,269,32,237,766,32,237,0.0002064053434749693,1.7968440061853054e-07,9.84261546145264e-06,0.013516908698055373,146
Cha-F-200252,697,245,452,4494,245,452,0.0033336338175361836,2.0630960437503647e-05,7.332070332190112e-05,0.03502336566001708,314
Cha-F-200253,500,232,268,2779,232,268,0.004234424783722601,0.00018934285292979098,8.636574170752011e-05,0.025124365609768353,245
Cha-F-200254,1177,452,725,5659,452,725,0.00942289364101413,3.869948426942191e-05,9.680082723194064e-05,0.0591427566453947,352
Cha-F-200255,391,160,231,1735,160,231,0.0016984736863248175,3.212585549851055e-05,2.224641090228271e-05,0.019647253906838854,189
Cha-F-200256,208,115,93,810,115,93,0.001458105326003471,5.36009342604057e-05,1.4512920530198582e-05,0.010451736093663636,153
Cha-F-200257,95,20,75,578,20,75,0.00010483417311948747,8.870578296985772e-08,9.157606211925333e-06,0.004773629465855987,80
Cha-F-200258,183,137,46,1135,137,46,0.001329642015777808,1.2900079210335345e-05,2.0516187233781676e-05,0.009195517813175217,161
Cha-F-200259,438,221,217,3871,221,217,0.002674956076051135,1.2823344506903422e-05,4.545020128139027e-05,0.022008944274157078,232
Cha-F-200260,38,28,10,111,28,10,9.675977322486285e-05,1.90716374741037e-08,1.200527852187507e-05,0.0019094517863423948,37
Cha-F-200261,1975,1823,152,12420,1823,152,0.05046348430332963,9.363541312705686e-05,0.00019401867957223956,0.099241244158585,352
Cha-F-200262,55,32,23,150,32,23,0.00013679295256812795,5.0609678107982934e-08,1.4259276526538498e-05,0.002763680217074519,53
Cha-F-200263,185,76,109,604,76,109,0.001166095186201309,2.8897100620984196e-06,1.1279401643630968e-05,0.009296015275614291,163
Cha-F-200264,831,302,529,5271,302,529,0.004331161921963287,1.9972418851711362e-05,0.00013668994314413468,0.041756695643435,318
Cha-F-200265,528,441,87,3570,441,87,0.0030062337917279927,4.9559293335485626e-05,9.787231391093764e-05,0.02653133008391538,211
Cha-F-200266,64,27,37,247,27,37,0.00023308211709301726,1.3949933312350986e-07,1.8870598469313427e-05,0.0032159187980503492,61
Cha-F-200267,132,60,72,410,60,72,0.0008132827852804956,2.8847494678563487e-06,1.0209284645603466e-05,0.006632832520978845,131
Cha-F-200268,1778,1453,325,10265,1453,325,0.03383508941860192,5.905715109323861e-05,0.00011947743526541842,0.08934224410833626,352
Cha-F-200269,136,60,76,808,60,76,0.0006580803863521554,1.2164009177137517e-05,1.9460379453133462e-05,0.006833827445856992,111
Cha-F-200270,432,236,196,3950,236,196,0.010746485358063418,8.339065202304195e-05,3.810887034697101e-05,0.021707451886839858,352
Cha-F-200271,107,54,53,604,54,53,0.0004754075539735596,2.8463678484047054e-06,1.738174968285697e-05,0.005376614240490428,97
Cha-F-200272,456,216,240,4648,216,240,0.0010334782715674465,7.102182084692946e-06,0.00013020651049590817,0.02291342143610874,136
Cha-F-200273,112,50,62,645,50,62,0.0002068799168614415,2.660683550385228e-07,1.156961703987358e-05,0.005627857896588111,101
Cha-F-200274,170,52,118,1502,52,118,0.0001676116835637171,2.9444950811197517e-07,2.2792227482619165e-05,0.00854228430732124,109
Cha-F-200275,740,272,468,3354,272,468,0.008944999810266946,4.470838720545339e-05,4.234603204210531e-05,0.037184061102457165,349
Cha-F-200276,179,70,109,768,70,109,0.0004935291662518152,5.015559422707095e-06,1.1868541298538184e-05,0.008994522888297071,164
Cha-F-200277,509,157,352,4898,157,352,0.004155112410571892,1.9533568390815162e-05,2.9370352045244097e-05,0.025576604190744184,352
Cha-F-200278,65,37,28,249,37,28,7.851269377110894e-05,5.61811047544902e-08,1.5351929506888704e-05,0.003266167529269886,57
Cha-F-200279,215,84,131,1281,84,131,0.0004301343552383829,4.540821020304747e-07,2.91955982236963e-05,0.010803477212200392,133
Cha-F-200280,128,123,5,573,123,5,0.00046902358037215875,5.160546657513838e-07,4.663845909725255e-05,0.0064318375961006985,97
Cha-F-200281,55,49,6,173,49,6,0.0002044409017638628,1.0709596027183309e-07,2.0926442282373597e-05,0.002763680217074519,54
Cha-F-200282,333,50,283,1983,50,283,0.00023955137725918647,3.7277377477691143e-07,8.923915462274091e-06,0.016732827496105725,211
Cha-F-200283,662,318,344,4454,318,344,0.005731100803960545,6.065676887213336e-05,2.8962193549509178e-05,0.0332646600673333,352
Cha-F-200284,203,10,193,658,10,193,5.2207482804726066e-05,1.0446211325738172e-07,7.847335222893928e-06,0.01020049243756595,154
Cha-F-200285,51,2,49,581,2,49,3.028615741903206e-06,6.766052029181486e-09,7.617387740148216e-06,0.002562685292196372,49
Cha-F-200286,76,39,37,389,39,37,0.000220985986441759,1.9461753903442543e-07,2.2744578824496174e-05,0.0038189035726847896,73
Cha-F-200287,100,45,55,583,45,55,0.00017143661827919424,3.394395716272129e-07,2.4384098345396983e-05,0.00502487312195367,89
Cha-F-200288,61,28,33,217,28,33,0.00011015800996298241,1.8832157990763299e-07,1.3172301996905577e-05,0.003065172604391739,61
Cha-F-200289,133,73,60,861,73,60,0.00030747533496783605,5.064852765806156e-07,3.4119451831786785e-05,0.006683081252198382,95
Cha-F-200290,98,58,40,318,58,40,0.0015805112000295822,1.8465609077456406e-05,1.2956663947166519e-05,0.004924375659514597,98
Cha-F-200291,137,101,36,926,101,36,0.00039804158197183305,4.962025557274771e-07,5.9705168095451836e-05,0.006884076177076529,109
Cha-F-200292,66,41,25,276,41,25,0.0003625258734784192,6.238487300307437e-07,1.0161425208880155e-05,0.0033164162604894225,64
Cha-F-200293,120,77,43,550,77,43,0.001778257561316607,6.019148055911604e-05,1.3132591351253044e-05,0.006029847746344405,114
Cha-F-200294,74,52,22,246,52,22,0.0015520637227577879,1.2282678831057067e-05,1.1302187706343293e-05,0.0037184061102457163,74
Cha-F-200295,300,46,254,1657,46,254,0.0003201337929348642,1.370692510416711e-07,1.2718097228858932e-05,0.015074619365861013,199
Cha-F-200296,332,223,109,2977,223,109,0.0036652710671047444,3.4586953583726316e-05,0.00011793506603175807,0.016682578764886186,211
Cha-F-200297,295,211,84,1796,211,84,0.0003812907503898835,2.5929798595295764e-07,0.00010655172997477278,0.014823375709763328,144
Cha-F-200298,834,372,462,5425,372,462,0.005553274097929655,0.003997942640901982,8.704326164483567e-05,0.04190744183709361,352
Cha-F-200299,745,13,732,7175,13,732,0.00014719728774296756,1.4811192089081396e-07,8.179774492720458e-06,0.037435304758554847,226
Cha-F-200300,205,48,157,772,48,157,0.0008390356763281233,4.540983857847121e-06,1.0392008134672037e-05,0.010300989900005025,166
Cha-F-200301,53,40,13,316,40,13,7.288527935990702e-05,7.519905458786845e-08,5.0065727346331184e-05,0.0026631827546354453,45
Cha-F-200302,201,82,119,1643,82,119,0.00011244010542466383,3.285402182108394e-07,0.00011608019884199243,0.010099994975126878,98
Cha-F-200303,107,53,54,407,53,54,0.00011844615014843113,1.532191169021863e-07,1.9422929665383733e-05,0.005376614240490428,86
Cha-F-200304,184,59,125,1213,59,125,0.00045370727510369457,7.031444562634963e-06,1.2373842483795893e-05,0.009245766544394754,173
Cha-F-200305,40,21,19,123,21,19,9.815511100965275e-05,6.943832324908643e-08,1.0821989261228536e-05,0.002009949248781468,37
Cha-F-200306,116,102,14,502,102,14,0.0005842648643602342,6.391627754811883e-07,3.688699856039318e-05,0.005828852821466258,99
Cha-F-200307,222,196,26,754,196,26,0.0027812509614994,5.762643239733307e-05,2.8751425089099534e-05,0.01115521833073715,144
Cha-F-200308,112,88,24,667,88,24,0.0002904311203473087,3.5446140586647164e-07,4.355764841803566e-05,0.005627857896588111,99
Cha-F-200309,60,55,5,181,55,5,0.000260168026570659,8.755279011543649e-08,2.0215568249739824e-05,0.0030149238731722026,58
Cha-F-200310,114,51,63,359,51,63,0.0010584886014282883,4.5369476659758854e-06,1.0775367136392193e-05,0.005728355359027185,105
Cha-F-200311,96,61,35,471,61,35,0.00023143250404503287,8.289879657131274e-07,2.8965104893333333e-05,0.004823878197075524,83
Cha-F-200312,34,32,2,88,32,2,0.00010605138714833867,6.646503013580423e-08,1.7032534643690724e-05,0.001708456861464248,33
Cha-F-200313,57,31,26,190,31,26,0.00012133927121726989,6.074559265643786e-08,2.147272777846536e-05,0.0028641776795135924,56
Cha-F-200314,220,134,86,895,134,86,0.0031071827735586863,3.2469759559680964e-05,1.9346222195187523e-05,0.011054720868298076,172
Cha-F-200315,16,8,8,40,8,8,4.8260374906143153e-05,3.972994485089729e-08,8.354527328087963e-06,0.0008039796995125873,15
Cha-F-200316,243,73,170,2060,73,170,0.0012152088667064188,3.585491322802698e-06,1.4012307120640279e-05,0.01221044168634742,144
Cha-F-200317,122,82,40,458,82,40,0.00042540791609625705,7.914317438638713e-07,2.631246272711664e-05,0.006130345208783478,100
Cha-F-200319,2035,1880,155,14792,1880,155,0.05094596162492319,0.00012692869219952627,0.00023293386231959155,0.1022561680317572,352
Cha-F-200320,417,188,229,2087,188,229,0.004057160588934177,9.640950036033027e-06,3.4691884801954845e-05,0.020953720918546807,260
Cha-F-200321,41,18,23,147,18,23,7.11374975442e-05,1.7479355054521964e-08,1.0995935893217903e-05,0.002060197980001005,41
Cha-F-200322,10,3,7,44,3,7,2.064075950473877e-06,3.43394089124199e-10,1.0403649647150103e-05,0.000502487312195367,9
Cha-F-200323,150,68,82,908,68,82,0.0006334387236076099,1.8716153813016538e-05,2.2180480738647388e-05,0.007537309682930506,114
Cha-F-200324,361,97,264,2234,97,264,0.0025187832407585907,1.767899926212324e-05,2.3666645026417925e-05,0.018139791970252752,205
Cha-F-200325,455,270,185,3400,270,185,0.004378404301178834,0.00019659459609081348,5.3882076026227465e-05,0.0228631727048892,219
Cha-F-200326,257,199,58,788,199,58,0.001863298473993582,1.0095826834824018e-05,3.328428914015705e-05,0.012913923923420934,170
Cha-F-200327,163,113,50,1157,113,50,0.0002394290258546973,7.983007034111713e-07,6.0152220547142035e-05,0.008190543188784483,102
Cha-F-200328,33,11,22,84,11,22,3.8846013607820444e-05,1.4670252167272119e-08,8.969048768528551e-06,0.0016582081302447113,31
Cha-F-200329,381,93,288,2124,93,288,0.0009760722972552275,6.375038752163003e-06,1.6590885257470307e-05,0.019144766594643484,211
Cha-F-200330,75,45,30,253,45,30,0.00012841044165582695,1.6510039942394828e-07,1.8598582698533603e-05,0.003768654841465253,69
Cha-F-200331,140,134,6,1043,134,6,0.0009938426055279223,1.8911010719412422e-06,5.928704876754091e-05,0.007034822370735139,99
Cha-F-200332,98,57,41,419,57,41,0.0002907953618127645,6.496041327901226e-07,2.304712513530493e-05,0.004924375659514597,87
Cha-F-200333,382,154,228,1644,154,228,0.001206379105176814,6.479144620792007e-06,1.9695903046704506e-05,0.019195015325863023,183
Cha-F-200334,109,64,45,670,64,45,0.000303149806597491,3.0276719889184195e-07,2.6132499318167952e-05,0.005477111702929501,87
Cha-F-200335,24,8,16,99,8,16,1.7011997973768532e-05,4.828526653433628e-09,9.26801886237603e-06,0.001205969549268881,22
Cha-F-200336,74,32,42,326,32,42,7.58100072190421e-05,2.8764237903198178e-08,1.0746983154063307e-05,0.0037184061102457163,67
Cha-F-200337,254,232,22,814,232,22,0.00512967747288161,4.3716140757080185e-05,2.9788620873545698e-05,0.012763177729762324,159
Cha-F-200338,229,90,139,1211,90,139,0.0003241507159019922,5.486775918622522e-07,4.6184727854735105e-05,0.011506959449273905,148
Cha-F-200340,1383,1191,192,12433,1191,192,0.013799121799218123,0.00038765101215618446,0.00041895752823088283,0.06949399527661927,296
Cha-F-200341,199,108,91,934,108,91,0.00047342169535254005,2.1447760142983528e-06,2.7480392191523203e-05,0.009999497512687805,105
Cha-F-200342,46,43,3,220,43,3,0.00016663613218496033,8.549624355966762e-08,1.8261935407252558e-05,0.0023114416360986885,46
Cha-F-200343,76,50,26,245,50,26,0.000500801584799803,1.2703329273846962e-06,1.3981316815024356e-05,0.0038189035726847896,76
Cha-F-200344,69,54,15,436,54,15,0.0001087266181703438,1.0171333521271496e-07,5.0755485130595714e-05,0.0034671624541480327,64
Cha-F-200345,73,46,27,540,46,27,6.778597482340748e-05,5.848679547957193e-08,2.702693195887272e-05,0.0036681573790261794,57
Cha-F-200346,218,155,63,1142,155,63,0.00031218328071506936,2.22987165067541e-07,4.735228338816038e-05,0.010954223405859002,148
Cha-F-200347,106,41,65,631,41,65,0.0003921699952939336,9.110484746011169e-07,1.1301419365579303e-05,0.005326365509270891,90
Cha-F-200348,83,25,58,286,25,58,0.00010439648247345334,1.0091124104876576e-07,1.2702384239919289e-05,0.004170644691221546,76
Cha-F-200349,392,58,334,2378,58,334,0.0006519874831531359,1.1230128637666758e-06,9.525630740593282e-06,0.01969750263805839,211
Cha-F-200350,143,54,89,951,54,89,0.0006918786945505295,1.2713728544324203e-06,2.1682410429782557e-05,0.0071855685643937494,104
Cha-F-200351,353,185,168,1587,185,168,0.0012710605748578348,1.8361647692982437e-05,2.129568904638668e-05,0.017737802120496457,211
Cha-F-200352,180,78,102,713,78,102,0.001234970181967865,6.899885036752908e-06,1.5239617734479459e-05,0.009044771619516606,156
Cha-F-200353,171,88,83,433,88,83,0.0008397429353204102,7.141837338550174e-07,1.0888647541586274e-05,0.008592533038540778,140
Cha-F-200354,115,80,35,469,80,35,0.0003452802539609977,3.32682255057717e-07,2.3806436999715682e-05,0.005778604090246721,98
Cha-F-200355,419,28,391,2455,28,391,0.0004742685673413326,6.410831805552158e-07,8.913827846298393e-06,0.02105421838098588,186
Cha-F-200357,306,138,168,2002,138,168,0.000867615729623829,1.05659038214471e-05,2.1377362146110892e-05,0.015376111753178233,205
Cha-F-200358,347,180,167,3190,180,167,0.0024020604921454903,1.4181045542416247e-05,9.990851449338924e-05,0.017436309733179237,176
Cha-F-200359,71,52,19,182,52,19,0.00017557106816217885,1.3120428653538874e-07,1.6464629103162017e-05,0.003567659916587106,67
Cha-F-200360,226,70,156,1623,70,156,0.0007122373556273187,3.1811307997853337e-06,1.4483310569485497e-05,0.011356213255615295,193
Cha-F-200361,40,4,36,117,4,36,1.9052558738483193e-06,1.2886870123804072e-10,1.1008460631073385e-05,0.002009949248781468,36
Cha-F-200362,254,83,171,1303,83,171,0.00035859783699275207,4.4837471598766084e-07,6.854280626201907e-05,0.012763177729762324,150
Cha-F-200363,119,57,62,990,57,62,8.198113930159409e-05,7.909686349740897e-08,8.306204001551919e-05,0.005979599015124868,79
Cha-F-200364,517,170,347,3823,170,347,0.003582461850348978,2.82270432014891e-05,2.3543951370093983e-05,0.02597859404050048,352
Cha-F-200366,46,44,2,110,44,2,0.00018072995207442307,7.71475442845964e-08,1.1770712140052834e-05,0.0023114416360986885,46
Cha-F-200367,870,318,552,5902,318,552,0.004059059846274581,9.056374185747705e-05,5.18938805374263e-05,0.043716396160996936,277
Cha-F-200368,400,159,241,2930,159,241,0.002659643811289689,3.7328893103170776e-05,3.584638635805453e-05,0.02009949248781468,233
Cha-F-200369,270,227,43,1092,227,43,0.00034451113253268755,1.6185805655749362e-07,5.907367462525506e-05,0.01356715742927491,150
Cha-F-200370,147,126,21,629,126,21,0.0004761817848220464,5.086911872324231e-07,5.3990242159649005e-05,0.007386563489271896,102
Cha-F-200371,115,50,65,717,50,65,0.00034592988620270706,4.21261219974902e-07,2.5750925283711242e-05,0.005778604090246721,92
Cha-F-200372,117,58,59,1003,58,59,0.0005795363145640373,2.139815727204619e-06,1.676185842219592e-05,0.005879101552685795,93
Cha-F-200373,170,75,95,864,75,95,0.0002956469274126224,6.371567134788205e-07,1.6145805917646473e-05,0.00854228430732124,108
Cha-F-200375,205,81,124,1500,81,124,0.00017638840851562826,4.285519945683252e-07,8.709705177606618e-05,0.010300989900005025,100
Cha-F-200376,910,170,740,8221,170,740,0.002568696186519211,9.988028254093977e-06,2.0521918720881928e-05,0.0457263454097784,352
Cha-F-200377,168,93,75,1133,93,75,0.0004013084001750453,1.5284699848323617e-06,2.5686020208675913e-05,0.008441786844882167,104
Cha-F-200379,840,753,87,5142,753,87,0.016519054920606808,1.669671711498627e-05,9.20322701685166e-05,0.042208934224410834,352
Cha-F-200380,113,13,100,584,13,100,4.931921497362016e-05,2.1962752730553817e-08,1.1231853528549408e-05,0.0056781066278076475,99
Cha-F-200381,290,251,39,1148,251,39,0.0005141178948164874,3.8038133813979633e-07,5.7284321780435524e-05,0.014572132053665645,150
Cha-F-200382,501,285,216,4365,285,216,0.0135700840964673,6.0465812122506056e-05,5.234518469372893e-05,0.02517461434098789,352
Cha-F-200383,334,248,86,1248,248,86,0.0005715819491342831,4.892785044435226e-07,5.788344787934291e-05,0.01678307622732526,148
Cha-F-200386,261,106,155,1554,106,155,0.0017218540201565287,0.00011896523197943644,2.1717984265490938e-05,0.01311491884829908,211
Cha-F-200387,456,90,366,4054,90,366,0.0009107060103094162,2.01591909593065e-05,2.181416786613101e-05,0.02291342143610874,211
Cha-F-200388,415,267,148,2974,267,148,0.002979146693511813,0.00013223344371946988,4.2776798825871436e-05,0.020853223456107732,233
Cha-F-200389,382,248,134,2446,248,134,0.013128717357005944,3.3959384063429596e-05,3.672777024920819e-05,0.019195015325863023,341
Cha-F-200390,862,450,412,6200,450,412,0.008175124724929417,0.00023951114090075122,9.65855332097946e-05,0.043314406311240644,298
Cha-F-200391,255,149,106,1019,149,106,0.0029094375297616984,6.587912868771655e-05,2.1245596403387502e-05,0.01281342646098186,194
Cha-F-200392,515,446,69,5096,446,69,0.004808622709513676,4.513651725130797e-05,0.00016912939843116584,0.025878096578061404,241
Cha-F-200393,57,42,15,226,42,15,0.0012777520013520784,7.135236304136829e-07,3.387583344201962e-05,0.0028641776795135924,54
Cha-F-200394,236,77,159,1759,77,159,0.00045900371173101005,1.3544866723516113e-06,2.3741935576511637e-05,0.011858700567810663,127
Cha-F-200395,325,292,33,3977,292,33,0.0003183888238584647,1.418608011686057e-06,0.0004612205040067234,0.01633083764634943,88
Cha-F-200396,80,41,39,427,41,39,0.00042577121908127707,2.789653190655542e-06,1.2765305894884483e-05,0.004019898497562936,73
Cha-F-200397,328,226,102,2166,226,102,0.0012102989863869062,1.0445648089233481e-05,2.733700528631805e-05,0.01648158384000804,205
Cha-F-200398,423,63,360,2751,63,360,0.0006132410597828443,1.2349794676195038e-05,1.5840146903179902e-05,0.021255213305864027,211
Cha-F-200399,853,614,239,14810,614,239,0.007754031379328117,0.028027429512885817,0.00019461517400390634,0.042862167730264814,348
Cha-F-200400,259,200,59,1161,200,59,0.00026688274383737627,1.0310837335157397e-07,5.389944829324905e-05,0.013014421385860007,148
Cha-F-200401,491,246,245,4796,246,245,0.012187336871734034,8.039397340773304e-05,4.502057683986532e-05,0.024672127028792522,352
Cha-F-200402,300,92,208,1768,92,208,0.0031110567087240244,2.535060267296868e-06,3.72225603537792e-05,0.015074619365861013,210
Cha-F-200404,121,35,86,783,35,86,0.0005060692694016364,9.129255123531501e-07,1.2021116038889696e-05,0.006080096477563942,87
Cha-F-200405,86,34,52,358,34,52,0.0001403220690723429,1.96805249120477e-07,1.4223667956463055e-05,0.004321390884880157,80
Cha-F-200406,21,15,6,67,15,6,0.00010205994355683006,5.132062611026492e-08,1.1239962865721601e-05,0.001055223355610271,20
Cha-F-200407,174,125,49,741,125,49,0.0005999232103082297,6.457922007332459e-07,2.757990106304625e-05,0.008743279232199388,123
Cha-F-200408,185,14,171,839,14,171,2.9524667964177714e-05,1.52626155972792e-08,1.0689067075139063e-05,0.009296015275614291,119
Cha-F-200409,366,168,198,3372,168,198,0.007834470483793429,4.634033952811651e-05,2.8774225659345342e-05,0.018391035626350433,324
Cha-F-200410,423,198,225,2927,198,225,0.00875393533265346,1.533185591592424e-05,3.612190168074763e-05,0.021255213305864027,331
Cha-F-200411,130,113,17,604,113,17,0.00034879098244077194,3.011645940036201e-07,6.297866670583768e-05,0.006532335058539772,94
Cha-F-200412,45,23,22,155,23,22,9.51492142670549e-05,6.006961326624606e-08,1.0434269357872795e-05,0.0022611929048791516,44
Cha-F-200413,167,70,97,995,70,97,0.0005227961510047397,2.877851586156211e-06,2.4823420277559827e-05,0.00839153811366263,124
Cha-F-200414,150,106,44,578,106,44,0.0011458639406705187,3.797026129000184e-06,1.5183463165422763e-05,0.007537309682930506,131
Cha-F-200415,120,37,83,327,37,83,9.714656341978565e-05,1.3636135007594006e-06,8.613885727126375e-06,0.006029847746344405,117
Cha-F-200416,159,107,52,631,107,52,0.0011966630691001004,2.3194118920173244e-05,1.4755578762552639e-05,0.007989548263906337,158
Cha-F-200417,172,71,101,1161,71,101,0.0007654939668124062,1.9169536463175774e-06,2.2660764270527405e-05,0.008642781769760313,135
Cha-F-200418,299,239,60,1451,239,60,0.00042625489997220303,5.533373090585122e-07,0.00010173986419418503,0.015024370634641475,148
Cha-F-200419,285,5,280,3497,5,280,4.825515763213917e-05,9.569792641569748e-08,8.490150614943906e-06,0.014320888397567962,216
Cha-F-200420,317,205,112,2507,205,112,0.004067171951850992,2.4108685152700973e-05,4.407423869449793e-05,0.015928847796593135,256
Cha-F-200421,166,100,66,772,100,66,0.0007107211378385431,1.3368284872436104e-05,1.5373887418131123e-05,0.008341289382443093,131
Cha-F-200422,82,35,47,520,35,47,0.0003889396058105093,7.56181100403331e-07,1.266166846213682e-05,0.00412039596000201,72
Cha-F-200423,542,259,283,2986,259,283,0.00406943792738579,1.8838187351968e-05,2.648045657129924e-05,0.027234812320988896,352
Cha-F-200424,32,26,6,90,26,6,0.0004170250284598993,1.5335312197556079e-06,1.1392260661436492e-05,0.0016079593990251746,32
Cha-F-200425,238,87,151,1206,87,151,0.0002482755971831092,3.6890347993914026e-07,3.690559154998112e-05,0.011959198030249736,148
Cha-F-200426,249,63,186,944,63,186,0.00028676305598156296,4.267903138224704e-07,1.5513072043687946e-05,0.01251193407366464,187
Cha-F-200427,111,55,56,591,55,56,0.0004436578429451072,3.85064376202904e-07,2.37372543124164e-05,0.005577609165368575,92
Cha-F-200428,379,140,239,2416,140,239,0.002843502165956666,9.847316882934237e-06,3.6070592058698324e-05,0.019044269132204413,226
Cha-F-200429,554,234,320,3518,234,320,0.010477573332782323,6.773209284117466e-05,3.5656241246746117e-05,0.027837797095623337,352
Cha-F-200430,74,18,56,394,18,56,0.00014006062793900145,1.0519158966027511e-07,8.027916979705797e-06,0.0037184061102457163,69
Cha-F-200431,94,76,18,369,76,18,0.0004459840903374316,3.0330524466722e-07,2.2608391529112955e-05,0.004723380734636451,77
Cha-F-200432,83,38,45,343,38,45,0.00013410007997592295,1.3444116561238e-07,1.177158716820037e-05,0.004170644691221546,78
Cha-F-200433,849,55,794,9749,55,794,0.002003803882513458,1.861128093043516e-06,1.1043912076895964e-05,0.042661172805386664,352
Cha-F-200434,250,138,112,1538,138,112,0.0004400850506664733,8.887078764302804e-07,1.9765342850685936e-05,0.012562182804884177,150
Cha-F-200435,139,57,82,697,57,82,0.0004422333966317394,6.293729920820516e-06,1.8901874813178238e-05,0.006984573639515602,107
Cha-F-200436,145,81,64,799,81,64,0.0007819923764083756,6.894696915698709e-06,3.0181812545320685e-05,0.007286066026832822,109
Cha-F-200437,101,28,73,671,28,73,0.0002167088000441454,5.039875010688504e-07,1.0901121121219085e-05,0.005075121853173208,94
Cha-F-200438,398,194,204,2231,194,204,0.0028173758440014655,1.7624447370126962e-05,4.1371268530117393e-05,0.01999899502537561,205
Cha-F-200439,592,223,369,5236,223,369,0.0030473627526503115,0.00037621505894264634,5.7694789862071304e-05,0.02974724888196573,216
Cha-F-200440,426,260,166,2671,260,166,0.0036751175647122586,6.262859847894285e-05,4.775883870262953e-05,0.021405959499522637,226
Cha-F-200441,904,549,355,12310,549,355,0.0072100364038470335,0.007219744906152363,0.0001848688466029681,0.04542485302246118,348
Cha-F-200442,344,173,171,2115,173,171,0.0026457910171302093,4.3900794408469904e-05,2.7338366591924265e-05,0.017285563539520626,205
Cha-F-200443,923,113,810,4888,113,810,0.0018033025797900607,5.202543236536117e-06,1.3143087710650755e-05,0.04637957891563238,352
Cha-F-200444,119,56,63,524,56,63,0.00042727309204410496,4.801417037446222e-07,2.1093048292514206e-05,0.005979599015124868,102
Cha-F-200445,518,173,345,3120,173,345,0.003430877323710792,9.70061608689589e-06,1.8325952240063302e-05,0.026028842771720014,352
Cha-F-200446,578,148,430,4396,148,430,0.0005663002461808698,1.5245980516187915e-06,2.8642236930777038e-05,0.029043766644892218,181
Cha-F-200447,2319,2188,131,23131,2188,131,0.058764920558658056,0.00019086606167516664,0.0003680141285222709,0.11652680769810562,352
Cha-F-200448,397,164,233,2773,164,233,0.004151494402181367,0.0002471997714515609,3.004338693638155e-05,0.01994874629415607,205
Cha-F-200449,310,144,166,1880,144,166,0.001502084551806418,1.856233545058945e-05,4.770539184020406e-05,0.015577106678056379,159
Cha-F-200450,87,41,46,622,41,46,0.00044583937813775566,1.4145344394187778e-06,1.2241433860174726e-05,0.004371639616099694,78
Cha-F-200451,1520,706,814,9808,706,814,0.0016352465823916422,6.970412515926062e-06,0.00030895042947477253,0.0763780714536958,298
Cha-F-200452,111,104,7,354,104,7,0.0008171101059047552,3.4461382351362887e-06,4.024796080528492e-05,0.005577609165368575,99
Cha-F-200453,230,174,56,1659,174,56,0.0003756097556631435,1.1171914705616098e-06,7.920647962566999e-05,0.011557208180493442,121
Cha-F-200454,433,219,214,2838,219,214,0.005226413650167886,2.307670902015951e-05,3.7104815916729385e-05,0.021757700618059393,236
Cha-F-200455,151,48,103,687,48,103,0.0006399224801101126,0.00020081437005693706,0.000423509071904689,0.007587558414150043,100
Cha-F-300000,52,25,27,150,25,27,0.0001657317373818674,4.5502678984833274e-07,8.873079061572542e-06,0.002612934023415909,52
Cha-F-300001,98,56,42,298,56,42,0.0003405440098929553,3.234467174684441e-07,1.648642606021691e-05,0.004924375659514597,94
Cha-F-300002,406,121,285,4034,121,285,0.001941869993981604,7.835606673715314e-05,4.3591668474827084e-05,0.0204009848751319,296
Cha-F-300003,231,98,133,907,98,133,0.0010704822002806855,6.313906790239159e-06,1.6684913104345215e-05,0.01160745691171298,175
Cha-F-300004,116,90,26,449,90,26,0.0004620393063451408,3.2503541318421753e-07,3.088923856766146e-05,0.005828852821466258,97
Cha-F-300006,945,431,514,6025,431,514,0.008489858881187596,0.00012673359875471057,7.213951978097296e-05,0.04748505100246219,349
Cha-F-300008,90,19,71,576,19,71,2.0410357925226668e-05,4.925784852670386e-07,1.326706316915278e-05,0.004522385809758303,64
Cha-F-300009,401,152,249,2040,152,249,0.002152545077277228,1.1849588100068757e-05,2.69864100210699e-05,0.02014974121903422,212
Cha-F-300010,113,54,59,804,54,59,0.000693989236800136,1.5932176008228457e-06,1.7217649334795712e-05,0.0056781066278076475,93
Cha-F-300013,226,28,198,636,28,198,0.000115552190311751,7.012218061140799e-06,8.604361611750452e-06,0.011356213255615295,146
Cha-F-300014,601,515,86,2200,515,86,0.01866204083944487,2.2036159766779956e-05,4.1263806835603484e-05,0.03019948746294156,352
Cha-F-300015,15,8,7,56,8,7,4.303666439391207e-06,1.5307207259407369e-09,8.721960262449746e-06,0.0007537309682930506,14
Cha-F-300016,459,222,237,2274,222,237,0.001243221867710078,8.165435831362615e-06,2.881020806050545e-05,0.02306416762976735,224
Cha-F-300017,139,126,13,397,126,13,0.00255511437595092,1.145561630126464e-05,1.4908137375514617e-05,0.006984573639515602,134
Cha-F-300018,64,12,52,151,12,52,0.0001845642935599403,2.9870240823576006e-06,7.787870171355987e-06,0.0032159187980503492,64
Cha-F-300019,444,256,188,1786,256,188,0.0026937595069508008,7.276469232607214e-06,2.914266031988072e-05,0.0223104366614743,206
Cha-F-300020,157,116,41,462,116,41,0.0008306629150140883,6.179784162102216e-07,4.538010161836293e-05,0.007889050801467262,99
Cha-F-300021,79,60,19,179,60,19,0.0004514162948792027,3.5163729426750774e-07,1.0145079239665694e-05,0.0039696497663434,79
Cha-F-300022,77,43,34,328,43,34,0.00020483319521274644,1.466199054286317e-07,1.709928182482011e-05,0.0038691523039043265,72
Cha-F-300023,202,132,70,770,132,70,0.0012084128152835502,4.196212423837666e-05,1.9100736817081107e-05,0.010150243706346415,175
Cha-F-300024,190,110,80,921,110,80,0.00036134650793168756,9.145639789260484e-07,1.9703994070313804e-05,0.009547258931711974,140
Cha-F-300025,204,49,155,723,49,155,0.0003799177183138675,9.171085155558082e-07,1.1911633416618501e-05,0.010250741168785488,188
Cha-F-300026,284,227,57,1272,227,57,0.000756271153183134,1.3094344658450817e-06,0.00010399686335983271,0.014270639666348424,121
Cha-F-300027,102,78,24,366,78,24,0.00025831323261510316,1.725360671551092e-07,2.695450118494441e-05,0.005125370584392744,78
Cha-F-300028,77,43,34,362,43,34,0.00038586138373518944,1.2427796534718437e-06,1.223882935350296e-05,0.0038691523039043265,74
Cha-F-300030,57,33,24,169,33,24,0.0001316747708531479,5.218720935793941e-06,8.42529272439502e-06,0.0028641776795135924,57
Cha-F-300032,542,363,179,2176,363,179,0.0036572739087743647,3.0475965435379484e-05,6.613436745509115e-05,0.027234812320988896,214
Cha-F-300033,65,39,26,255,39,26,0.00016967979830158448,1.6527910810074933e-07,1.3445283804378413e-05,0.003266167529269886,64
Cha-F-300034,89,69,20,268,69,20,0.00031985679669678394,1.8444969571655003e-07,2.349983883990493e-05,0.004472137078538767,86
Cha-F-300035,142,71,71,661,71,71,0.0004171396560724353,4.4978735196515347e-07,2.368103365900191e-05,0.007135319833174212,113
Cha-F-300036,413,205,208,2484,205,208,0.003671252639245348,2.444097251996377e-05,2.946296444051409e-05,0.02075272599366866,264
Cha-F-300037,38,36,2,92,36,2,0.00013726144369822257,8.433590830399273e-08,1.9654562084153885e-05,0.0019094517863423948,34
Cha-F-300038,34,15,19,98,15,19,3.9540263854675065e-05,9.26950782697918e-09,9.563498022832114e-06,0.001708456861464248,34
Cha-F-300040,157,123,34,474,123,34,0.0027159891361955833,1.2458984090408917e-05,1.722820521756242e-05,0.007889050801467262,135
Cha-F-300041,97,67,30,488,67,30,0.0003501080785076051,4.167449706290271e-07,3.245925762491621e-05,0.004874126928295061,78
Cha-F-300042,279,106,173,1678,106,173,0.0013323290763347317,1.2934857260569394e-05,2.2093011429709538e-05,0.014019396010250741,150
Cha-F-300043,404,216,188,2812,216,188,0.009936388535760147,9.747194272784975e-05,3.86453511906951e-05,0.02030048741269283,352
Cha-F-300044,301,271,30,1090,271,30,0.005664908114921998,2.2062855124666962e-05,3.2897837708067404e-05,0.015124868097080548,172
Cha-F-300045,159,109,50,867,109,50,0.0014518250785857782,2.4449791244156767e-06,2.769991223263718e-05,0.007989548263906337,131
Cha-F-300046,112,59,53,519,59,53,0.00029030282581468035,4.149430783483368e-07,1.8970674369454538e-05,0.005627857896588111,92
Cha-F-300048,91,83,8,310,83,8,0.0003634375469880454,3.1206517617419983e-07,2.704390468336942e-05,0.0045726345409778405,74
Cha-F-300049,15,8,7,73,8,7,2.1039869583183167e-05,2.3552698915458455e-08,1.5450434966798768e-05,0.0007537309682930506,15
Cha-F-300052,38,16,22,118,16,22,6.160757194004893e-05,1.7619061893748307e-08,9.308915059820824e-06,0.0019094517863423948,37
Cha-F-300053,84,69,15,372,69,15,0.00023931203194825441,2.3255334385140062e-07,3.1478861720886724e-05,0.004220893422441084,75
Cha-F-300054,96,49,47,900,49,47,0.00045917087658523805,2.183569071023253e-06,2.0525391772311567e-05,0.004823878197075524,84
Cha-F-300055,10,1,9,42,1,9,1.0470520393303002e-06,3.992228326228603e-11,7.70196948995941e-06,0.000502487312195367,10
Cha-F-300056,261,242,19,787,242,19,0.0017692643642069545,3.453162152295454e-06,6.78823109764222e-05,0.01311491884829908,145
Cha-F-300057,139,80,59,394,80,59,0.001415436024236722,2.5371671007646048e-05,1.2198925291852355e-05,0.006984573639515602,137
Cha-F-300058,42,32,10,122,32,10,0.00013929705658788187,1.409540310365213e-07,1.1823374081499543e-05,0.002110446711220542,42
Cha-F-300059,137,133,4,377,133,4,0.0013809599985636846,8.52572633992504e-06,1.4584947144587579e-05,0.006884076177076529,123
Cha-F-300060,104,22,82,265,22,82,0.0001394413933440966,1.3854182863674524e-06,8.200781588552411e-06,0.005225868046831818,104
Cha-F-300061,96,68,28,412,68,28,0.0005785947804101104,4.351970337957391e-06,1.957764071906072e-05,0.004823878197075524,86
Cha-F-300063,81,39,42,258,39,42,0.00016967054916162467,2.4002515974789036e-07,1.3781330197732108e-05,0.0040701472287824735,71
Cha-F-300064,341,118,223,1373,118,223,0.0023691968402711748,6.184565655128889e-06,1.5323081420216152e-05,0.017134817345862016,234
Cha-F-300065,166,90,76,841,90,76,0.0005161199187065227,1.3336149869477526e-05,1.470536359488615e-05,0.008341289382443093,122
Cha-F-300066,39,33,6,98,33,6,9.656461740678654e-05,9.123037110043223e-08,1.5319628791680694e-05,0.0019597005175619317,35
Cha-F-300067,75,39,36,192,39,36,0.00011758253061585036,1.318427816979249e-07,1.2854207531416012e-05,0.003768654841465253,73
Cha-F-300070,104,58,46,359,58,46,0.00046213226910863444,2.920350226886724e-06,1.0905762995266269e-05,0.005225868046831818,103
Cha-F-300071,211,75,136,730,75,136,0.0010957149517776162,3.2859271819439996e-06,1.1692106645540383e-05,0.010602482287322246,181
Cha-F-300072,236,223,13,936,223,13,0.006407047210481449,2.184214422729733e-05,2.3329709703228924e-05,0.011858700567810663,228
Cha-F-300073,604,481,123,2839,481,123,0.006198440991342537,5.2224898461948815e-05,0.00013127142322759424,0.03035023365660017,310
Cha-F-300074,67,41,26,217,41,26,0.00011801850733409728,7.144149395374566e-08,1.4544832668056702e-05,0.0033666649917089594,66
Cha-F-300076,793,91,702,3153,91,702,0.002439563954944839,1.4680508669327905e-05,1.5648507787776484e-05,0.03984724385709261,352
Cha-F-300077,30,23,7,118,23,7,0.00011080997945060106,3.542373274012852e-06,8.306049235273774e-06,0.0015074619365861013,30
Cha-F-300079,54,41,13,181,41,13,0.00014844132945102424,5.50723825575192e-08,1.6069047410477052e-05,0.002713431485854982,54
Cha-F-300080,191,57,134,662,57,134,0.0003977015953214399,3.062116105573591e-07,1.3502288425941483e-05,0.009597507662931512,137
Cha-F-300081,58,39,19,299,39,19,0.00011629069941891844,1.0937146098496392e-07,1.7131610716168625e-05,0.002914426410733129,55
Cha-F-300083,46,30,16,142,30,16,0.00015312195786696366,9.617528468851311e-08,1.709175077462674e-05,0.0023114416360986885,45
Cha-F-300084,12,3,9,23,3,9,2.1121202360067367e-06,3.3915147985991535e-10,7.853867453342634e-06,0.0006029847746344405,12
Cha-F-300085,87,67,20,402,67,20,0.0003290122994074192,6.763836405395897e-07,2.9342315528878505e-05,0.004371639616099694,82
Cha-F-300087,226,141,85,1129,141,85,0.0003436764239035342,3.1224961411638676e-07,0.00010536707323836844,0.011356213255615295,99
Cha-F-300088,234,109,125,974,109,125,0.0013717376221861833,2.555483091139132e-06,1.7851236305908718e-05,0.01175820310537159,211
Cha-F-300089,422,135,287,2924,135,287,0.001926384870878066,1.846124471363274e-05,2.837388021211451e-05,0.02120496457464449,261
Cha-F-300090,61,48,13,202,48,13,0.0005570662616198036,1.4295975396667244e-05,9.396434007088312e-06,0.003065172604391739,61
Cha-F-300091,209,115,94,723,115,94,0.00030072405075513923,2.13389220206572e-07,3.305860771378401e-05,0.010501984824883171,148
Cha-F-300092,98,87,11,312,87,11,0.0012785536185130457,3.063355969975027e-06,1.1679747226472058e-05,0.004924375659514597,97
Cha-F-300093,240,156,84,1141,156,84,0.0005793204528987902,1.644490466185943e-06,2.4120473540428396e-05,0.01205969549268881,167
Cha-F-300094,124,52,72,767,52,72,0.0005367197082601224,1.78223292055331e-06,1.2930583092512259e-05,0.006230842671222552,101
Cha-F-300096,229,5,224,591,5,224,3.1856515529139514e-05,1.6013391237814086e-06,7.673747608847155e-06,0.011506959449273905,143
Cha-F-300098,14,7,7,43,7,7,1.696002233778078e-05,6.562792623933278e-09,1.1685463014038904e-05,0.0007034822370735139,14
Cha-F-300099,200,194,6,661,194,6,0.0026106611011285988,1.3564220671781825e-05,5.530134436887627e-05,0.01004974624390734,144
Cha-F-300100,483,192,291,2904,192,291,0.007830121843049416,1.0815056350691602e-05,2.167917179346186e-05,0.02427013717903623,352
Cha-F-300101,80,45,35,223,45,35,0.00041272588474145004,4.3706479887482724e-06,9.482975207335858e-06,0.004019898497562936,79
Cha-F-300102,125,24,101,414,24,101,0.0002287487601295212,1.471078482050045e-07,8.420850807788106e-06,0.006281091402442088,83
Cha-F-300103,164,22,142,392,22,142,9.649318155670142e-05,1.3810439620071442e-07,7.93330514708441e-06,0.00824079192000402,131
Cha-F-300104,237,202,35,1066,202,35,0.0008635792846851981,1.9805252479232177e-05,2.519574894272219e-05,0.0119089492990302,179
Cha-F-300105,54,40,14,258,40,14,0.00015784377453775656,3.192063393977363e-07,1.5116379472731862e-05,0.002713431485854982,54
Cha-F-300107,339,131,208,2337,131,208,0.0015601066559385996,1.3582526032579908e-05,2.6390183187958045e-05,0.017034319883422945,241
Cha-F-300108,125,114,11,380,114,11,0.0009609451496042054,1.003918885013211e-06,1.5295134515940797e-05,0.006281091402442088,118
Cha-F-300109,133,64,69,340,64,69,0.0004349545733162125,4.974483728256292e-07,9.629897153205427e-06,0.006683081252198382,124
Cha-F-300110,101,74,27,526,74,27,0.0002266007718989201,3.91694549013816e-07,2.464839134068398e-05,0.005075121853173208,89
Cha-F-300111,170,56,114,799,56,114,9.566008733177315e-05,4.964905349973946e-08,3.72523494237814e-05,0.00854228430732124,92
Cha-F-300112,127,101,26,812,101,26,0.0007171782514547164,2.0777798235918385e-05,2.1011210983996488e-05,0.006381588864881162,123
Cha-F-300113,80,51,29,302,51,29,0.00023450492261977666,4.235833770087973e-07,2.0677057449297366e-05,0.004019898497562936,73
Cha-F-300116,446,268,178,3497,268,178,0.012589767234482718,3.5713084083090725e-05,4.43480167095331e-05,0.02241093412391337,352
Cha-F-300117,160,158,2,415,158,2,0.001295040376231181,1.7126638279790611e-06,3.63694932844777e-05,0.008039796995125872,124
Cha-F-300119,551,509,42,2883,509,42,0.006713452351828303,0.0028732950393908488,8.340101956012846e-05,0.027687050901964726,331
Cha-F-300120,557,477,80,6429,477,80,0.006535024953610251,0.015050393429419325,0.00011800338984621477,0.027988543289281947,348
Cha-F-300121,309,242,67,1246,242,67,0.00041114713932222037,5.275948467942971e-07,7.389125257038384e-05,0.015526857946836843,148
Cha-F-300122,334,114,220,1579,114,220,0.007146425544966142,1.4117641987924156e-05,1.490634963404716e-05,0.01678307622732526,212
Cha-F-300124,842,237,605,5480,237,605,0.0033756843747244844,1.0083523614940245e-05,6.085896426918631e-05,0.042309431686849905,318
Cha-F-300125,131,52,79,401,52,79,0.0007003012416207186,2.0390004518183545e-06,1.0308202597662012e-05,0.006582583789759309,126
Cha-F-300126,50,46,4,150,46,4,9.959993413512847e-05,8.881442817920337e-08,3.100079417411217e-05,0.002512436560976835,45
Cha-F-300127,82,55,27,276,55,27,0.00018444916432583177,8.423609898021109e-08,1.880325035489034e-05,0.00412039596000201,76
Cha-F-300128,549,406,143,2029,406,143,0.0025959594454082165,2.3854615314236875e-05,6.346420881043158e-05,0.027586553439525652,205
Cha-F-300129,202,28,174,723,28,174,8.500226052902809e-05,6.668679877629143e-08,9.717484020575207e-06,0.010150243706346415,150
Cha-F-300130,126,89,37,756,89,37,0.00023229588212069047,1.0345514634389386e-06,4.8013327993550596e-05,0.006331340133661625,89
Cha-F-300131,386,169,217,2072,169,217,0.0006968397852395077,3.592299083643091e-06,3.6924751756562085e-05,0.01939601025074117,186
Cha-F-300132,543,196,347,4021,196,347,0.007383922386503273,2.7641270449700793e-05,2.723764360633692e-05,0.02728506105220843,352
Cha-F-300133,465,301,164,2402,301,164,0.004750798318497271,9.90958281064223e-06,5.9482368752716856e-05,0.02336566001708457,248
Cha-F-300134,101,56,45,358,56,45,0.00036179539138185676,1.7790875829677924e-06,1.4960058542330935e-05,0.005075121853173208,89
Cha-F-300135,70,34,36,260,34,36,0.00025057892302381585,4.747369177369832e-07,9.60243489908184e-06,0.0035174111853675696,70
Cha-F-300136,338,146,192,1750,146,192,0.0010592563779992898,2.9330392793190604e-05,2.301693302610546e-05,0.016984071152203406,205
Cha-F-300137,677,341,336,3667,341,336,0.00666934679003326,0.0006434195557469969,5.106972324661601e-05,0.03401839103562635,308
Cha-F-300138,146,92,54,512,92,54,0.0006604821180236192,1.374786137247548e-05,1.3134069794858527e-05,0.007336314758052359,121
Cha-F-300139,104,40,64,369,40,64,0.00036515474021887265,2.469834802553617e-06,1.542637242959782e-05,0.005225868046831818,90
Cha-F-300140,28,13,15,61,13,15,0.00026095393495964537,1.0893767530403418e-06,8.04603229839542e-06,0.0014069644741470278,28
Cha-F-300141,120,30,90,929,30,90,7.352324442404537e-05,2.2951252908591737e-08,1.1376943351954526e-05,0.006029847746344405,89
Cha-F-300142,123,31,92,637,31,92,0.0003439264364377668,6.1098928875552494e-06,9.842077725135723e-06,0.0061805939400030145,89
Cha-F-300143,85,48,37,287,48,37,0.0007102940864015956,6.36643314888912e-05,1.1486237877983265e-05,0.00427114215366062,85
Cha-F-300144,201,189,12,595,189,12,0.0019476069762232482,1.537511178991444e-05,3.479039049599379e-05,0.010099994975126878,142
Cha-F-300145,161,52,109,599,52,109,0.00016309294994812867,1.9072056324516816e-07,1.0703678173809028e-05,0.00809004572634541,133
Cha-F-300146,300,80,220,1312,80,220,0.0004892288800627937,1.4447912651924869e-06,1.1805155519180726e-05,0.015074619365861013,210
Cha-F-300147,156,84,72,713,84,72,0.0008276484852415696,2.3391999407791875e-06,1.7622153439316244e-05,0.007838802070247727,132
Cha-F-300148,466,149,317,2668,149,317,0.0013754695361251992,6.0634696385337426e-05,3.203141539584025e-05,0.023415908748304105,227
Cha-F-300149,106,43,63,465,43,63,0.0004938145974095882,1.768811849767289e-06,1.546571883601163e-05,0.005326365509270891,94
Cha-F-300151,123,8,115,354,8,115,6.809355016792807e-05,1.6632728488425605e-07,7.769397496651948e-06,0.0061805939400030145,92
Cha-F-300152,698,680,18,3299,680,18,0.017681699979967203,2.6546589956076246e-05,6.180997249073447e-05,0.03507361439123662,352
Cha-F-300153,98,58,40,327,58,40,0.0004324104467359776,1.6949455680413992e-05,1.1005799491984963e-05,0.004924375659514597,86
Cha-F-300154,363,55,308,1766,55,308,0.0011452692621959878,2.3759103331368673e-05,1.2092577961556959e-05,0.018240289432691823,231
Cha-F-300155,170,119,51,688,119,51,0.0013834731476074467,2.7536046835582654e-06,4.3422085743786087e-05,0.00854228430732124,146
Cha-F-300156,462,140,322,1954,140,322,0.0006416452198436956,3.812329262231976e-06,2.348941058785828e-05,0.02321491382342596,186
Cha-F-300157,606,202,404,3033,202,404,0.0027635481109978227,0.0016823437238041308,2.932207732790441e-05,0.030450731119039245,241
Cha-F-300158,577,433,144,4979,433,144,0.00548243860968688,0.004324660947805358,0.00010476329425649058,0.02899351791367268,348
Cha-F-300159,866,566,300,5069,566,300,0.010457956341856462,8.006848735379494e-05,0.000158277840830585,0.043515401236118786,302
Cha-F-300160,429,215,214,1731,215,214,0.006632765291666913,4.274676002826739e-05,3.783310738077912e-05,0.021556705693181247,316
Cha-F-300162,393,200,193,2082,200,193,0.006960568075833803,7.922655285778106e-05,3.395862571841311e-05,0.019747751369277925,227
Cha-F-300163,55,6,49,347,6,49,5.444894898993946e-05,1.473705608415291e-08,9.506280980029879e-06,0.002763680217074519,55
Cha-F-300164,265,194,71,705,194,71,0.00561747907436459,5.307709831786241e-06,1.6693068285356788e-05,0.013315913773177228,241
Cha-F-300165,108,64,44,337,64,44,0.0004079855653051434,7.386584385581151e-07,1.00407008203166e-05,0.005426862971709964,106
Cha-F-300166,34,22,12,89,22,12,7.69236867126232e-05,1.6283160189578903e-08,1.010587983221815e-05,0.001708456861464248,33
Cha-F-300167,208,37,171,700,37,171,0.00012788897490792115,1.0403055519289742e-07,1.4286878541634949e-05,0.010451736093663636,148
Cha-F-300169,773,95,678,3016,95,678,0.0014593964737990245,8.949728189335247e-06,2.331599253025934e-05,0.03884226923270188,334
Cha-F-300170,414,251,163,1989,251,163,0.01127617021203853,7.838938332245472e-05,3.416689272218944e-05,0.020802974724888196,352
Cha-F-300171,101,7,94,455,7,94,1.3385212275438353e-05,4.5493554623693105e-09,7.858998482666265e-06,0.005075121853173208,101
Cha-F-300172,375,188,187,2870,188,187,0.01179051374652135,0.00010406818416921497,3.754428999390256e-05,0.018843274207326264,331
Cha-F-300173,122,43,79,556,43,79,0.0006127924510792946,5.592313722770053e-06,1.672997060947266e-05,0.006130345208783478,96
Cha-F-300174,302,164,138,1558,164,138,0.0013377248470670341,1.0951702033157805e-05,3.504317226047806e-05,0.015175116828300085,211
Cha-F-300176,51,40,11,125,40,11,0.0004888850832110892,3.364828333394956e-07,8.951978760182473e-06,0.002562685292196372,51
Cha-F-300177,64,41,23,191,41,23,0.00020261521195820542,1.4791710982017873e-07,1.3609752135371147e-05,0.0032159187980503492,62
Cha-F-300178,238,6,232,1461,6,232,4.9064693917692645e-05,8.961998869816077e-08,7.800884843761235e-06,0.011959198030249736,205
Cha-F-300179,426,138,288,2139,138,288,0.0058554776446616205,7.752192564292543e-05,2.5232065087898286e-05,0.021405959499522637,345
Cha-F-300180,41,27,14,127,27,14,0.0001571809105786935,4.780011899200909e-08,1.3898784130436012e-05,0.002060197980001005,39
Cha-F-300181,101,33,68,324,33,68,0.00022648622661244157,9.586566000593266e-08,1.2693807843471553e-05,0.005075121853173208,83
Cha-F-300183,544,33,511,1872,33,511,0.001328674988000462,1.2737638516832535e-05,1.1702954460254627e-05,0.027335309783427967,337
Cha-F-300184,711,155,556,3666,155,556,0.0032806726478081527,5.209123096596235e-05,3.0759821422360335e-05,0.035726847897090595,301
Cha-F-300185,85,51,34,654,51,34,0.00046498878548762286,2.15429360221439e-06,1.384408077518182e-05,0.00427114215366062,80
Cha-F-300188,40,23,17,119,23,17,7.893842767769105e-05,5.188492051922889e-08,9.879753435282566e-06,0.002009949248781468,37
Cha-F-300189,71,39,32,344,39,32,0.00022640795669129715,6.110408858599838e-07,1.4650172477926015e-05,0.003567659916587106,69
Cha-F-300190,107,46,61,364,46,61,0.00036995526207635746,2.4859592288491182e-06,1.0842699542131768e-05,0.005376614240490428,104
Cha-F-300191,498,276,222,3797,276,222,0.0020763795351648523,2.5777054015055555e-05,4.068721062047711e-05,0.02502386814732928,269
Cha-F-300192,106,71,35,343,71,35,0.0007064824243776501,2.989758248128653e-06,1.5607746026828842e-05,0.005326365509270891,103
Cha-F-300193,80,50,30,391,50,30,0.00043437269096232434,2.844464689070113e-06,1.5893936705743226e-05,0.004019898497562936,76
Cha-F-300194,1445,483,962,9125,483,962,0.0066346278136254445,0.011928459925921012,9.216892200311372e-05,0.07260941661223054,348
Cha-F-300195,365,205,160,2098,205,160,0.005457880160072341,1.3637526616413125e-05,1.9932791952150338e-05,0.018340786895130898,328
Cha-F-300197,400,221,179,2561,221,179,0.011340666044481735,1.4209925276674424e-05,3.13170663044047e-05,0.02009949248781468,349
Cha-F-300198,75,43,32,361,43,32,0.0005944432567273139,7.659869476689615e-07,1.0754126384178782e-05,0.003768654841465253,71
Cha-F-300199,119,38,81,495,38,81,7.972032033468792e-05,3.0790424699663636e-08,3.331591245928226e-05,0.005979599015124868,82
Cha-F-300200,422,330,92,1969,330,92,0.008410065069198024,0.0001363190476650063,4.228710681468943e-05,0.02120496457464449,220
Cha-F-300201,453,232,221,3083,232,221,0.0006973606924027298,1.5536180475956827e-06,0.0001136148738079915,0.02276267524245013,150
Cha-F-300202,264,97,167,1063,97,167,0.00037470925351999567,8.877473255340431e-07,1.632487698964195e-05,0.01326566504195769,175
Cha-F-300203,195,119,76,508,119,76,0.0010902136969797107,8.87257476034478e-06,1.5338679096523814e-05,0.009798502587809657,141
Cha-F-300204,234,88,146,823,88,146,0.0014572571839887177,2.6974534058249282e-06,1.3229405498231989e-05,0.01175820310537159,199
Cha-F-300205,612,471,141,6821,471,141,0.006076637152293521,0.007177347185094567,0.0001516902825734238,0.030752223506356466,348
Cha-F-300206,110,61,49,328,61,49,0.0007683086450870906,1.0108648509520672e-05,1.0618755566224565e-05,0.005527360434149038,110
Cha-F-300207,436,274,162,2778,274,162,0.0031983520431163683,3.3532180460236384e-05,3.9132156628464665e-05,0.021908446811718003,231
Cha-F-300208,204,104,100,1222,104,100,0.00033270017287788704,3.044637903636423e-06,2.0958235632653748e-05,0.010250741168785488,145
Cha-F-300209,600,204,396,3337,204,396,0.005963989931140418,0.00013097286660834954,3.7687590139876094e-05,0.030149238731722025,272
Cha-F-300210,139,89,50,393,89,50,0.0008614718048438987,8.172633786369984e-07,1.0899235273127757e-05,0.006984573639515602,129
Cha-F-300211,252,16,236,1029,16,236,0.0001694143874289957,1.814203257680267e-07,8.934220666663386e-06,0.01266268026732325,146
Cha-F-300212,217,110,107,1028,110,107,0.0011897434681284538,1.3353934543729565e-05,2.54871499421966e-05,0.010903974674639466,172
Cha-F-300213,344,164,180,1240,164,180,0.002855065433852364,7.639451093772888e-06,1.786039100369558e-05,0.017285563539520626,211
Cha-F-300214,55,45,10,141,45,10,0.0005186871806387352,8.42973947131908e-07,1.0190965381507926e-05,0.002763680217074519,55
Cha-F-300215,529,265,264,2957,265,264,0.003998646343916198,2.9689807545702756e-05,2.103679906500861e-05,0.02658157881513492,352
Cha-F-300216,448,186,262,3575,186,262,0.005685791031429094,4.7758413370129677e-05,4.1600593055939035e-05,0.022511431586352444,235
Cha-F-300217,231,122,109,1541,122,109,0.00045208072560577305,8.845946672134045e-07,7.368323511906376e-05,0.01160745691171298,140
Cha-F-300218,178,140,38,590,140,38,0.000988148441957636,1.031563124489125e-05,2.8059325678802743e-05,0.008944274157077534,141
Cha-F-300219,137,38,99,904,38,99,0.00025172573447658817,3.303029879876852e-06,1.0220799678588695e-05,0.006884076177076529,106
Cha-F-300220,211,158,53,1305,158,53,0.0010931142896608514,1.1456018133556494e-06,2.744575135079469e-05,0.010602482287322246,175
Cha-F-300223,581,286,295,3395,286,295,0.004575440602290713,2.949310745493067e-05,2.4013293470642653e-05,0.02919451283855083,352
Cha-F-300224,278,245,33,899,245,33,0.002082792912535983,5.879309526079817e-05,4.2940349822913874e-05,0.013969147279031204,176
Cha-F-300225,203,50,153,846,50,153,8.043539042358887e-05,3.502115869731014e-08,2.472699004766367e-05,0.01020049243756595,141
Cha-F-300226,41,35,6,99,35,6,0.00017147242959334548,3.1989152621300175e-06,8.419431983516212e-06,0.002060197980001005,41
Cha-F-300227,228,54,174,1191,54,174,0.0004615262504924187,1.3055104384820157e-06,2.9126704872808357e-05,0.01145671071805437,190
Cha-F-300228,498,133,365,2018,133,365,0.0011664415326304654,2.0019400542781593e-05,2.2912423794037498e-05,0.02502386814732928,205
Cha-F-300229,380,198,182,2875,198,182,0.012383749131628787,5.38727346672519e-05,4.2233156299351995e-05,0.01909451786342395,341
Cha-F-300230,138,125,13,498,125,13,0.001619535083731775,2.925231439370198e-05,1.4103638872707382e-05,0.0069343249082960655,133
Cha-F-300231,324,120,204,1496,120,204,0.0016986091599191196,5.649251870441498e-06,6.993172808780819e-05,0.016280588915129894,251
Cha-F-300232,892,301,591,4959,301,591,0.005040004813446583,0.00013982521998061643,0.00012843995039229402,0.04482186824782674,231
Cha-F-300233,435,232,203,3830,232,203,0.010833451323109772,0.00013369010194797296,3.673198950755142e-05,0.021858198080498468,352
Cha-F-300234,524,142,382,3954,142,382,0.003574772506803707,1.785804717948688e-05,2.479892183924262e-05,0.026330335159037235,352
Cha-F-300235,170,28,142,925,28,142,8.898474407096414e-05,7.712651023704448e-08,1.5795218450152136e-05,0.00854228430732124,121
Cha-F-300237,125,90,35,411,90,35,0.0025374657560643912,5.9731487665457286e-05,1.4146718401491622e-05,0.006281091402442088,121
Cha-F-300238,421,364,57,2107,364,57,0.0026889476260786947,3.6344572514789255e-05,5.9079874312004436e-05,0.021154715843424952,211
Cha-F-300239,256,147,109,1534,147,109,0.0005723133465815066,1.3466043332838186e-06,2.7106029930286915e-05,0.012863675192201397,150
Cha-F-300240,76,68,8,195,68,8,0.0018257443274717921,6.380926398533273e-06,1.5531798755734045e-05,0.0038189035726847896,75
Cha-F-300241,405,77,328,4248,77,328,0.0011680245854356931,6.616667542910234e-06,1.6559126700026347e-05,0.020350736143912366,211
Cha-F-300243,74,41,33,322,41,33,0.00040538184054273347,5.592736014247777e-07,2.0191764298864913e-05,0.0037184061102457163,72
Cha-F-300244,72,53,19,243,53,19,0.0008187568594500423,1.0114002314688558e-05,1.0840648083503117e-05,0.003617908647806643,72
Cha-F-300246,48,12,36,182,12,36,3.3475488946599457e-05,1.1022733434931708e-08,1.0510350225737028e-05,0.002411939098537762,45
Cha-F-300247,39,14,25,66,14,25,0.0001747291247138506,5.293194753989443e-07,8.18993054562565e-06,0.0019597005175619317,39
Cha-F-300248,616,318,298,2692,318,298,0.00573039379467709,2.798760100899036e-05,7.524374908135293e-05,0.03095321843123461,296
Cha-F-300249,249,104,145,1242,104,145,0.0004569296118938542,1.1917445189659884e-06,2.2376721631572776e-05,0.01251193407366464,146
Cha-F-300250,456,115,341,2122,115,341,0.0014630221339879369,2.9788136841003656e-06,4.822564538336281e-05,0.02291342143610874,266
Cha-F-300251,705,238,467,5191,238,467,0.0035190487946213777,3.5802218047419917e-05,3.8505614097051915e-05,0.035425355509773375,270
Cha-F-300252,188,149,39,849,149,39,0.000946406797446893,5.918426504621241e-06,2.4356291081027085e-05,0.009446761469272901,159
Cha-F-300253,495,175,320,3663,175,320,0.004929317581405489,1.5210645481515484e-05,2.535122173905031e-05,0.024873121953670668,352
Cha-F-300254,290,251,39,1317,251,39,0.00042421548287597735,2.0689939236953273e-07,7.784615119192919e-05,0.014572132053665645,148
Cha-F-300257,170,96,74,785,96,74,0.0004975095638995764,3.0380492741832266e-06,1.7144599003839623e-05,0.00854228430732124,127
Cha-F-300258,394,89,305,2298,89,305,0.0008262205418374429,3.324070614261907e-06,1.5054435754874406e-05,0.019798000100497464,211
Cha-F-300259,409,138,271,1775,138,271,0.005510667199395797,1.1751111921944316e-05,3.407631235111561e-05,0.02055173106879051,241
Cha-F-300260,415,259,156,1825,259,156,0.004910572301633758,0.00012450561458758738,8.874339019578836e-05,0.020853223456107732,241
Cha-F-300262,389,190,199,2179,190,199,0.0027720271755830228,5.272471109051088e-05,3.830814745070108e-05,0.01954675644439978,236
Cha-F-300264,55,20,35,466,20,35,6.5432295531556e-05,7.169947957414487e-08,1.523901757953352e-05,0.002763680217074519,49
Cha-F-300265,135,92,43,702,92,43,0.0007874367617864048,8.081855837762228e-07,3.054757217408094e-05,0.006783578714637455,114
Cha-F-300266,135,49,86,384,49,86,0.00020207957660809916,2.582824783317686e-06,9.090769592697542e-06,0.006783578714637455,131
Cha-F-300267,848,316,532,5042,316,532,0.012876392668458917,0.00011660528971259457,6.894908626385325e-05,0.042610924074167125,285
Cha-F-300268,43,16,27,178,16,27,4.7286906096660946e-05,5.970496278301858e-08,9.699800286508442e-06,0.0021606954424400783,42
Cha-F-300269,312,64,248,1327,64,248,0.0009708592532940363,5.827760540354873e-07,1.9732548495614105e-05,0.015677604140495453,210
Cha-F-300270,272,118,154,1638,118,154,0.00023441497011321953,2.586857147861851e-07,8.1274063996103e-05,0.013667654891713983,122
Cha-F-300271,21,18,3,63,18,3,0.0002712510757711056,2.463717504335124e-07,8.347043669200366e-06,0.001055223355610271,21
Cha-F-300272,595,180,415,4246,180,415,0.0016435206376689707,3.266971917267175e-05,2.9738418995456968e-05,0.02989799507562434,211
Cha-F-300274,102,64,38,758,64,38,0.00038124287774929133,5.14978913285027e-07,5.316268540485159e-05,0.005125370584392744,89
Cha-F-300275,54,49,5,168,49,5,0.00015503373796088324,1.0710418186669237e-07,1.5438463240615308e-05,0.002713431485854982,50
Cha-F-300276,143,96,47,751,96,47,0.0009769047109996385,1.942461752009793e-06,2.3438825384537052e-05,0.0071855685643937494,116
Cha-F-300277,31,18,13,192,18,13,0.00011558097383125972,2.388868676040029e-07,1.6063825130404732e-05,0.001557710667805638,31
Cha-F-300278,159,90,69,647,90,69,0.0004602402944714364,6.57507592915643e-07,2.0806637013832424e-05,0.007989548263906337,116
Cha-F-300280,744,478,266,4398,478,266,0.011549842935960189,3.259066473796881e-05,5.25643976134891e-05,0.03738505602733531,352
Cha-F-300281,101,26,75,1189,26,75,0.00021407866784201368,1.9440778563405717e-07,1.1118013792508959e-05,0.005075121853173208,88
Cha-F-300282,66,31,35,292,31,35,0.0001108514915808718,1.462677511415931e-07,1.113586233024862e-05,0.0033164162604894225,65
Cha-F-300283,56,35,21,203,35,21,8.534645307539074e-05,3.4722387227431575e-08,1.6027284705921518e-05,0.0028139289482940555,51
Cha-F-300285,65,5,60,366,5,60,3.1945166015736084e-05,1.6496263267731073e-08,7.877934737871457e-06,0.003266167529269886,64
Cha-F-300286,79,75,4,247,75,4,0.0001749549996563384,1.5336819974829282e-07,2.1148773317269922e-05,0.0039696497663434,78
Cha-F-300287,123,93,30,1125,93,30,0.0006295977212093725,1.191124341989319e-05,0.00010797647599019807,0.0061805939400030145,96
Cha-F-300288,6,3,3,15,3,3,1.1905011209974596e-06,1.9898439860412682e-10,7.906177838858494e-06,0.0003014923873172202,6
Cha-F-300289,144,120,24,490,120,24,0.0017008303253730373,1.4746360591915311e-05,1.7442567205752734e-05,0.007235817295613286,136
Cha-F-300290,110,57,53,591,57,53,0.0006886967947492094,1.5035537090974147e-06,1.367102154440161e-05,0.005527360434149038,100
Cha-F-300291,21,8,13,59,8,13,2.273950637703638e-05,7.001425606665555e-09,9.47694201679655e-06,0.001055223355610271,21
Cha-F-300292,524,331,193,3103,331,193,0.005727097638279273,4.2412901700809403e-05,0.00013923451660750413,0.026330335159037235,300
Cha-F-300293,328,119,209,1836,119,209,0.0015988224677857565,4.683761164380257e-06,1.62868977840347e-05,0.01648158384000804,217
Cha-F-300294,410,166,244,2071,166,244,0.0011098395537526456,1.7570572240925926e-05,2.6269261396808294e-05,0.02060197980001005,205
Cha-F-300295,84,57,27,277,57,27,0.00021069811183847576,1.2879673252838285e-07,1.8213488619940715e-05,0.004220893422441084,78
Cha-F-300297,436,163,273,3159,163,273,0.0021437003193714743,1.3279359475669234e-05,2.708291213300795e-05,0.021908446811718003,227
Cha-F-300298,36,19,17,154,19,17,8.163234784904359e-05,6.170185235801972e-08,9.685138930446198e-06,0.0018089543239033215,36
Cha-F-300299,220,140,80,1486,140,80,0.000320765784916184,7.558394751792604e-07,0.00012880511365910468,0.011054720868298076,89
Cha-F-300300,171,85,86,1024,85,86,0.00031827416795066565,4.2191884205853886e-07,5.3557184307170765e-05,0.008592533038540778,126
Cha-F-300301,255,200,55,691,200,55,0.00593466424566209,1.0583395459163651e-05,2.2909874397147973e-05,0.01281342646098186,189
Cha-F-300302,212,101,111,1048,101,111,0.001245989768277078,5.6029982374806605e-06,1.620008161601012e-05,0.010652731018541781,183
Cha-F-300303,341,134,207,1480,134,207,0.002186089018706671,2.183662869351387e-05,1.6776977804124368e-05,0.017134817345862016,226
Cha-F-300304,573,208,365,9861,208,365,0.0028302372564761725,0.002088783817510504,7.409646720438459e-05,0.028792522988794533,348
Cha-F-300306,107,18,89,800,18,89,0.0002322788769478048,6.664842024194803e-07,1.0477773168550845e-05,0.005376614240490428,84
Cha-F-300307,44,25,19,146,25,19,6.469184077190317e-05,2.07608024666319e-08,1.6674974441977714e-05,0.002210944173659615,43
Cha-F-300308,18,7,11,58,7,11,1.6806451129726235e-05,1.9853765964608573e-08,8.81893709012255e-06,0.0009044771619516607,18
Cha-F-300309,494,177,317,3904,177,317,0.003945063091495132,2.0281796387594818e-05,3.059876180523325e-05,0.024822873222451133,352
Cha-F-300310,311,116,195,1884,116,195,0.0006875705650719507,1.3340353540340569e-05,0.00010788797083882686,0.015627355409275914,171
Cha-F-300311,68,54,14,182,54,14,0.0002173450928199019,1.4359194040969845e-07,1.8677650646791552e-05,0.003416913722928496,64
Cha-F-300312,194,35,159,533,35,159,0.00012116594166852827,2.305310683017429e-07,8.254731405176834e-06,0.009748253856590122,127
Cha-F-300313,296,242,54,1075,242,54,0.0023407322254853672,1.4251575644406897e-05,3.430500644614022e-05,0.014873624440982865,193
Cha-F-300315,96,78,18,257,78,18,0.00021778609959847989,1.2309650356718883e-07,2.3333091665935586e-05,0.004823878197075524,82
Cha-F-300316,145,49,96,937,49,96,0.00033750100362143104,1.5755895186099252e-06,1.3329947177511066e-05,0.007286066026832822,116
Cha-F-300317,115,85,30,581,85,30,0.0002969255659540019,3.3177451654809997e-07,3.039527762114982e-05,0.005778604090246721,95
Cha-F-300318,44,37,7,140,37,7,0.00013228006841347172,4.018775692994466e-08,3.1576155872461515e-05,0.002210944173659615,40
Cha-F-300319,191,48,143,562,48,143,0.0002897375184855085,8.566981144090771e-06,9.276284147770279e-06,0.009597507662931512,168
Cha-F-300320,111,73,38,354,73,38,0.001547854774681682,2.46571766343072e-06,1.2600565308681151e-05,0.005577609165368575,109
Cha-F-300321,69,44,25,250,44,25,0.00016229740253529359,7.845293929681169e-08,1.4104342010417356e-05,0.0034671624541480327,67
Cha-F-300322,432,240,192,2411,240,192,0.0023092037501166256,1.4936007704582182e-05,8.109392885263537e-05,0.021707451886839858,235
Cha-F-300323,483,203,280,2953,203,280,0.01111193268246834,4.133358733749426e-05,3.6552415361237516e-05,0.02427013717903623,352
Cha-F-300324,136,40,96,747,40,96,0.00024035872834523686,6.58221828992548e-07,1.2628038170905655e-05,0.006833827445856992,108
Cha-F-300325,88,72,16,382,72,16,0.00027762728639221817,2.8186006374168505e-07,2.3177264067853584e-05,0.00442188834731923,76
Cha-F-300326,22,20,2,49,20,2,6.618235283924043e-05,3.449901147395777e-08,1.161956653401811e-05,0.0011054720868298076,22
Cha-F-300327,285,61,224,1456,61,224,0.0007770289335700064,7.524748519852012e-07,1.3825210729936787e-05,0.014320888397567962,220
Cha-F-300329,38,12,26,212,12,26,2.092764750544363e-05,7.416456881383852e-09,1.5863459427332756e-05,0.0019094517863423948,31
Cha-F-300330,63,16,47,669,16,47,3.750237714089883e-05,1.7770503572010516e-08,1.4029607603132678e-05,0.0031656700668308124,50
Cha-F-300331,218,90,128,952,90,128,0.0001533511282697992,4.7168523437208616e-08,3.78712659017225e-05,0.010954223405859002,138
Cha-F-300332,645,327,318,4081,327,318,0.006925194451750644,2.560254101335639e-05,2.9044442495209184e-05,0.03241043163660118,352
Cha-F-300333,214,181,33,1747,181,33,0.0012915248429313433,2.9526391235429194e-06,0.00013559735121576442,0.010753228480980856,137
Cha-F-300334,163,121,42,960,121,42,0.0004121680053283261,7.194143533224021e-07,7.490075211831528e-05,0.008190543188784483,102
Cha-F-300335,120,30,90,629,30,90,8.40151337603379e-05,2.2839920922418307e-07,1.3241930486905722e-05,0.006029847746344405,101
Cha-F-300337,89,31,58,291,31,58,0.00012433179675681356,1.9626567201956323e-07,1.19215543698428e-05,0.004472137078538767,83
Cha-F-300338,812,185,627,5585,185,627,0.01190688651108042,4.863754181251235e-05,3.661647540743254e-05,0.0408019697502638,352
Cha-F-300339,127,75,52,896,75,52,0.0005692509707720625,2.4858045416099922e-05,5.8717336906846856e-05,0.006381588864881162,86
Cha-F-300340,388,143,245,3225,143,245,0.0023866896531515823,7.365667686803642e-05,1.7769584212348622e-05,0.019496507713180244,205
Cha-F-300341,373,263,110,3086,263,110,0.004278858416257804,1.778855015088518e-05,4.339778273958257e-05,0.018742776744887193,241
Cha-F-300342,284,97,187,2007,97,187,0.001011027075885737,2.5585134972024544e-05,1.8918774049368046e-05,0.014270639666348424,211
Cha-F-300343,302,212,90,930,212,90,0.003313059383580486,1.763988469590486e-05,5.6213870246995877e-05,0.015175116828300085,232
Cha-F-300344,326,75,251,2106,75,251,0.0008016669451363199,3.933780119405421e-06,2.18944230936095e-05,0.016381086377568965,186
Cha-F-300345,429,255,174,2597,255,174,0.0007351655177218469,1.915770902565941e-06,0.00011774657123899566,0.021556705693181247,184
Cha-F-300346,175,88,87,752,88,87,0.0010271902726481873,2.229759073701704e-06,4.0639114369208496e-05,0.008793527963418923,146
Cha-F-300348,688,662,26,5800,662,26,0.025909146090607977,5.84090409567717e-05,0.00011045295739188028,0.03457112707904125,352
Cha-F-300350,511,234,277,4168,234,277,0.0036574636113545166,2.2847848957171398e-05,6.298690599466587e-05,0.02567710165318326,233
Cha-F-300351,165,70,95,563,70,95,0.0006752458361437782,2.3504813490435242e-05,1.2145084058547932e-05,0.008291040651223557,147
Cha-F-300352,432,224,208,2522,224,208,0.0015049185485192522,9.11919255022208e-05,3.7231467636413774e-05,0.021707451886839858,211
Cha-F-300353,192,104,88,1251,104,88,0.0004135799651768111,1.7784210615249782e-06,1.8869277790158784e-05,0.009647756394151047,141
Cha-F-300354,69,51,18,180,51,18,0.0002370269843503603,5.323563690000372e-06,8.965053556920597e-06,0.0034671624541480327,69
Cha-F-300355,202,130,72,2039,130,72,0.00026183605786934657,6.884212818547234e-07,0.00015696268027154024,0.010150243706346415,94
Cha-F-300356,250,12,238,705,12,238,2.3482216727425963e-05,5.057827623780523e-09,7.823082681702366e-06,0.012562182804884177,140
Cha-F-300357,390,112,278,2470,112,278,0.0007650801193823944,2.153893410297094e-05,1.9802083317838473e-05,0.019597005175619315,211
Cha-F-300358,133,74,59,930,74,59,0.00042184265109670966,6.141175590935076e-07,2.5755308649598904e-05,0.006683081252198382,102
Cha-F-300359,126,77,49,344,77,49,0.0014425809214841144,1.345269857120839e-05,1.194517081123257e-05,0.006331340133661625,123
Cha-F-300360,221,127,94,1276,127,94,0.001444175436615986,1.5978476356545977e-05,3.1426996040926834e-05,0.011104969599517612,149
Cha-F-300361,218,151,67,1484,151,67,0.0005144096475161462,2.5715515596875453e-06,6.134719083424993e-05,0.010954223405859002,107
Cha-F-300362,349,193,156,1577,193,156,0.003803186143578274,2.330132235953212e-05,6.709737184549122e-05,0.01753680719561831,265
Cha-F-300363,129,57,72,835,57,72,0.00034637413968521016,1.9450869353874332e-06,1.3460697726297833e-05,0.006482086327320235,107
Cha-F-300364,996,148,848,11601,148,848,0.002899941405784137,1.0431527352871638e-05,2.276840096741368e-05,0.05004773629465856,352
Cha-F-300365,395,174,221,3422,174,221,0.009781970611359918,9.777797245666213e-05,3.649283996125876e-05,0.019848248831717,348
Cha-F-300366,197,112,85,1178,112,85,0.0004532653639179034,6.383366720199404e-06,1.6415562561346544e-05,0.009899000050248732,139
Cha-F-300367,22,12,10,57,12,10,1.4582596750416858e-05,1.8608335009871308e-09,1.381098063378326e-05,0.0011054720868298076,22
Cha-F-300368,34,23,11,119,23,11,7.598274948382959e-05,3.05426767672916e-08,1.36989638085987e-05,0.001708456861464248,33
Cha-F-300369,213,70,143,1830,70,143,0.0006802085010850461,1.035936922276961e-06,1.7794448946314e-05,0.010702979749761319,131
Cha-F-300370,111,63,48,703,63,48,0.000893584596157496,1.2987810348122197e-06,1.866837978421242e-05,0.005577609165368575,93
Cha-F-300371,120,85,35,762,85,35,0.0003962026253805095,1.4442031648255278e-06,4.1802192103850626e-05,0.006029847746344405,93
Cha-F-300373,117,50,67,732,50,67,0.00036891213659141347,8.977473200776916e-07,1.3048069330544677e-05,0.005879101552685795,104
Cha-F-300374,74,12,62,432,12,62,0.0002920740258324941,5.63896690488863e-08,8.963296299428766e-06,0.0037184061102457163,65
Cha-F-300375,415,347,68,3619,347,68,0.001825528126768255,7.030672056042013e-05,8.318569607531463e-05,0.020853223456107732,189
Cha-F-300376,330,92,238,1711,92,238,0.0008196300788496926,2.945904340703822e-06,1.8698290970479827e-05,0.016582081302447114,200
Cha-F-300377,386,55,331,2828,55,331,0.0012131846913167863,2.928621741305437e-06,1.1506793633480997e-05,0.01939601025074117,233
Cha-F-300378,103,68,35,761,68,35,0.0005836855736438656,2.5683999573315447e-05,6.666799503202374e-05,0.0051756193156122805,76
Cha-F-300379,215,108,107,1342,108,107,0.0007547971710836129,3.172642211232087e-05,1.899304064275878e-05,0.010803477212200392,141
Cha-F-300380,113,61,52,920,61,52,0.0005996858997062457,1.887010161579323e-06,1.705045420344631e-05,0.0056781066278076475,90
Cha-F-300381,147,109,38,1008,109,38,0.00030786904006188047,5.251343754853582e-07,6.0019540990385514e-05,0.007386563489271896,96
Cha-F-300382,119,62,57,766,62,57,0.00048077286150181045,4.0803181776298045e-07,3.2522912774921454e-05,0.005979599015124868,98
Cha-F-300383,388,192,196,2706,192,196,0.00891681350286536,3.9100020151406566e-05,2.9419118381751878e-05,0.019496507713180244,334
Cha-F-300384,317,82,235,1609,82,235,0.0009578966564175533,7.898976249544003e-06,1.2662595103207633e-05,0.015928847796593135,205
Cha-F-300385,86,39,47,491,39,47,0.0003484422284809357,4.3087348789164717e-07,1.1089373425423972e-05,0.004321390884880157,78
Cha-F-300386,241,68,173,1345,68,173,0.00026878514053773223,4.6757292834977207e-07,4.597526090757578e-05,0.012109944223908346,148
Cha-F-300387,44,29,15,142,29,15,0.00011344279829069566,5.419516062662972e-08,1.1934458014656229e-05,0.002210944173659615,41
Cha-F-300388,574,199,375,4884,199,375,0.0014725559117078956,4.054139726483737e-05,9.464482013650313e-05,0.02884277172001407,254
Cha-F-300389,93,39,54,423,39,54,0.00010782752372860407,9.509493001661743e-08,3.2955184453995466e-05,0.0046731320034169134,72
Cha-F-300390,117,60,57,688,60,57,0.0008600360171525109,1.488441080798551e-06,1.3424112341043415e-05,0.005879101552685795,94
Cha-F-300391,77,15,62,364,15,62,5.974668251706622e-05,7.954654667326983e-08,9.533719800684804e-06,0.0038691523039043265,70
Cha-F-300392,530,102,428,3147,102,428,0.0011733452639358978,2.5870397813336063e-05,5.46595468709062e-05,0.026631827546354455,252
Cha-F-300393,190,90,100,903,90,100,0.0003289008639343479,3.812803075798508e-07,4.377069532378519e-05,0.009547258931711974,115
Cha-F-300394,412,237,175,2501,237,175,0.0032024932928841027,3.8946522739835375e-05,4.737933248912758e-05,0.020702477262449122,226
Cha-F-300395,281,177,104,1179,177,104,0.000378322314509378,2.662593341075499e-07,5.970774810105069e-05,0.014119893472689814,148
Cha-F-300397,562,225,337,4071,225,337,0.010033227211339332,4.872974164469357e-05,4.1005857134878656e-05,0.028239786945379628,352
Cha-F-300398,556,303,253,4383,303,253,0.004913163542747822,4.260677877615104e-05,6.491451228379725e-05,0.027938294558062408,293
Cha-F-300399,324,74,250,2230,74,250,0.0023606951390428084,2.90050449328347e-06,1.6061497039968327e-05,0.016280588915129894,209
Cha-F-300400,35,8,27,144,8,27,4.719949001416018e-05,2.9047087337237254e-08,9.497999539607552e-06,0.0017587055926837848,35
Cha-F-300401,308,122,186,1771,122,186,0.00041340092928683094,5.436789809355252e-07,6.937121223780505e-05,0.015476609215617306,150
Cha-F-300402,107,8,99,569,8,99,8.003190881216641e-05,1.4331097173634785e-07,1.0557381021672152e-05,0.005376614240490428,78
Cha-F-300403,173,81,92,1008,81,92,0.001196543916201544,2.5948892788251102e-06,2.1340749384271192e-05,0.00869303050097985,133
Cha-F-300405,55,23,32,238,23,32,7.067294525054733e-05,2.884226427714248e-08,1.1250078693536173e-05,0.002763680217074519,55
Cha-F-300406,82,79,3,610,79,3,0.00022427953464443614,9.654118291236248e-07,4.9621671384762386e-05,0.00412039596000201,76
Cha-F-300408,247,133,114,1584,133,114,0.000520131144271826,6.610546317206914e-07,2.092757305458099e-05,0.012411436611225566,150
Cha-F-300409,239,78,161,1456,78,161,0.0003858106827618723,9.022988068823122e-07,1.742692339039669e-05,0.012009446761469273,170
Cha-F-300410,526,172,354,5040,172,354,0.005616876390653866,1.8906242671049754e-05,2.5051526175593e-05,0.02643083262147631,352
Cha-F-300412,1076,287,789,12865,287,789,0.004909717513766885,3.565012502425753e-05,2.9656130168827057e-05,0.05406763479222149,352
Cha-F-300413,117,97,20,392,97,20,0.0012939637474436304,2.9605292156212555e-06,3.3650518128489736e-05,0.005879101552685795,102
Cha-F-300414,52,51,1,322,51,1,0.0004949160302116452,1.3294812526271899e-06,3.6833914029382006e-05,0.002612934023415909,50
Cha-F-300415,275,232,43,1505,232,43,0.0012418664110540767,7.81447629099992e-06,2.5238516944884937e-05,0.013818401085372594,195
Cha-F-300416,60,27,33,464,27,33,9.546222417300621e-05,1.2041401060949527e-06,2.0101356058691906e-05,0.0030149238731722026,58
Cha-F-300417,831,50,781,5450,50,781,0.00022799778300676865,6.122576963590823e-07,1.4251714176908021e-05,0.041756695643435,186
Cha-F-300418,306,73,233,1525,73,233,0.0018457044302160972,3.263733180334882e-06,5.96891816926684e-05,0.015376111753178233,235
Cha-F-300419,432,198,234,3015,198,234,0.0015224213639706244,1.043742422802146e-05,4.3716101333342684e-05,0.021707451886839858,195
Cha-F-300420,580,379,201,4094,379,201,0.012216443006732615,2.3110429048791016e-05,5.4022598889178604e-05,0.02914426410733129,352
Cha-F-300421,102,41,61,402,41,61,0.00031946463316993677,4.774917809164764e-07,1.1713498224516694e-05,0.005125370584392744,95
Cha-F-300422,513,246,267,2556,246,267,0.0032840844851318054,4.1569339888326436e-05,2.3897394577723216e-05,0.02577759911562233,352
Cha-F-300423,404,220,184,3230,220,184,0.01319467529251078,2.5069787362133524e-05,4.753271435187564e-05,0.02030048741269283,352
Cha-F-300424,231,119,112,1223,119,112,0.0003490357949145567,3.67060880528287e-07,5.9344581147664815e-05,0.01160745691171298,148
Cha-F-300425,810,476,334,11880,476,334,0.006602875332070042,0.007763657631826208,0.00018487875338949012,0.04070147228782473,348
Cha-F-300426,126,49,77,668,49,77,0.0002597327964084709,2.8332951797643277e-07,1.2833465414444316e-05,0.006331340133661625,100
Cha-F-300427,319,259,60,2572,259,60,0.004223367185609476,4.373123178425708e-05,9.536472315371747e-05,0.01602934525903221,254
Cha-F-300428,1194,237,957,8205,237,957,0.007880586937233392,3.365219376623559e-05,3.1512250660263093e-05,0.05999698507612683,352
Cha-F-300429,107,92,15,620,92,15,0.0004309478633131219,8.546174368872106e-07,3.661582986968995e-05,0.005376614240490428,88
Cha-F-300430,97,43,54,754,43,54,0.0005795604829406841,1.8757501679544586e-06,1.5320262140932942e-05,0.004874126928295061,78
Cha-F-300431,143,75,68,684,75,68,0.0005209837152352785,9.728035909534105e-07,3.395222531197883e-05,0.0071855685643937494,103
Cha-F-300432,218,136,82,914,136,82,0.004751783528878438,1.039291551753154e-05,2.373918280741342e-05,0.010954223405859002,192
Cha-F-300433,49,34,15,168,34,15,0.00011833438353139362,9.759574659151991e-08,1.386222588409284e-05,0.0024621878297572987,49
Cha-F-300434,160,102,58,894,102,58,0.00027855907176441993,3.045937346442763e-07,3.6554662031422144e-05,0.008039796995125872,126
Cha-F-300435,174,56,118,1025,56,118,0.0008619528274189575,1.746827237758552e-05,1.2485307312694274e-05,0.008743279232199388,139
Cha-F-300436,43,4,39,448,4,39,0.0002130357888292787,5.997070417671748e-08,8.106279800013596e-06,0.0021606954424400783,42
Cha-F-300437,70,20,50,575,20,50,0.00026160461424681847,4.093105248449184e-06,1.174027021131148e-05,0.0035174111853675696,67
Cha-F-300438,207,60,147,745,60,147,0.0002856069427868209,1.959543641026801e-07,2.3768991399236495e-05,0.010401487362444098,149
Cha-F-300439,248,83,165,1564,83,165,0.0007788194247491462,4.81524215737925e-06,1.9848330432637334e-05,0.012461685342445104,183
Cha-F-300440,518,414,104,4281,414,104,0.006360720347121747,0.0027726828546745016,0.0001284491813913802,0.026028842771720014,318
Cha-F-300441,156,121,35,911,121,35,0.00032063591074704836,3.3011926338625054e-07,7.68738188945128e-05,0.007838802070247727,122
Cha-F-300442,385,196,189,3141,196,189,0.011925742658845042,2.8216617184270524e-05,3.307507927914515e-05,0.019345761519521634,345
Cha-F-300443,300,228,72,2012,228,72,0.0013342362090855641,4.022374834755857e-06,0.00010119119359703468,0.015074619365861013,121
Cha-F-300444,143,10,133,647,10,133,8.30263286631111e-06,1.5002684908069148e-09,1.1006561837139174e-05,0.0071855685643937494,105
Cha-F-300445,165,74,91,878,74,91,0.00027864803496639723,4.41594319491883e-07,1.772978617691922e-05,0.008291040651223557,112
Cha-F-300449,176,96,80,1081,96,80,0.0002931553645002882,4.990696350230282e-07,5.1944194370654963e-05,0.00884377669463846,125
Cha-F-300450,204,42,162,835,42,162,0.00013588392983458994,5.9419621832932774e-08,1.9464371353950627e-05,0.010250741168785488,148
Cha-F-300451,1092,601,491,7973,601,491,0.0015422425476837415,9.32412434756004e-06,0.00021703449089204612,0.05487161449173408,205
Cha-F-300453,395,198,197,2817,198,197,0.010681763144547354,2.8379066758254077e-05,3.372783957021763e-05,0.019848248831717,343
Cha-F-300455,53,39,14,144,39,14,0.00017320182876239164,6.242208337634908e-08,2.7291955227393095e-05,0.0026631827546354453,49
Cha-F-300456,245,132,113,1982,132,113,0.0004330867181740571,7.840760100674148e-07,8.798278218840001e-05,0.012310939148786493,138
Cha-F-300458,133,99,34,985,99,34,0.0005495654937915211,6.8025218453002885e-06,1.478733181376189e-05,0.006683081252198382,133
Cha-F-300459,307,192,115,1525,192,115,0.0010797437946534934,2.6778621505464217e-05,4.1903021689637006e-05,0.015426360484397768,150
Cha-F-300460,174,119,55,981,119,55,0.0004286734106442621,5.437556362465613e-07,6.181840353419277e-05,0.008743279232199388,105
Cha-F-300461,75,49,26,301,49,26,0.0004386019542961645,2.931470846395241e-06,1.8070278356394942e-05,0.003768654841465253,69
Cha-F-300462,57,43,14,205,43,14,0.0001370808327327137,7.512024843296785e-08,1.3791105848885821e-05,0.0028641776795135924,57
Cha-F-300463,61,47,14,298,47,14,0.0001232873760146562,1.191622165071446e-07,1.7829957376087453e-05,0.003065172604391739,59
Cha-F-400000,149,115,34,437,115,34,0.0023343799139515244,1.5302973199434787e-05,1.5758839389470637e-05,0.007487060951710969,130
Cha-F-400001,309,141,168,1039,141,168,0.00020049575121443871,2.3742458659363542e-07,3.5316092405470474e-05,0.015526857946836843,150
Cha-F-400002,52,22,30,175,22,30,8.667150816110107e-05,2.1455804311309923e-07,1.1600617294722365e-05,0.002612934023415909,52
Cha-F-400003,445,192,253,3054,192,253,0.0013979662003756389,6.859948905957539e-06,4.009376222480212e-05,0.022360685392693834,194
Cha-F-400004,162,69,93,901,69,93,0.0002720944127019022,3.786239709518043e-07,2.7099065807219977e-05,0.008140294457564947,131
Cha-F-400005,140,83,57,490,83,57,0.0012158012176455367,2.106159503577679e-05,1.3869196521154543e-05,0.007034822370735139,132
Cha-F-400006,116,98,18,453,98,18,0.0022239287287067126,1.9459222422577695e-05,1.738802950703372e-05,0.005828852821466258,114
Cha-F-400008,549,42,507,3223,42,507,0.00029685791960506536,2.8479518463391775e-06,1.0901798245472204e-05,0.027586553439525652,183
Cha-F-400009,34,13,21,89,13,21,5.288315254847802e-05,2.2532493252448192e-08,9.816002438463369e-06,0.001708456861464248,33
Cha-F-400010,36,28,8,141,28,8,0.00011211464780958208,1.0459450817580102e-07,1.6116315521525254e-05,0.0018089543239033215,35
Cha-F-400011,414,220,194,2634,220,194,0.0020586521952698604,7.5377354734779156e-06,2.8866944503161237e-05,0.020802974724888196,211
Cha-F-400012,631,345,286,3308,345,286,0.007976448522423787,3.1862748693627536e-05,2.4687781648874948e-05,0.03170694939952766,352
Cha-F-400013,286,161,125,1405,161,125,0.010088232141565207,1.2817185748674482e-05,2.306645334981118e-05,0.014371137128787499,279
Cha-F-400014,139,35,104,314,35,104,0.0003019166102252938,2.2409894099757394e-07,8.376408354384918e-06,0.006984573639515602,110
Cha-F-400016,135,103,32,445,103,32,0.0006660825547957664,1.4564849562541998e-05,1.3960951268844686e-05,0.006783578714637455,120
Cha-F-400017,418,147,271,2770,147,271,0.00334282717478647,1.537858546903566e-05,1.9952282832887297e-05,0.021003969649766342,352
Cha-F-400018,241,206,35,1580,206,35,0.0018854177889207535,4.5150721282521536e-05,3.2632542172109964e-05,0.012109944223908346,204
Cha-F-400019,45,40,5,121,40,5,0.00030759838267165296,3.321940928389727e-07,1.952922266669157e-05,0.0022611929048791516,45
Cha-F-400020,158,77,81,403,77,81,0.0012553238694684734,1.4627974331556192e-05,1.1364779516788807e-05,0.0079392995326868,147
Cha-F-400021,248,110,138,820,110,138,0.00040973111805997297,5.052924440099142e-07,1.9842641768379532e-05,0.012461685342445104,148
Cha-F-400022,117,54,63,298,54,63,0.0006494487527872225,1.3385319242604842e-06,9.156981736398473e-06,0.005879101552685795,116
Cha-F-400023,180,102,78,955,102,78,0.0004072232303221393,2.814615257239526e-06,2.065842299755647e-05,0.009044771619516606,141
Cha-F-400024,51,15,36,166,15,36,3.4614631210447664e-05,5.334266441457022e-08,1.0909283798736315e-05,0.002562685292196372,51
Cha-F-400025,339,324,15,1473,324,15,0.010452014259343981,3.1960243327005096e-05,3.2243852623254886e-05,0.017034319883422945,309
Cha-F-400026,141,26,115,586,26,115,4.597511708518556e-05,1.9457659341725164e-08,2.44085514843356e-05,0.007085071101954676,112
Cha-F-400027,91,70,21,225,70,21,0.0010773210007950296,9.348648591656117e-06,1.0895727432405082e-05,0.0045726345409778405,91
Cha-F-400028,86,57,29,556,57,29,0.000275615940030945,2.093879153677966e-06,5.8268130319893005e-05,0.004321390884880157,75
Cha-F-400029,568,217,351,3363,217,351,0.010788010846318514,9.882533475388565e-05,3.144833742148698e-05,0.02854127933269685,352
Cha-F-400030,72,41,31,217,41,31,0.0003138414508541846,2.6611131938535726e-06,9.123522696092452e-06,0.003617908647806643,72
Cha-F-400032,19,16,3,84,16,3,0.00013138384442690064,6.055734210886605e-08,1.730819100578046e-05,0.0009547258931711974,18
Cha-F-400033,20,6,14,43,6,14,3.7159846745538704e-05,2.7993206038334717e-08,7.664292801298823e-06,0.001004974624390734,20
Cha-F-400034,292,230,62,1194,230,62,0.0004973320295797204,7.229113212520175e-07,6.515120475977074e-05,0.014672629516104718,148
Cha-F-400035,262,19,243,1407,19,243,8.024484139958855e-05,1.1808890905886931e-07,1.2460887532392151e-05,0.013165167579518617,110
Cha-F-400036,438,220,218,3119,220,218,0.010695630135920736,6.711183143558024e-05,3.449716763676513e-05,0.022008944274157078,352
Cha-F-400037,89,77,12,265,77,12,0.0003464739106414134,3.120105969024952e-07,2.246612785879235e-05,0.004472137078538767,83
Cha-F-400038,66,11,55,392,11,55,1.8481264747467118e-05,1.2149436635907168e-08,8.367043608842879e-06,0.0033164162604894225,66
Cha-F-400039,121,74,47,609,74,47,0.0008643481999703089,0.00015470472768884056,0.00022627309130083336,0.006080096477563942,80
Cha-F-400040,172,6,166,487,6,166,5.1589963058145096e-05,1.148774156682791e-06,8.046414223917162e-06,0.008642781769760313,136
Cha-F-400042,143,62,81,399,62,81,0.0010017450812137539,5.567097489439824e-06,1.0417809888089302e-05,0.0071855685643937494,141
Cha-F-400043,224,20,204,606,20,204,9.52216705279311e-05,1.583878302968466e-07,7.960861248517722e-06,0.011255715793176222,130
Cha-F-400044,156,49,107,391,49,107,0.00022552779432353137,3.79183992576315e-06,9.551931701340747e-06,0.007838802070247727,142
Cha-F-400045,606,303,303,6999,303,303,0.00612136363074303,0.00032796764513037856,0.00010555714853229239,0.030450731119039245,290
Cha-F-400046,346,101,245,1453,101,245,0.0011409477432472342,1.8143587818444527e-06,4.385124165484722e-05,0.0173860610019597,209
Cha-F-400047,98,63,35,314,63,35,0.0008780660171060325,3.221584458785367e-06,1.2151166893541826e-05,0.004924375659514597,97
Cha-F-400048,117,88,29,280,88,29,0.001046540222656393,4.705140204811238e-06,1.2590900401175817e-05,0.005879101552685795,115
Cha-F-400049,355,115,240,1170,115,240,0.0009835035860352272,6.083602950418107e-06,1.988027334817641e-05,0.01783829958293553,183
Cha-F-400050,625,331,294,3198,331,294,0.002241542069312976,8.359269200221367e-06,8.791735718324002e-05,0.03140545701221044,207
Cha-F-400051,215,123,92,782,123,92,0.00025968410124601574,1.7399342516183133e-07,6.159463851021175e-05,0.010803477212200392,138
Cha-F-400053,101,28,73,611,28,73,0.00011793896129364936,3.584887112111442e-08,2.296192591719242e-05,0.005075121853173208,81
Cha-F-400054,111,75,36,351,75,36,0.00043616736230763366,5.259048773971652e-07,2.0734263080155257e-05,0.005577609165368575,95
Cha-F-400055,29,28,1,86,28,1,0.0001309808840580608,5.249587877939965e-08,1.4528116511205203e-05,0.0014572132053665644,29
Cha-F-400056,613,438,175,3997,438,175,0.004378989828807625,7.102650715398915e-05,6.572611570019904e-05,0.030802472237576,239
Cha-F-400057,108,58,50,316,58,50,0.0002998124139158214,6.328712383639534e-07,9.327625158115312e-06,0.005426862971709964,104
Cha-F-400058,82,40,42,458,40,42,0.000540999024568834,1.038297590791699e-06,1.2519440043698718e-05,0.00412039596000201,71
Cha-F-400059,449,9,440,1847,9,440,0.00016749155175604488,1.4396511319666008e-07,8.014053299561079e-06,0.02256168031757198,186
Cha-F-400060,160,48,112,622,48,112,0.00020418335731629472,2.232574742406991e-07,2.055970004511839e-05,0.008039796995125872,134
Cha-F-400062,334,211,123,1515,211,123,0.0023964543652224297,7.94857342427061e-06,6.32439649491662e-05,0.01678307622732526,211
Cha-F-400063,97,82,15,263,82,15,0.0010832915966856149,6.170174047024424e-06,1.3203746144543431e-05,0.004874126928295061,97
Cha-F-400064,248,231,17,792,231,17,0.0025019194932003283,2.0977043048387164e-05,5.266267944761209e-05,0.012461685342445104,140
Cha-F-400065,95,67,28,292,67,28,0.0012596153215778808,1.2324927745504724e-05,1.1954807601907296e-05,0.004773629465855987,90
Cha-F-400066,363,176,187,1535,176,187,0.004826098234902017,0.00018908355289154978,2.4500152437208123e-05,0.018240289432691823,230
Cha-F-400067,39,21,18,129,21,18,3.678548196845074e-05,2.3576896511225802e-08,1.117271663407315e-05,0.0019597005175619317,38
Cha-F-400068,8,5,3,25,5,3,1.1945387315599457e-05,3.0558287556997635e-09,8.03603303989414e-06,0.00040198984975629365,8
Cha-F-400069,48,32,16,151,32,16,0.0001460006832396691,5.081819731966919e-08,1.6755082918618933e-05,0.002411939098537762,45
Cha-F-400070,66,53,13,209,53,13,0.00013024801327949663,7.740309455747314e-08,2.4894066613504964e-05,0.0033164162604894225,61
Cha-F-400071,59,39,20,240,39,20,0.00012303162718504571,2.0562729449332223e-07,1.316354348242662e-05,0.0029646751419526657,59
Cha-F-400072,10,1,9,43,1,9,8.641539248772734e-07,7.247280944176268e-11,7.786539474083467e-06,0.000502487312195367,10
Cha-F-400073,108,72,36,510,72,36,0.0002052468970494953,3.562357569470141e-07,2.8807267916268256e-05,0.005426862971709964,96
Cha-F-400075,84,46,38,413,46,38,0.00015051602138284824,1.7079381051992395e-07,1.658145018313075e-05,0.004220893422441084,81
Cha-F-400076,157,80,77,805,80,77,0.0009601396118314868,1.9502338300892778e-06,1.478226365063911e-05,0.007889050801467262,121
Cha-F-400077,99,60,39,349,60,39,0.0005807113827936659,1.713041985518434e-06,1.4583363112936958e-05,0.004974624390734134,91
Cha-F-400078,145,47,98,709,47,98,0.0002314022583051808,1.8656703300680514e-07,1.3143197082688984e-05,0.007286066026832822,102
Cha-F-400079,92,81,11,398,81,11,0.0003544319479024863,3.5149610221325594e-07,2.7135838358084726e-05,0.004622883272197377,80
Cha-F-400080,53,32,21,159,32,21,0.00012016702450742803,8.807307732734444e-08,1.4304588710112667e-05,0.0026631827546354453,51
Cha-F-400081,43,42,1,148,42,1,7.98826514133482e-05,8.433585200270693e-08,1.4325180222645532e-05,0.0021606954424400783,42
Cha-F-400082,57,40,17,151,40,17,0.00016562133450209577,1.397626528949201e-07,1.2137814435084283e-05,0.0028641776795135924,57
Cha-F-400084,38,33,5,110,33,5,0.00017580491678928931,3.92462508757568e-08,1.7257347543772892e-05,0.0019094517863423948,38
Cha-F-400085,218,17,201,599,17,201,9.913242172733956e-05,1.1878685836784274e-06,8.219181640010948e-06,0.010954223405859002,142
Cha-F-400086,44,41,3,133,41,3,0.00015311064136736,1.3405913083089233e-07,1.716195334922409e-05,0.002210944173659615,42
Cha-F-400087,86,36,50,369,36,50,0.00013329387982213186,1.9537138428165288e-07,1.6707774288985438e-05,0.004321390884880157,77
Cha-F-400088,206,72,134,698,72,134,0.00031301735670692313,1.7595336871418488e-07,3.890748531445541e-05,0.010351238631224561,148
Cha-F-400089,167,92,75,622,92,75,0.0009438975307573996,1.9120875381966967e-05,1.2772229073228169e-05,0.00839153811366263,148
Cha-F-400091,186,21,165,539,21,165,4.616059344489839e-05,4.111107767986484e-08,8.363751687388554e-06,0.009346264006833827,123
Cha-F-400092,80,24,56,277,24,56,0.00017360925102599675,1.064753580769438e-07,8.904471597391407e-06,0.004019898497562936,79
Cha-F-400093,349,56,293,1007,56,293,0.0004486519964402966,7.976857200359876e-06,9.90520100754087e-06,0.01753680719561831,165
Cha-F-400094,495,289,206,2938,289,206,0.004718256705703285,4.0890894630966595e-05,5.667915857738579e-05,0.024873121953670668,248
Cha-F-400095,1097,178,919,8132,178,919,0.008472892136236553,0.0002325980477672711,0.00011758472313826337,0.055122858147831764,352
Cha-F-400096,77,54,23,356,54,23,0.00036554655473512623,8.925698749980718e-07,1.7711805366308257e-05,0.0038691523039043265,73
Cha-F-400097,104,57,47,559,57,47,0.0005421679966036389,1.1785732546904367e-06,1.525070089132417e-05,0.005225868046831818,92
Cha-F-400098,400,197,203,2776,197,203,0.009196270057369546,4.932048926293564e-05,3.124054408490128e-05,0.02009949248781468,352
Cha-F-400099,189,27,162,417,27,162,0.000264034838728912,1.1766632322921699e-07,8.185540361636904e-06,0.009497010200492437,124
Cha-F-400100,300,208,92,1332,208,92,0.0006492621634701919,5.574889622933198e-07,0.00010948904827363596,0.015074619365861013,145
Cha-F-400101,244,123,121,1118,123,121,0.0002105783280006942,2.0391566080226998e-07,7.861621559922357e-05,0.012260690417566956,116
Cha-F-400102,369,57,312,2395,57,312,0.00025261727824025783,4.4239977734142514e-07,1.2184833137732283e-05,0.018541781820009044,186
Cha-F-400103,109,52,57,315,52,57,0.00031293928432950946,3.068376935838959e-06,9.928269543615633e-06,0.005477111702929501,109
Cha-F-400104,96,46,50,325,46,50,0.00043467762687017216,9.796225649550368e-06,2.2599101941796023e-05,0.004823878197075524,89
Cha-F-400105,1013,205,808,5661,205,808,0.010626623334011362,8.31889014299564e-05,7.139045768457971e-05,0.050901964725390686,352
Cha-F-400106,318,244,74,1884,244,74,0.0027723955058818967,2.2577720742596774e-05,3.470682840886562e-05,0.015979096527812674,226
Cha-F-400107,274,114,160,1600,114,160,0.0013037044065986136,5.080734972108061e-06,1.5067822301404072e-05,0.013768152354153058,217
Cha-F-400108,161,94,67,710,94,67,0.000590325764842553,3.696410040359765e-07,1.4037766994691759e-05,0.00809004572634541,140
Cha-F-400109,108,58,50,558,58,50,0.0006173485885554091,8.42668791983905e-07,1.143305354265318e-05,0.005426862971709964,101
Cha-F-400110,235,196,39,1342,196,39,0.0005386456772599759,8.559834936912193e-07,8.819495727608643e-05,0.011808451836591126,120
Cha-F-400111,179,8,171,490,8,171,4.533419419145842e-05,3.408726861588595e-06,7.804353014460918e-06,0.008994522888297071,139
Cha-F-400112,330,131,199,1540,131,199,0.0016065049650873214,3.712011618689565e-05,1.632263785822506e-05,0.016582081302447114,206
Cha-F-400113,107,89,18,706,89,18,0.0006497916435365258,4.715944525586416e-06,7.917088738797449e-05,0.005376614240490428,89
Cha-F-400114,245,61,184,924,61,184,0.0002109101009478965,1.6081111029454448e-07,3.190933122451396e-05,0.012310939148786493,150
Cha-F-400115,148,118,30,787,118,30,0.0004493569605483761,5.850336023477671e-07,5.4376095949803234e-05,0.0074368122204914325,122
Cha-F-400116,76,34,42,285,34,42,0.0003158023918514822,2.523484824090435e-06,9.779266556530076e-06,0.0038189035726847896,72
Cha-F-400117,644,257,387,3823,257,387,0.004550951716253515,0.0001267509114146153,5.276018678038931e-05,0.03236018290538164,296
Cha-F-400118,204,99,105,949,99,105,0.00038291303104132784,5.457786454983331e-07,1.7784930273952527e-05,0.010250741168785488,170
Cha-F-400119,87,56,31,711,56,31,0.00047848358997796755,1.8582972908375366e-06,1.826542784808131e-05,0.004371639616099694,84
Cha-F-400120,67,66,1,159,66,1,0.00031670120141103294,8.10097404671931e-08,1.8985847730742014e-05,0.0033666649917089594,65
Cha-F-400121,50,36,14,187,36,14,0.00017975587172413664,2.8543696509084375e-07,1.1819871105967012e-05,0.002512436560976835,48
Cha-F-400122,117,58,59,460,58,59,0.0005703424314358859,1.7240140493497782e-06,1.325405285777623e-05,0.005879101552685795,102
Cha-F-400124,132,31,101,304,31,101,0.0003223694937463501,4.6850414039466693e-07,8.729318480178121e-06,0.006632832520978845,125
Cha-F-400125,140,82,58,677,82,58,0.0002349342407142641,3.9700358243269746e-07,2.8083960815235843e-05,0.007034822370735139,88
Cha-F-400126,63,35,28,278,35,28,0.0002331443173126145,4.022046137567569e-07,1.7246840130839626e-05,0.0031656700668308124,61
Cha-F-400127,74,49,25,305,49,25,0.0002570911777093223,4.784336737948607e-07,1.6737870256945472e-05,0.0037184061102457163,73
Cha-F-400128,43,25,18,190,25,18,6.652095685796944e-05,2.9039615874791395e-08,3.061669592792127e-05,0.0021606954424400783,42
Cha-F-400129,461,270,191,2452,270,191,0.0111256538913395,2.18858387104537e-05,4.580931775493338e-05,0.02316466509220642,351
Cha-F-400130,120,37,83,617,37,83,3.0888684572438605e-05,4.545880882356886e-08,4.9103898969764976e-05,0.006029847746344405,84
Cha-F-400132,25,7,18,88,7,18,1.335332273633439e-05,9.268809416005643e-07,9.46885474335156e-06,0.0012562182804884176,24
Cha-F-400133,376,246,130,2552,246,130,0.0029666417612690247,5.346042177959646e-05,7.168274534816533e-05,0.018893522938545803,224
Cha-F-400134,31,25,6,71,25,6,9.260911800843509e-05,1.7468193454704208e-06,8.346470580338112e-06,0.001557710667805638,31
Cha-F-400136,107,19,88,570,19,88,0.0018499791898151192,7.419853659843994e-07,8.685797504809784e-06,0.005376614240490428,103
Cha-F-400137,549,453,96,2217,453,96,0.009647909813157895,6.795687017193502e-06,3.2478875202713134e-05,0.027586553439525652,352
Cha-F-400138,327,69,258,1815,69,258,0.0005286308193091263,8.182335880008076e-06,1.2886045503608353e-05,0.016431335108788504,205
Cha-F-400139,114,68,46,470,68,46,0.0009114168389608604,2.1274545031272593e-06,1.7071743841698502e-05,0.005728355359027185,102
Cha-F-400140,460,191,269,2403,191,269,0.0023311418890651246,9.608917998442601e-06,4.402387490944051e-05,0.023114416360986885,293
Cha-F-400141,177,174,3,578,174,3,0.0012247105759353905,1.6510247061720987e-06,4.646204361501362e-05,0.008894025425857996,127
Cha-F-400142,309,15,294,1722,15,294,4.6702215121661744e-05,5.419160662064182e-08,8.158339822307745e-06,0.015526857946836843,164
Cha-F-400143,61,19,42,148,19,42,0.00015650968203519044,6.511306957537325e-07,7.973678165767342e-06,0.003065172604391739,61
Cha-F-400144,222,219,3,721,219,3,0.005961359442824222,9.66412144751718e-06,2.2793997137587147e-05,0.01115521833073715,214
Cha-F-400145,516,147,369,3052,147,369,0.0025242644700617534,2.3556087475597816e-06,1.873485896636857e-05,0.02592834530928094,291
Cha-F-400146,68,24,44,388,24,44,0.00011285294138599198,3.0384476240059576e-06,2.0050345309280308e-05,0.003416913722928496,54
Cha-F-400147,726,194,532,3030,194,532,0.002005711043203452,1.2340737682875995e-05,6.0512054949889636e-05,0.036480578865383646,282
Cha-F-400148,531,182,349,2477,182,349,0.0024091791683259435,2.2929576232554457e-05,6.482207450266422e-05,0.02668207627757399,249
Cha-F-400149,865,790,75,5003,790,75,0.015652417168861916,1.359101275476248e-05,6.059087791737768e-05,0.043465152504899254,352
Cha-F-400150,477,264,213,2355,264,213,0.009805402111430312,1.6932596881356667e-05,3.225121193593776e-05,0.02396864479171901,352
Cha-F-400151,321,62,259,2441,62,259,0.0006234827977468112,2.796601676753799e-06,1.644982603427405e-05,0.016129842721471284,202
Cha-F-400152,260,30,230,1685,30,230,0.0004828678983153109,2.5419800510859476e-07,1.1242394499067475e-05,0.013064670117079544,212
Cha-F-400153,308,272,36,1192,272,36,0.00046441435963617817,3.258821520930878e-07,9.231291446469736e-05,0.015476609215617306,148
Cha-F-400154,204,41,163,884,41,163,0.00023411916357765644,2.4325844722913925e-07,2.5960028781641416e-05,0.010250741168785488,150
Cha-F-400155,95,52,43,524,52,43,0.00010356064374884203,3.878584110679283e-08,3.096701417196427e-05,0.004773629465855987,71
Cha-F-400156,159,137,22,456,137,22,0.0015129948427095592,6.10161003078825e-06,2.363951426706227e-05,0.007989548263906337,124
Cha-F-400157,345,215,130,2039,215,130,0.011968932834403945,3.092059551783649e-05,3.621628763386644e-05,0.017335812270740165,301
Cha-F-400158,90,30,60,219,30,60,5.9633701630597436e-05,4.546970164514835e-06,8.483349582847262e-06,0.004522385809758303,81
Cha-F-400159,88,40,48,490,40,48,0.0001984425737722243,1.7846654809997825e-05,6.618481188268482e-05,0.00442188834731923,57
Cha-F-400160,91,49,42,364,49,42,0.00021227614068304395,4.630481384152367e-07,1.526735552317055e-05,0.0045726345409778405,86
Cha-F-400161,32,23,9,72,23,9,0.00010535596267394419,3.711491361379612e-06,8.279020887460605e-06,0.0016079593990251746,32
Cha-F-400162,172,35,137,635,35,137,0.0001076878552750214,8.136556373786573e-08,1.6478983715192526e-05,0.008642781769760313,142
Cha-F-400163,106,31,75,516,31,75,0.00025621095885908256,3.0583330842744126e-06,1.0957683122858086e-05,0.005326365509270891,88
Cha-F-400164,94,63,31,597,63,31,0.00019375268665463747,4.126336235319838e-07,3.2441460522992065e-05,0.004723380734636451,84
Cha-F-400166,183,80,103,888,80,103,0.001131608620428704,1.8403783294752546e-06,1.4013533057055097e-05,0.009195517813175217,139
Cha-F-400167,196,147,49,732,147,49,0.0007712406644846409,1.766333991197449e-05,2.7285876077853444e-05,0.009848751319029195,142
Cha-F-400168,115,79,36,311,79,36,0.0010171626880046676,9.409023085844372e-07,1.0992569268388343e-05,0.005778604090246721,114
Cha-F-400169,447,111,336,1859,111,336,0.0008787991431021121,2.2667734607416535e-06,2.001511705178014e-05,0.02246118285513291,242
Cha-F-400170,378,221,157,1748,221,157,0.009081531979770192,8.720645848634292e-05,3.297420723556121e-05,0.018994020400984874,302
Cha-F-400172,503,460,43,4936,460,43,0.00496754557403782,0.00010137571636340752,0.00012001972375993992,0.025275111803426963,235
Cha-F-400173,94,74,20,428,74,20,0.00025569963032715806,1.4671289442607624e-07,2.9484139861232697e-05,0.004723380734636451,71
Cha-F-400174,558,490,68,2973,490,68,0.006268560509887879,5.736486011765125e-05,0.00011331870637640785,0.028038792020501482,278
Cha-F-400175,232,197,35,805,197,35,0.0004301736966757822,5.218318871545076e-07,4.77935359328048e-05,0.011657705642932515,150
Cha-F-400176,139,108,31,814,108,31,0.0003876866560990313,9.268360135159419e-07,4.914421281697072e-05,0.006984573639515602,95
Cha-F-400178,74,62,12,293,62,12,0.0010479057289871291,1.5083708364351098e-05,1.1551829732501929e-05,0.0037184061102457163,74
Cha-F-400179,403,25,378,3247,25,378,0.0008891702644976468,2.2564087874796213e-06,1.0302810156083503e-05,0.02025023868147329,205
Cha-F-400180,271,191,80,963,191,80,0.0005945529407610204,5.922177850357273e-07,3.5380159754581054e-05,0.013617406160494448,148
Cha-F-400181,248,179,69,859,179,69,0.006119128984235431,1.5989299478264245e-05,2.8306832736303805e-05,0.012461685342445104,191
Cha-F-400183,103,50,53,343,50,53,0.00018216929550496935,1.562377841419787e-07,1.562473655487481e-05,0.0051756193156122805,77
Cha-F-400184,194,104,90,1177,104,90,0.0013991861036726473,3.914297788303514e-06,2.497353580502923e-05,0.009748253856590122,181
Cha-F-400185,162,81,81,494,81,81,0.0011435951458717314,4.422441409068404e-06,1.197722877256601e-05,0.008140294457564947,144
Cha-F-400188,56,41,15,200,41,15,0.0010694956657214328,1.4845307416789042e-05,9.556200872496382e-06,0.0028139289482940555,56
Cha-F-400189,76,26,50,333,26,50,0.00026828990750270553,4.507859300877567e-06,1.1251344659616845e-05,0.0038189035726847896,68
Cha-F-400190,107,50,57,756,50,57,0.0004022991126358153,3.4910078153013343e-06,2.4334767850227884e-05,0.005376614240490428,101
Cha-F-400192,91,49,42,393,49,42,0.00045613770467227806,4.5471176146959036e-07,1.9070029631923748e-05,0.0045726345409778405,78
Cha-F-400193,77,45,32,314,45,32,0.00015446873204319567,1.7115386115262837e-07,1.3898275508736547e-05,0.0038691523039043265,71
Cha-F-400194,129,22,107,1065,22,107,0.00013219011554558104,1.343118739066637e-07,1.0730507317920357e-05,0.006482086327320235,109
Cha-F-400196,310,114,196,2108,114,196,0.0013147481028068404,1.7178727914566765e-06,1.9946132937373656e-05,0.015577106678056379,200
Cha-F-400197,389,115,274,3057,115,274,0.001164678628380687,5.9851525204853464e-05,8.423058057080498e-05,0.01954675644439978,226
Cha-F-400198,262,138,124,1232,138,124,0.0016311408022203191,1.014330670811399e-05,3.002571257998563e-05,0.013165167579518617,150
Cha-F-400199,436,218,218,2321,218,218,0.0027267050405600695,2.8834573564613237e-06,3.503793733857613e-05,0.021908446811718003,209
Cha-F-400200,422,288,134,2666,288,134,0.0031787709056025825,3.253547579241163e-05,4.196294674526899e-05,0.02120496457464449,234
Cha-F-400201,680,24,656,2706,24,656,0.00025857806252363083,6.063097806101196e-07,8.481701477490416e-06,0.03416913722928496,325
Cha-F-400202,322,260,62,1920,260,62,0.0015676862941049017,4.478789732223866e-05,4.265986103221599e-05,0.01618009145269082,183
Cha-F-400203,595,289,306,3377,289,306,0.0038419002886903057,4.670445036208287e-05,5.519228085019636e-05,0.02989799507562434,296
Cha-F-400204,126,70,56,1149,70,56,0.00017545687919562166,2.128240515707475e-06,4.580951763737466e-05,0.006331340133661625,94
Cha-F-400205,293,121,172,1108,121,172,0.00168715384104397,8.758766155072353e-06,1.7059779262870957e-05,0.014722878247324255,215
Cha-F-400206,100,36,64,351,36,64,0.00021956690239301736,3.982027356907388e-06,1.015956434283046e-05,0.00502487312195367,100
Cha-F-400207,213,110,103,1290,110,103,0.0006041430351345175,7.776433001479901e-06,2.2357116612747168e-05,0.010702979749761319,137
Cha-F-400208,299,39,260,1706,39,260,0.001227309915839957,2.110881457971256e-06,1.0980542581592169e-05,0.015024370634641475,231
Cha-F-400210,62,50,12,214,50,12,0.0002724781831060301,3.8308765755821546e-07,2.5938544138450753e-05,0.003115421335611276,58
Cha-F-400211,52,23,29,188,23,29,6.932235570596989e-05,5.154830346177383e-08,1.3022150190036252e-05,0.002612934023415909,52
Cha-F-400212,66,43,23,314,43,23,0.00010652825672993793,1.4183226727071373e-07,1.5622879813787434e-05,0.0033164162604894225,65
Cha-F-400213,780,480,300,5063,480,300,0.009293701557428192,8.025255290744397e-05,7.302791914335231e-05,0.03919401035123863,308
Cha-F-400214,107,70,37,671,70,37,0.0002497079361974885,8.387021777471661e-07,4.368482556481251e-05,0.005376614240490428,86
Cha-F-400215,197,145,52,1215,145,52,0.00173882018374624,1.4693873144977081e-05,2.917621229300177e-05,0.009899000050248732,175
Cha-F-400217,201,185,16,590,185,16,0.0018494019542388172,1.647124806713318e-05,3.039339245516545e-05,0.010099994975126878,143
Cha-F-400218,87,51,36,256,51,36,0.00041093237694760017,3.7824430844794147e-06,8.76514441996656e-06,0.004371639616099694,86
Cha-F-400219,91,39,52,485,39,52,0.00038563380819970776,6.59027133330196e-07,1.2248199278370085e-05,0.0045726345409778405,80
Cha-F-400220,311,147,164,1852,147,164,0.0018182654799136198,1.8302947863772215e-05,2.447288944990201e-05,0.015627355409275914,188
Cha-F-400221,77,22,55,268,22,55,0.0001385749617215862,1.2092711177841548e-07,1.06044718343409e-05,0.0038691523039043265,73
Cha-F-400224,204,136,68,1069,136,68,0.0015161900840351351,3.6865549485799673e-06,2.382522703540606e-05,0.010250741168785488,185
Cha-F-400225,35,23,12,102,23,12,0.00011177627844998313,4.024108592012244e-08,1.2407201227837126e-05,0.0017587055926837848,34
Cha-F-400226,47,36,11,142,36,11,0.00023771693640795683,4.254497831705254e-06,8.944954393030896e-06,0.0023616903673182254,47
Cha-F-400227,248,115,133,848,115,133,0.00017641749849670531,8.2764100198673e-08,3.0443013654120725e-05,0.012461685342445104,148
Cha-F-400228,159,73,86,784,73,86,0.0002200774627964585,1.321838338584456e-07,3.1881137935711927e-05,0.007989548263906337,98
Cha-F-400229,59,42,17,237,42,17,0.00020192002138962945,2.8355568835629743e-07,1.5120449015194432e-05,0.0029646751419526657,58
Cha-F-400230,20,8,12,71,8,12,9.294484911200367e-05,1.8072684624250283e-07,1.023485241652027e-05,0.001004974624390734,20
Cha-F-400231,157,88,69,716,88,69,0.00037962372867880555,3.423746880787038e-07,3.3348325105672804e-05,0.007889050801467262,98
Cha-F-400232,25,12,13,52,12,13,0.00022476055921782906,5.279382291733706e-06,7.903591754485503e-06,0.0012562182804884176,25
Cha-F-400233,458,241,217,3040,241,217,0.0034973941242169393,8.014660818836969e-06,5.4027515848874504e-05,0.02301391889854781,209
Cha-F-400234,55,47,8,198,47,8,0.00011747147535076449,1.1612652373228579e-07,2.027688103883895e-05,0.002763680217074519,52
Cha-F-400236,76,46,30,248,46,30,0.00024878940650468795,6.427470415537387e-06,9.8212116652516e-06,0.0038189035726847896,76
Cha-F-400238,143,113,30,668,113,30,0.0003187728525072745,2.2367934514271275e-07,5.976796218294098e-05,0.0071855685643937494,98
Cha-F-400240,621,191,430,3634,191,430,0.004005989084123643,3.975843159171638e-05,4.6435899755370366e-05,0.031204462087332296,225
Cha-F-400242,52,19,33,223,19,33,6.585494131327533e-05,6.231527355546507e-08,1.1364437730058428e-05,0.002612934023415909,51
Cha-F-400243,455,185,270,3241,185,270,0.00252102809176386,0.0007624305585749367,3.259034114664495e-05,0.0228631727048892,236
Cha-F-400244,79,58,21,308,58,21,0.0002972354680218303,2.852854469036365e-07,2.8064550095452816e-05,0.0039696497663434,74
Cha-F-400245,68,37,31,308,37,31,0.00016013722795203908,1.9525295332844165e-07,1.3590354740555517e-05,0.003416913722928496,67
Cha-F-400246,462,121,341,3599,121,341,0.0015763839868160265,4.3405534911489216e-05,2.4449061503787868e-05,0.02321491382342596,205
Cha-F-400247,513,234,279,2808,234,279,0.0067634182061992705,5.308474982015233e-05,5.360628357315083e-05,0.02577759911562233,255
Cha-F-400248,380,67,313,1845,67,313,0.0008932400346071948,3.5588036677952174e-06,1.6278178973655658e-05,0.01909451786342395,289
Cha-F-400249,110,63,47,585,63,47,0.00015850219839938417,1.553356543134578e-07,6.155988830872212e-05,0.005527360434149038,81
Cha-F-400250,178,71,107,901,71,107,0.0007401728467123135,6.075098847948474e-06,2.2282554396185407e-05,0.008944274157077534,125
Cha-F-400251,47,32,15,133,32,15,0.0001478330636012568,1.1064087232032882e-07,1.158053516665288e-05,0.0023616903673182254,47
Cha-F-400252,58,51,7,254,51,7,0.00025554922066835706,1.41493724464152e-07,2.7924598357587042e-05,0.002914426410733129,55
Cha-F-400253,11,2,9,38,2,9,2.505600716176762e-06,1.1644400723193603e-09,1.026738260059712e-05,0.0005527360434149038,11
Cha-F-400254,469,227,242,2996,227,242,0.0024531754686339616,8.087418272126701e-06,4.391873933506717e-05,0.023566654941962716,236
Cha-F-400255,239,86,153,1407,86,153,0.0007221777250146365,2.3732670600778615e-06,3.408590711212112e-05,0.012009446761469273,132
Cha-F-400256,598,214,384,4051,214,384,0.005599496594626629,1.2489417735311608e-05,2.2863420378546116e-05,0.03004874126928295,352
Cha-F-400258,85,45,40,471,45,40,0.00018041473908510643,3.572186105578734e-07,2.421378082567715e-05,0.00427114215366062,78
Cha-F-400259,81,33,48,350,33,48,0.00017180481683759695,3.426326212656247e-07,1.2967701032492008e-05,0.0040701472287824735,74
Cha-F-400260,725,708,17,4712,708,17,0.01814206356337818,3.555457293684557e-05,8.158567591218263e-05,0.036430330134164114,352
Cha-F-400261,128,6,122,1106,6,122,5.919239184605105e-05,6.845373951520864e-08,7.910703424557831e-06,0.0064318375961006985,102
Cha-F-400262,177,79,98,954,79,98,0.0004643331123287359,3.591241782159418e-06,1.4183161075022643e-05,0.008894025425857996,132
Cha-F-400264,551,216,335,3478,216,335,0.0008536117194433432,3.322738904243433e-06,4.2018618047025955e-05,0.027687050901964726,186
Cha-F-400265,672,530,142,4401,530,142,0.00957014120716301,2.9542827882641655e-05,0.00018958023622000288,0.03376714737952867,293
Cha-F-400266,97,31,66,747,31,66,0.00017736502481207697,3.840664788858519e-07,1.3076665280711971e-05,0.004874126928295061,82
Cha-F-400267,248,77,171,1101,77,171,0.00021745554256855673,1.683988030530451e-07,3.217134821091325e-05,0.012461685342445104,148
Cha-F-400268,84,66,18,296,66,18,0.0004462225304398351,2.709829445342518e-07,3.454036444422164e-05,0.004220893422441084,79
Cha-F-400269,347,130,217,1538,130,217,0.00034713264492421006,7.572027990170904e-07,1.8884236873838914e-05,0.017436309733179237,179
Cha-F-400270,231,143,88,2512,143,88,0.0004840845618978545,4.71569275935927e-06,5.638612731512231e-05,0.01160745691171298,126
Cha-F-400271,133,37,96,799,37,96,0.0003417493543221255,2.7994999940979994e-06,1.6224952199173214e-05,0.006683081252198382,104
Cha-F-400273,388,147,241,2491,147,241,0.0019162342633884332,1.1349801466201968e-05,0.00011130143129335217,0.019496507713180244,254
Cha-F-400274,330,157,173,1982,157,173,0.0011630879055928498,2.026153722561455e-05,2.905494822157315e-05,0.016582081302447114,190
Cha-F-400275,136,56,80,724,56,80,0.0007614903916536754,3.5040848765988233e-06,2.5796512404242238e-05,0.006833827445856992,103
Cha-F-400276,159,106,53,480,106,53,0.0024817692206375247,5.328300571391519e-06,1.7951074218399023e-05,0.007989548263906337,139
Cha-F-400278,880,597,283,5365,597,283,0.003990084660628809,1.530406173195279e-05,0.00021137785804983367,0.044218883473192305,235
Cha-F-400279,255,192,63,1206,192,63,0.0009621336340744027,2.4096245263832413e-06,5.708122074304601e-05,0.01281342646098186,129
Cha-F-400280,338,69,269,1747,69,269,0.0005674029060116077,6.622775345506102e-06,1.3040220350717504e-05,0.016984071152203406,211
Cha-F-400281,96,52,44,571,52,44,0.0005115829178355938,1.6257696854396245e-06,1.2988494916285619e-05,0.004823878197075524,87
Cha-F-400282,695,476,219,2904,476,219,0.005605156413670779,2.55197617719706e-05,8.087200909503593e-05,0.03492286819757801,276
Cha-F-400283,138,102,36,1096,102,36,0.0003521294581587689,2.902400079910054e-06,4.891354405794371e-05,0.0069343249082960655,88
Cha-F-400284,466,317,149,4612,317,149,0.0005737542349339774,1.405825786365162e-06,0.00032452508461259654,0.023415908748304105,109
Cha-F-400285,141,74,67,605,74,67,0.00025662267727307543,1.6938793317795942e-06,1.4190971189089905e-05,0.007085071101954676,114
Cha-F-400286,439,49,390,2905,49,390,0.00025718769685047953,3.8623428205259313e-07,1.025691818225664e-05,0.022059193005376614,186
Cha-F-400287,222,26,196,1189,26,196,0.0001801382517592208,3.0361127444031824e-07,1.117906456329981e-05,0.01115521833073715,185
Cha-F-400288,1231,1211,20,13109,1211,20,0.038525863427002364,0.00011259815528581822,0.0002227512405593469,0.061856188131249684,352
Cha-F-400289,55,16,39,312,16,39,0.00012902125373582448,2.2497432454509272e-07,9.060461984347231e-06,0.002763680217074519,53
Cha-F-400290,397,223,174,2599,223,174,0.010458624023531773,4.410244027583965e-05,3.145226387466272e-05,0.01994874629415607,346
Cha-F-400291,164,78,86,723,78,86,0.0009063714186900589,9.857558304744422e-07,2.987186582261623e-05,0.00824079192000402,121
Cha-F-400292,1647,1347,300,7516,1347,300,0.030106479198683627,5.6247218842706366e-05,9.453420430142543e-05,0.08275966031857696,352
Cha-F-400293,186,56,130,746,56,130,0.00048799976636660193,4.104550676702653e-06,1.2455941361759599e-05,0.009346264006833827,177
Cha-F-400294,225,20,205,639,20,205,9.645039793046911e-05,5.842773768194006e-07,8.022190446035682e-06,0.01130596452439576,142
Cha-F-400295,703,119,584,4447,119,584,0.0017642106281254004,5.8369407363914905e-06,1.4098918143129832e-05,0.035324858047334304,352
Cha-F-400296,232,170,62,1451,170,62,0.00554467426671743,1.666131703418493e-05,5.361653808499655e-05,0.011657705642932515,204
Cha-F-400297,137,125,12,654,125,12,0.003040922932438136,2.470135795372822e-05,1.9966661052789915e-05,0.006884076177076529,129
Cha-F-400298,229,180,49,1190,180,49,0.003525075835886827,4.071697780066453e-05,2.8302469332053755e-05,0.011506959449273905,164
Cha-F-400299,149,108,41,917,108,41,0.0004087936744420863,2.5083786250598406e-06,4.631280903931635e-05,0.007487060951710969,89
Cha-F-400300,52,19,33,290,19,33,0.00024780619062275265,1.8177240154552274e-06,1.3396682543630859e-05,0.002612934023415909,51
Cha-F-400301,241,119,122,1343,119,122,0.0011400330423571952,1.831029780160797e-06,2.4095121001527285e-05,0.012109944223908346,192
Cha-F-400304,129,58,71,1102,58,71,0.0005924513263075734,1.8664978383362895e-06,1.5387139576240743e-05,0.006482086327320235,106
Cha-F-400305,251,89,162,1327,89,162,0.0009814953233604914,2.7544103823493225e-05,2.4733936595514807e-05,0.012612431536103714,181
Cha-F-400306,95,33,62,386,33,62,9.634400633571097e-05,3.1742687024590873e-07,2.0998237773675536e-05,0.004773629465855987,81
Cha-F-400307,65,30,35,319,30,35,0.0001160804449445917,1.205973329996697e-07,1.3525759017132508e-05,0.003266167529269886,62
Cha-F-400308,81,39,42,415,39,42,0.00016325977650767006,3.324150952604438e-07,1.6523119356104272e-05,0.0040701472287824735,77
Cha-F-400309,1203,45,1158,7489,45,1158,0.00044235670325533394,2.340514947454658e-06,2.388635333424033e-05,0.06044922365710266,296
Cha-F-400310,389,254,135,1948,254,135,0.0030397264501574395,1.1991808911872385e-05,9.303016171556418e-05,0.01954675644439978,263
Cha-F-400312,48,35,13,148,35,13,0.00015150117418606364,6.221172302427646e-08,1.2941252494641637e-05,0.002411939098537762,46
Cha-F-400313,53,29,24,136,29,24,9.323169217062187e-05,6.154490828491982e-08,1.166800924733823e-05,0.0026631827546354453,53
Cha-F-400314,239,147,92,1347,147,92,0.000616122758491491,2.743713929935302e-06,1.8215670884257386e-05,0.012009446761469273,150
Cha-F-400316,901,575,326,23227,575,326,0.007860803692963917,0.04147371549479605,0.0002507166229466603,0.04527410682880257,348
Cha-F-400317,89,54,35,546,54,35,0.0004082574034507103,4.761624729330028e-07,2.4321020661775974e-05,0.004472137078538767,78
Cha-F-400318,347,14,333,1562,14,333,4.044597773790488e-05,3.654360343119345e-08,7.771399193973911e-06,0.017436309733179237,210
Cha-F-400319,87,32,55,286,32,55,5.844508093679317e-05,5.047241479439459e-08,2.0469728192419487e-05,0.004371639616099694,73
Cha-F-400320,76,21,55,391,21,55,3.9427347481654535e-05,3.884221978413493e-08,1.2275214236648143e-05,0.0038189035726847896,68
Cha-F-400321,71,30,41,268,30,41,0.0001179389980516786,5.2540990157017625e-08,1.367544041021435e-05,0.003567659916587106,58
Cha-F-400322,76,63,13,323,63,13,0.0005864228213650841,6.920544034573205e-07,4.4286590996123434e-05,0.0038189035726847896,74
Cha-F-400323,127,104,23,574,104,23,0.0005352133871546627,5.674535949319689e-07,3.4741413244394655e-05,0.006381588864881162,96
Cha-F-400324,414,107,307,2503,107,307,0.0011852053992496407,5.040317493222458e-06,1.3631639739662892e-05,0.020802974724888196,211
Cha-F-400325,77,54,23,401,54,23,0.000190513853049087,2.802935033401325e-07,2.1356268207113237e-05,0.0038691523039043265,74
Cha-F-400326,232,124,108,1537,124,108,0.0004482739799904894,5.468902275112846e-07,2.065859423246876e-05,0.011657705642932515,148
Cha-F-400327,226,66,160,1019,66,160,0.00021544746254055456,2.3289438386765908e-07,3.9363704009005615e-05,0.011356213255615295,148
Cha-F-400328,503,289,214,2809,289,214,0.004778680928351606,1.3585609909117615e-05,2.867594753874729e-05,0.025275111803426963,250
Cha-F-400329,336,255,81,2112,255,81,0.003478537518651395,2.210972216902357e-05,8.863697191894335e-05,0.016883573689764335,203
Cha-F-400330,83,61,22,427,61,22,0.00012386596141012406,6.537769206132087e-08,4.121328931615332e-05,0.004170644691221546,63
Cha-F-500001,488,225,263,2244,225,263,0.0024949769459818023,3.182334467350682e-05,2.901927451520504e-05,0.024521380835133912,205
Cha-F-500003,357,171,186,1847,171,186,0.0012607953485484413,4.762914221875424e-05,2.7021367096878514e-05,0.017938797045374603,231
Cha-F-500004,36,15,21,85,15,21,4.1804731347474194e-05,2.2621626466013628e-08,8.812026049236905e-06,0.0018089543239033215,35
Cha-F-500005,32,17,15,88,17,15,5.155299679220555e-05,1.3454370356621375e-08,9.15047688253879e-06,0.0016079593990251746,32
Cha-F-500006,269,226,43,1532,226,43,0.0009795556843210848,6.506305022500676e-06,2.5527706414227113e-05,0.013516908698055373,204
Cha-F-500007,136,39,97,502,39,97,0.00039725577090292256,2.298900214028146e-06,1.210916627758344e-05,0.006833827445856992,99
Cha-F-500008,37,20,17,139,20,17,0.00010463329868798553,1.763981457994523e-07,1.3170412853159941e-05,0.0018592030551228581,37
Cha-F-500009,105,90,15,572,90,15,0.0021785791602690176,1.9261583822617733e-05,1.4451757505093883e-05,0.005276116778051354,102
Cha-F-500010,573,88,485,2873,88,485,0.0002723564803420091,2.6951201309806607e-07,2.389787438021798e-05,0.028792522988794533,148
Cha-F-500012,226,207,19,651,207,19,0.004171873758260521,3.882478316466324e-05,3.4354899579148826e-05,0.011356213255615295,143
Cha-F-500013,240,205,35,1038,205,35,0.0004599750150932119,2.5754016046036295e-07,0.00012310865704683713,0.01205969549268881,121
Cha-F-500014,192,177,15,697,177,15,0.0028569595562499966,5.3793139431419635e-05,1.994135090091058e-05,0.009647756394151047,146
Cha-F-500015,487,79,408,2346,79,408,0.00046568061113938687,5.896389090555241e-06,1.696268241691453e-05,0.024471132103914377,213
Cha-F-500016,203,198,5,680,198,5,0.001742946519362396,4.991206166137445e-06,4.2452109545303444e-05,0.01020049243756595,131
Cha-F-500017,241,19,222,637,19,222,6.117086476970609e-05,1.214254729740087e-06,1.1193106255812455e-05,0.012109944223908346,144
Cha-F-500019,259,204,55,838,204,55,0.00042044442652617865,2.671906122934533e-07,4.6517055660706244e-05,0.013014421385860007,148
Cha-F-500020,358,177,181,1546,177,181,0.0030341410184337603,5.5186473757785745e-05,2.282951076436557e-05,0.017989045776594142,205
Cha-F-500021,39,27,12,103,27,12,0.00011313663472066243,2.9397350976299705e-08,1.15035385960552e-05,0.0019597005175619317,39
Cha-F-500022,442,226,216,3245,226,216,0.012514344244472788,4.8618841134452916e-05,4.563640848460483e-05,0.022209939199035224,352
Cha-F-500023,138,89,49,421,89,49,0.0017174203357024288,9.050869931112397e-06,1.2177585610002302e-05,0.0069343249082960655,136
Cha-F-500024,37,19,18,143,19,18,4.05131060293044e-05,1.0230389986291534e-08,1.0189941083875972e-05,0.0018592030551228581,35
Cha-F-500025,49,29,20,182,29,20,9.341493918182469e-05,1.0663706676200538e-07,1.4687285610182321e-05,0.0024621878297572987,49
Cha-F-500026,180,117,63,622,117,63,0.0013357759399051509,6.389768854166448e-05,1.560590402809241e-05,0.009044771619516606,159
Cha-F-500028,434,220,214,3384,220,214,0.010768319872064872,5.867739824113627e-05,3.565578308475051e-05,0.021807949349278932,352
Cha-F-500029,510,30,480,2700,30,480,0.001102466597693794,1.034028408457334e-06,1.025941044019547e-05,0.02562685292196372,337
Cha-F-500030,108,54,54,264,54,54,0.000325003613256938,1.2698054582057695e-06,9.145721292496591e-06,0.005426862971709964,104
Cha-F-500031,80,76,4,317,76,4,0.0002846139951853237,3.018303014745608e-07,2.2979167576638277e-05,0.004019898497562936,76
Cha-F-500032,73,30,43,288,30,43,0.00018440988186219694,1.2458556245441028e-07,1.2514090619840434e-05,0.0036681573790261794,67
Cha-F-500033,183,178,5,715,178,5,0.0013593319738860322,3.0166071582518205e-05,2.7399887871906994e-05,0.009195517813175217,142
Cha-F-500034,204,184,20,601,184,20,0.0019419117523123241,7.436048057201703e-06,2.6704461931177466e-05,0.010250741168785488,140
Cha-F-500037,62,32,30,265,32,30,0.00012295830990264648,1.5218706688761116e-07,1.3283501153243112e-05,0.003115421335611276,55
Cha-F-500038,125,81,44,503,81,44,0.00036943542123397055,4.461227599765683e-06,1.3827891286291267e-05,0.006281091402442088,111
Cha-F-500039,100,41,59,261,41,59,9.089853831636662e-05,1.7289787620756052e-07,8.539079457602694e-06,0.00502487312195367,98
Cha-F-500040,12,9,3,35,9,3,8.973944789458797e-06,2.0168197328081912e-08,9.063672546786913e-06,0.0006029847746344405,12
Cha-F-500042,24,8,16,65,8,16,4.8857954832971455e-05,1.9457830730971262e-08,8.796838146543855e-06,0.001205969549268881,24
Cha-F-500043,644,156,488,3590,156,488,0.008337949932797645,9.233218722913977e-05,2.2680862697038802e-05,0.03236018290538164,352
Cha-F-500044,447,116,331,2234,116,331,0.00042906903303894123,7.871525096475124e-07,4.8462685076216545e-05,0.02246118285513291,150
Cha-F-500046,164,90,74,641,90,74,0.0026734525106142655,7.152692007443073e-06,1.9291637206275424e-05,0.00824079192000402,140
Cha-F-500047,156,73,83,421,73,83,0.0007544278447577075,1.4568661736973163e-06,1.000233799943464e-05,0.007838802070247727,131
Cha-F-500048,35,27,8,96,27,8,0.00016779500800282818,6.894736520022488e-08,1.2101096521821075e-05,0.0017587055926837848,35
Cha-F-500049,282,186,96,1342,186,96,0.0025541892862223927,8.458845614484654e-06,0.00010603454350296225,0.014170142203909351,213
Cha-F-500050,263,97,166,1072,97,166,0.0013796820692943506,1.0394643086644036e-06,1.5439354622645497e-05,0.013215416310738155,224
Cha-F-500051,193,49,144,1038,49,144,0.0010338770815031058,1.474649304337377e-06,1.4183886667641069e-05,0.009698005125370585,187
Cha-F-500052,77,33,44,477,33,44,5.1789540648958784e-05,5.502024745430237e-08,2.3261891490746977e-05,0.0038691523039043265,69
Cha-F-500053,101,69,32,622,69,32,0.0002689053299268778,4.308806723531223e-07,3.669405617856481e-05,0.005075121853173208,88
Cha-F-500056,409,320,89,2175,320,89,0.0026477658902956656,5.9508858082142925e-05,6.942920345671059e-05,0.02055173106879051,211
Cha-F-500057,84,68,16,211,68,16,0.0009600724649601998,5.6813449216123675e-06,1.0121630381892512e-05,0.004220893422441084,83
Cha-F-500058,58,35,23,182,35,23,0.00019730089780135268,5.072878087101521e-08,1.962919538722664e-05,0.002914426410733129,56
Cha-F-500060,513,132,381,1916,132,381,0.0007446894548430658,2.756924728186746e-06,2.7793737718982934e-05,0.02577759911562233,183
Cha-F-500061,1600,965,635,6938,965,635,0.026078439896781026,2.7204766754082673e-05,6.760266797385973e-05,0.08039796995125872,352
Cha-F-500063,280,235,45,1226,235,45,0.00041849926877896417,3.7605670776339174e-07,0.00010337884176319986,0.014069644741470278,148
Cha-F-500064,309,115,194,1385,115,194,0.0016519611810708876,2.2662278260836645e-05,3.997216364460282e-05,0.015526857946836843,198
Cha-F-500065,36,24,12,108,24,12,0.00011402969310547856,6.313945051995146e-08,1.2259437110629434e-05,0.0018089543239033215,34
Cha-F-500066,148,56,92,713,56,92,0.0007330404498971596,2.8489727394061884e-06,2.100714884289044e-05,0.0074368122204914325,108
Cha-F-500068,183,63,120,667,63,120,0.00020834632291970632,1.6081009872539704e-07,3.3956809544070124e-05,0.009195517813175217,136
Cha-F-500069,86,55,31,266,55,31,0.00018330385357576297,6.135416924224009e-07,9.250747671516245e-06,0.004321390884880157,86
Cha-F-500070,276,204,72,2333,204,72,0.0005789771839454027,3.192560583563042e-06,5.091278285507298e-05,0.013868649816592131,181
Cha-F-500071,449,61,388,1899,61,388,0.0005076528227226119,7.092113532645242e-07,1.1399294621178974e-05,0.02256168031757198,191
Cha-F-500072,110,59,51,494,59,51,0.0004908980595696126,4.815434149717467e-07,2.3126886110817533e-05,0.005527360434149038,94
Cha-F-500073,72,37,35,324,37,35,0.00021210891851928992,4.014085379283607e-07,2.0453203819717064e-05,0.003617908647806643,67
Cha-F-500074,110,63,47,325,63,47,0.0009080959987395197,2.3933022433891212e-06,1.1561764600788855e-05,0.005527360434149038,109
Cha-F-500075,229,18,211,611,18,211,4.984605277719776e-05,5.845303153171304e-07,7.957177554017037e-06,0.011506959449273905,142
Cha-F-500076,100,76,24,544,76,24,0.0002958500004080439,4.916259548893264e-07,2.657508400089667e-05,0.00502487312195367,92
Cha-F-500077,157,142,15,450,142,15,0.0037985231936501856,7.08036664310426e-06,1.6163170603545953e-05,0.007889050801467262,135
Cha-F-500078,269,211,58,1230,211,58,0.0013533978663520165,1.2657003331057434e-05,2.7322383118422807e-05,0.013516908698055373,194
Cha-F-500079,19,5,14,76,5,14,4.815967779034426e-06,5.815062323425859e-09,1.0091163321330437e-05,0.0009547258931711974,18
Cha-F-500080,186,128,58,893,128,58,0.002080466955886334,4.318284860998594e-05,3.570902656203878e-05,0.009346264006833827,148
Cha-F-500081,581,496,85,4345,496,85,0.0015997012319288718,2.1260999163934373e-05,0.00046525743447107685,0.02919451283855083,150
Cha-F-500082,254,27,227,707,27,227,0.00021120709456679421,4.019107072739753e-07,8.681499708783755e-06,0.012763177729762324,135
Cha-F-500083,28,25,3,72,25,3,9.864750805006879e-05,2.8726821472103953e-08,9.886459442620626e-06,0.0014069644741470278,28
Cha-F-500084,103,7,96,457,7,96,2.6040010015042853e-05,7.935567440575456e-09,1.0975261457823075e-05,0.0051756193156122805,101
Cha-F-500085,530,182,348,2716,182,348,0.00222513171966751,1.1480616370661977e-05,4.4479868179803485e-05,0.026631827546354455,271
Cha-F-500086,187,67,120,798,67,120,0.00038089745466123124,2.9449156120588643e-07,1.2611761000943493e-05,0.009396512738053364,171
Cha-F-500087,1432,428,1004,8158,428,1004,0.005886083275429836,0.008177459621711326,6.219377383508373e-05,0.07195618310637657,348
Cha-F-500088,55,17,38,213,17,38,0.00016161867745968385,9.972868665704557e-07,8.384686772679544e-06,0.002763680217074519,54
Cha-F-500089,76,30,46,493,30,46,0.0003227472377798269,7.148871008038966e-07,1.1504819571074911e-05,0.0038189035726847896,73
Cha-F-500090,69,23,46,264,23,46,9.315780972728201e-05,2.823691382065063e-07,1.4793367568000553e-05,0.0034671624541480327,63
Cha-F-500092,113,68,45,524,68,45,0.0005001875564182945,2.5839889416304506e-06,1.8745318855773135e-05,0.0056781066278076475,99
Cha-F-500093,123,52,71,478,52,71,0.0004914974713627907,1.0052930794431714e-05,1.0381966981320951e-05,0.0061805939400030145,96
Cha-F-500094,1134,462,672,7464,462,672,0.010391561536165089,0.000126458012798113,8.772260541198599e-05,0.056982061202954626,296
Cha-F-500095,220,76,144,602,76,144,0.0013108863430065392,1.3447525249224487e-05,1.2122390622885834e-05,0.011054720868298076,183
Cha-F-500096,105,81,24,318,81,24,0.0009741060852797867,5.526058524210637e-06,1.1738944202605554e-05,0.005276116778051354,105
Cha-F-500097,336,154,182,1891,154,182,0.002373138529074816,2.12325597539417e-05,2.1472181394816645e-05,0.016883573689764335,211
Cha-F-500098,57,23,34,203,23,34,0.00020799843489261702,2.367764813387871e-06,8.984662367277052e-06,0.0028641776795135924,52
Cha-F-500099,204,85,119,586,85,119,0.00017354189272487095,7.005632517551452e-08,2.094325540261166e-05,0.010250741168785488,148
Cha-F-500100,49,17,32,142,17,32,6.217398995402e-05,1.665470405945846e-08,1.0482710473011427e-05,0.0024621878297572987,48
Cha-F-500101,43,2,41,136,2,41,4.118833707447318e-06,9.715452040360268e-09,9.60620265208724e-06,0.0021606954424400783,43
Cha-F-500102,139,49,90,364,49,90,0.00015800438056473785,9.143601977684992e-06,8.835873988949109e-06,0.006984573639515602,135
Cha-F-500103,138,47,91,378,47,91,0.0003722774270886919,2.97254660915192e-06,9.859757919322809e-06,0.0069343249082960655,133
Cha-F-500104,308,83,225,1263,83,225,0.001326280798321175,4.192862184497909e-06,1.83200794249906e-05,0.015476609215617306,219
Cha-F-500105,403,85,318,2236,85,318,0.001001505638853658,2.4351336465209563e-05,1.4136284180846954e-05,0.02025023868147329,211
Cha-F-500106,382,240,142,2429,240,142,0.010847705491437808,0.00013771254717647396,3.9772015901157444e-05,0.019195015325863023,347
Cha-F-500108,481,178,303,3853,178,303,0.0025771407159921136,3.504617459528132e-05,2.634074004295562e-05,0.024169639716597156,352
Cha-F-500109,725,155,570,5217,155,570,0.0026445215358290217,2.0535621263182764e-05,2.068459487475437e-05,0.036430330134164114,352
Cha-F-500110,139,76,63,602,76,63,0.0005430317846729991,1.084919903573435e-05,1.781692786782881e-05,0.006984573639515602,116
Cha-F-500111,111,27,84,767,27,84,0.00012452338119164582,2.6095683076615254e-06,1.9600806430802905e-05,0.005577609165368575,80
Cha-F-500113,520,340,180,1910,340,180,0.000804689699006924,1.1885584518458781e-06,6.4225779218055e-05,0.02612934023415909,179
Cha-F-500114,110,42,68,663,42,68,0.0001876421484922011,5.356647408961673e-07,1.3834378609690257e-05,0.005527360434149038,87
Cha-F-500115,116,69,47,279,69,47,0.0017423545779677741,1.486577897412557e-05,1.1429197046392913e-05,0.005828852821466258,114
Cha-F-500116,402,142,260,1778,142,260,0.000984185958259855,1.0446151824435083e-05,2.0900241073181833e-05,0.020199989950253756,205
Cha-F-500117,61,34,27,255,34,27,0.00037245373635644513,2.616014989846554e-06,1.0231556269981017e-05,0.003065172604391739,59
Cha-F-500118,37,26,11,106,26,11,8.211849259944275e-05,2.0295440211299876e-07,9.6752900411478e-06,0.0018592030551228581,37
Cha-F-500119,78,58,20,196,58,20,0.0005248074325136038,5.648504406735368e-06,2.574105434707326e-05,0.003919401035123863,71
Cha-F-500120,238,215,23,922,215,23,0.0003325162301744739,9.560506436210518e-08,6.815546625905483e-05,0.011959198030249736,150
Cha-F-500121,44,31,13,181,31,13,0.00034167074419533174,3.957886310615737e-06,1.0894670923631294e-05,0.002210944173659615,43
Cha-F-500122,97,80,17,239,80,17,0.001979691283647298,1.8889088171103433e-06,1.2427785007747845e-05,0.004874126928295061,97
Cha-F-500124,12,10,2,20,10,2,0.00015042497468228494,1.1358341120450408e-07,7.849747367329408e-06,0.0006029847746344405,12
Cha-F-500125,488,278,210,1742,278,210,0.0007238494584095823,1.0860599955739858e-06,4.427675838603619e-05,0.024521380835133912,186
Cha-F-500126,144,97,47,844,97,47,0.000626674946155552,8.748930899734992e-07,7.843504696672463e-05,0.007235817295613286,108
Cha-F-500127,155,73,82,869,73,82,0.00020651148326067574,1.417576772382046e-06,4.390648126371667e-05,0.007788553339028189,90
Cha-F-500128,707,179,528,2716,179,528,0.0021610831066971926,1.3176016136493667e-05,5.614558102215447e-05,0.03552585297221245,277
Cha-F-500129,1241,665,576,8029,665,576,0.0050941169299668155,4.892533757005407e-05,0.00015630090784592027,0.062358675443445054,255
Cha-F-500130,105,63,42,448,63,42,0.0005224844784094942,6.265071268582056e-07,2.3774251103324e-05,0.005276116778051354,90
Cha-F-500131,96,72,24,384,72,24,0.00010948063267137929,7.202405962055378e-08,4.1710252816401906e-05,0.004823878197075524,66
Cha-F-500132,176,113,63,1123,113,63,0.00039690428940195857,4.6700260844402777e-07,5.167260276065531e-05,0.00884377669463846,127
Cha-F-500133,62,44,18,141,44,18,0.000287104197058284,5.755463851224563e-06,9.09027456996667e-06,0.003115421335611276,61
Cha-F-500134,101,35,66,322,35,66,0.0004201411881576452,5.95077094232228e-06,9.403560205778292e-06,0.005075121853173208,101
Cha-F-500135,324,50,274,1319,50,274,0.000266428669785657,3.7048245011267276e-07,1.0265008827169445e-05,0.016280588915129894,203
Cha-F-500136,653,339,314,2968,339,314,0.004045078751767081,3.0736437214599254e-05,3.752797541367442e-05,0.03281242148635747,241
Cha-F-500137,403,111,292,1580,111,292,0.0018978371270943163,5.188456954895802e-06,1.5919654994115435e-05,0.02025023868147329,209
Cha-F-500138,336,149,187,2011,149,187,0.005115655779222204,2.0862473796250064e-05,3.6567192024832224e-05,0.016883573689764335,211
Cha-F-500139,688,674,14,5074,674,14,0.024597996970625948,0.00010693850029246339,0.00011193235129435768,0.03457112707904125,352
Cha-F-500140,525,235,290,3172,235,290,0.0037756551533343597,1.3677816516814885e-05,2.3036394218991246e-05,0.02638058389025677,352
Cha-F-500141,1167,611,556,9806,611,556,0.012955765113968072,1.4777370891744887e-05,5.7143528162129725e-05,0.05864026933319934,352
Cha-F-500142,825,590,235,4363,590,235,0.008421583534066471,5.984255815940583e-05,0.0002225202909543484,0.04145520325611778,331
Cha-F-500143,576,429,147,3449,429,147,0.006202449096021615,0.005630630270934738,7.212706275808792e-05,0.028943269182453144,329
Cha-F-500144,1184,618,566,8200,618,566,0.018442755223008294,0.00034448496938710313,0.00014809862731973155,0.05949449776393146,352
Cha-F-500145,145,72,73,832,72,73,0.0007726978530963686,1.5224631913749428e-06,1.569290749572567e-05,0.007286066026832822,110
Cha-F-500146,174,23,151,496,23,151,0.00012068728408173573,8.788331182971416e-08,7.961351927634738e-06,0.008743279232199388,122
Cha-F-500147,500,308,192,4051,308,192,0.004273201390242421,0.004537129192976072,3.3171236943441075e-05,0.025124365609768353,348
Cha-F-500148,90,35,55,348,35,55,7.249767437419225e-05,9.906102492686184e-08,1.402097308240753e-05,0.004522385809758303,86
Cha-F-500150,458,167,291,2891,167,291,0.008536439599407161,8.575136425964367e-05,2.50277455126819e-05,0.02301391889854781,352
Cha-F-500151,389,91,298,2401,91,298,0.007243058623535902,3.7103652810720574e-05,1.6221089366891247e-05,0.01954675644439978,349
Cha-F-500152,173,74,99,822,74,99,0.001073649596289332,3.331811893524495e-06,1.839321825481472e-05,0.00869303050097985,137
Cha-F-500153,120,37,83,700,37,83,0.00037637009507658593,6.66108683535213e-07,1.075458231721585e-05,0.006029847746344405,98
Cha-F-500154,120,39,81,584,39,81,0.0003518618984964462,7.070192955088576e-07,1.298466544739057e-05,0.006029847746344405,96
Cha-F-500155,38,25,13,130,25,13,8.169231367714728e-05,3.22330123576706e-08,1.7005725505861944e-05,0.0019094517863423948,37
Cha-F-500156,205,96,109,1580,96,109,0.0006587633705062702,1.3466590102600168e-06,0.00014816270728804415,0.010300989900005025,145
Cha-F-500157,285,130,155,1985,130,155,0.0003493837646689946,6.986351885051031e-07,7.825627501467954e-05,0.014320888397567962,121
Cha-F-500158,207,26,181,631,26,181,8.580160235833556e-05,2.6773096059002818e-08,8.492065474244562e-06,0.010401487362444098,128
Cha-F-500159,111,75,36,534,75,36,0.0003014877397497989,3.091021328369021e-07,2.9652879933153197e-05,0.005577609165368575,77
Cha-F-500160,198,137,61,785,137,61,0.0004301355674040381,7.259547013224525e-07,6.0508245246257185e-05,0.009949248781468268,147
Cha-F-500161,303,96,207,2114,96,207,0.0014615856689915475,1.2262043321604209e-05,2.3085459174229946e-05,0.015225365559519623,146
Cha-F-500162,247,201,46,666,201,46,0.0026981887736210377,4.290788172880692e-06,3.590941484103505e-05,0.012411436611225566,156
Cha-F-500163,731,265,466,4926,265,466,0.0013539340744602633,7.092072307840265e-06,4.280672171774333e-05,0.036731822521481335,186
Cha-F-500164,339,240,99,2474,240,99,0.0027379572139132314,2.148370985297352e-05,6.299448387912197e-05,0.017034319883422945,221
Cha-F-500165,260,226,34,937,226,34,0.002993116998251398,9.899902780576653e-06,4.4349867920737435e-05,0.013064670117079544,151
Cha-F-500166,373,195,178,2170,195,178,0.0023626981385252285,5.329995067902756e-06,5.003257181065017e-05,0.018742776744887193,275
Cha-F-500167,91,42,49,520,42,49,0.0004271483706416864,7.209790059238175e-07,1.2216584491944874e-05,0.0045726345409778405,85
Cha-F-500168,385,128,257,2822,128,257,0.0020012702057477763,2.567954437410069e-05,2.9201904425952886e-05,0.019345761519521634,223
Cha-F-500169,153,105,48,604,105,48,0.0010952246033565595,1.0038916440058162e-06,1.8836863644780956e-05,0.0076880558765891165,140
Cha-F-500170,26,6,20,108,6,20,2.5283347590120574e-05,3.835791124962052e-08,7.667142435117559e-06,0.0013064670117079544,26
Cha-F-500171,221,193,28,2114,193,28,0.00032131398428972757,1.8236437820594388e-06,0.00014154952321014723,0.011104969599517612,121
Cha-F-500172,479,157,322,2989,157,322,0.0033666180841668957,1.3033841923230535e-05,2.3141365929944072e-05,0.02406914225415808,352
Cha-F-500173,64,31,33,227,31,33,8.572967275458417e-05,1.6030152704506303e-07,1.1731428243839312e-05,0.0032159187980503492,58
Cha-F-500174,38,5,33,138,5,33,1.2324206262689961e-05,2.4445649519807225e-09,8.395323006547182e-06,0.0019094517863423948,38
Cha-F-500175,59,33,26,366,33,26,0.0003088463744976114,7.441951562360337e-07,1.1689921736409786e-05,0.0029646751419526657,55
Cha-F-500176,62,33,29,298,33,29,0.00015178237527568812,2.9073178539170205e-07,2.017083409744783e-05,0.003115421335611276,60
Cha-F-500179,99,70,29,671,70,29,0.0002423714247666902,5.613113620397219e-07,3.182741591001219e-05,0.004974624390734134,83
Cha-F-500180,437,118,319,7122,118,319,0.002286179060287346,1.581676309342544e-05,2.70489189324344e-05,0.021958695542937542,301
Cha-F-500181,69,41,28,347,41,28,0.00019481551542699398,2.1830817214763402e-07,1.8821037483733682e-05,0.0034671624541480327,67
Cha-F-500182,56,32,24,190,32,24,8.106183260071643e-05,7.304861062677192e-08,1.5112581783155861e-05,0.0028139289482940555,54
Cha-F-500183,1155,1067,88,8599,1067,88,0.021289638914634604,2.9206278308532593e-05,0.0001032816964386542,0.0580372845585649,352
Cha-F-500184,227,131,96,1382,131,96,0.007335411596843058,0.00017087077566198014,3.627203393645034e-05,0.011406461986834832,196
Cha-F-500185,102,58,44,539,58,44,0.00023568700365756706,7.594589397888764e-07,3.560981506774577e-05,0.005125370584392744,84
Cha-F-500186,464,253,211,3489,253,211,0.01129691531151288,7.816357090090194e-05,3.924141388471886e-05,0.02331541128586503,352
Cha-F-500187,462,174,288,3610,174,288,0.0032162041268630455,3.1770378487948233e-05,2.4931650760921125e-05,0.02321491382342596,211
Cha-F-500188,580,203,377,5671,203,377,0.0076580178793854425,4.83153365752876e-05,4.0172420419969726e-05,0.02914426410733129,352
Cha-F-500189,508,293,215,3057,293,215,0.0045977593530756805,2.6916443402079787e-05,8.328945889258933e-05,0.025526355459524648,270
Cha-F-500190,123,50,73,658,50,73,0.0005970043794317385,3.4599261889230493e-06,2.0872800147127862e-05,0.0061805939400030145,94
Cha-F-500192,113,84,29,450,84,29,0.00129900905493803,3.3686668280854864e-06,1.2668184463080457e-05,0.0056781066278076475,113
Cha-F-500193,52,22,30,149,22,30,8.260179402654618e-05,3.877486255975239e-08,1.278470560384328e-05,0.002612934023415909,52
Cha-F-500194,129,85,44,749,85,44,0.00066425651914913,1.4878942958317907e-06,2.0766528025011052e-05,0.006482086327320235,93
Cha-F-500195,104,41,63,304,41,63,0.00036348525579080215,1.3958953864992207e-07,8.838788139063667e-06,0.005225868046831818,103
Cha-F-500196,77,50,27,349,50,27,0.00010434223686861555,1.398534930018081e-07,1.6898127345913315e-05,0.0038691523039043265,69
Cha-F-500197,157,36,121,757,36,121,0.00011869181804761674,5.967438983190059e-08,1.1944745787692988e-05,0.007889050801467262,103
Cha-F-500198,157,76,81,915,76,81,0.0006190911226230716,3.6245160550884964e-06,1.8540492095854834e-05,0.007889050801467262,129
Cha-F-500199,109,47,62,724,47,62,0.0001295934313191442,5.77904823349125e-07,3.187244734853655e-05,0.005477111702929501,85
Cha-F-500200,84,46,38,371,46,38,7.234086986611854e-05,5.424520453552312e-08,3.073821049917978e-05,0.004220893422441084,76
Cha-F-500202,100,48,52,589,48,52,0.0009547592111747845,1.0778658568287568e-06,1.2582914491767859e-05,0.00502487312195367,92
Cha-F-500203,72,64,8,205,64,8,0.00019444488689892062,1.8252492471703149e-07,2.0564297716428396e-05,0.003617908647806643,70
Cha-F-500204,129,118,11,685,118,11,0.0005240723451543519,8.580428248003195e-07,3.4555407096920183e-05,0.006482086327320235,102
Cha-F-500205,75,38,37,377,38,37,0.00010723662107078433,1.1576702474853505e-07,1.6331101253247885e-05,0.003768654841465253,66
Cha-F-500206,5,1,4,16,1,4,1.7012542927394298e-06,5.826802329085683e-10,8.226440870305964e-06,0.0002512436560976835,5
Cha-F-500207,128,100,28,664,100,28,0.0001940325711274008,2.545320457388541e-07,6.429042145951511e-05,0.0064318375961006985,83
Cha-F-500208,60,32,28,151,32,28,9.0233653745373e-05,5.135187228664318e-06,8.818105029532925e-06,0.0030149238731722026,60
Cha-F-500209,35,21,14,86,21,14,0.00010260765194647329,7.395205094678785e-07,8.228760622188492e-06,0.0017587055926837848,35
Cha-F-500210,85,43,42,490,43,42,0.00041309536479038213,2.0798785573245096e-06,1.6274032772701992e-05,0.00427114215366062,77
Cha-F-500212,71,19,52,331,19,52,5.837652515743663e-05,6.461635732190377e-08,2.375046543412949e-05,0.003567659916587106,63
Cha-F-500213,121,37,84,826,37,84,0.00018411074373096928,2.1656891244046048e-07,1.6512036789714206e-05,0.006080096477563942,92
Cha-F-500214,59,33,26,162,33,26,0.0002100362059270248,8.333103962937734e-08,1.285994110041555e-05,0.0029646751419526657,56
Cha-F-500215,406,197,209,4374,197,209,0.009457759321720377,0.00010599959956184323,3.2233085687487814e-05,0.0204009848751319,352
Cha-F-500217,578,221,357,5366,221,357,0.006554764723617105,3.0441478362917825e-05,3.956698354161395e-05,0.029043766644892218,352
Cha-F-500218,173,171,2,543,171,2,0.0018665710352745698,9.614206991015612e-06,3.806732354055399e-05,0.00869303050097985,126
Cha-F-500219,282,153,129,1316,153,129,0.0004496603656512364,3.2852960608488974e-07,6.779177965741594e-05,0.014170142203909351,150
Cha-F-500220,228,63,165,1823,63,165,0.0005314307411165616,6.609198396638669e-07,1.7480083838576423e-05,0.01145671071805437,138
Cha-F-500221,57,50,7,308,50,7,8.720179575006464e-05,9.793595292247375e-08,2.5121951086801613e-05,0.0028641776795135924,54
Cha-F-500222,95,43,52,564,43,52,0.00035665433285808574,7.075073428325099e-07,1.1716573515702944e-05,0.004773629465855987,86
Cha-F-500223,117,23,94,322,23,94,0.00011996540775207706,1.1892513510680281e-07,8.117387321608133e-06,0.005879101552685795,114
Cha-F-500224,510,249,261,4906,249,261,0.01153224046163628,4.177450521073426e-05,3.416566586739064e-05,0.02562685292196372,352
Cha-F-500225,208,133,75,1071,133,75,0.00033867045545574566,1.9433443491342983e-07,5.544834773737827e-05,0.010451736093663636,121
Cha-F-500226,1419,1397,22,15978,1397,22,0.04039127112714937,0.00015230916772465726,0.00026188897008060644,0.07130294960052258,352
Cha-F-500227,168,65,103,1026,65,103,0.00025445707256562385,2.3466534816231257e-07,1.743493345941251e-05,0.008441786844882167,112
Cha-F-500229,215,52,163,892,52,163,0.00022102142217978143,3.5146267992113253e-07,2.452115502751849e-05,0.010803477212200392,148
Cha-F-500230,339,309,30,1714,309,30,0.0005509153954011007,4.0071789630342837e-07,0.00011221372663161622,0.017034319883422945,148
Cha-F-500231,216,128,88,651,128,88,0.0002244844477860349,1.7489107112756093e-07,2.9435439737398013e-05,0.010853725943419929,150
Cha-F-500232,44,29,15,123,29,15,0.00014599400849966347,1.4874633677092606e-07,1.1613208464657634e-05,0.002210944173659615,44
Cha-F-500233,112,23,89,876,23,89,0.0001574077358876518,1.6994987384539508e-07,1.0947353017107158e-05,0.005627857896588111,102
Cha-F-500234,436,124,312,2265,124,312,0.0010266691015068557,1.461563007759464e-05,1.8031860760438384e-05,0.021908446811718003,205
Cha-F-500235,188,26,162,597,26,162,0.00015293350076524406,8.233852477190307e-07,8.516925987105139e-06,0.009446761469272901,142
Cha-F-500236,229,49,180,836,49,180,0.0002210275457764957,1.0464322810580069e-07,1.6389016247212345e-05,0.011506959449273905,150
Cha-F-500237,138,113,25,524,113,25,0.000937822499245289,2.57165165500836e-06,1.798969723352621e-05,0.0069343249082960655,124
Cha-F-500238,354,196,158,2157,196,158,0.00027475312855344385,3.476086990140191e-07,0.0002156930926184383,0.017788050851715993,111
Cha-F-500239,100,54,46,458,54,46,0.0004035338767798327,1.879959565268313e-05,1.1975650252249947e-05,0.00502487312195367,92
Cha-F-500240,193,103,90,1252,103,90,0.00037125832242138323,5.656685795284714e-07,3.828976652271439e-05,0.009698005125370585,133
Cha-F-500241,160,114,46,622,114,46,0.00030732005619746663,3.210654952194794e-07,1.934262539026249e-05,0.008039796995125872,134
Cha-F-500242,70,47,23,255,47,23,0.0004853997352710592,4.5088493920791466e-07,1.6034371368149786e-05,0.0035174111853675696,68
Cha-F-500243,348,109,239,1782,109,239,0.001532473097728941,5.2853421855513775e-05,1.585607949495652e-05,0.017486558464398776,211
Cha-F-500244,114,71,43,747,71,43,0.0005462197528180372,4.125273447246308e-06,2.8302725986441988e-05,0.005728355359027185,97
Cha-F-500245,296,126,170,2073,126,170,0.0003967196890773361,1.0528905466700602e-06,8.821662205918491e-05,0.014873624440982865,150
Cha-F-500247,6,4,2,21,4,2,1.792675830467022e-06,1.0373689203786122e-09,9.12230100393736e-06,0.0003014923873172202,6
Cha-F-500248,56,29,27,163,29,27,0.00021891127073851593,9.27989288965173e-08,1.4100586297201612e-05,0.0028139289482940555,56
Cha-F-500249,279,184,95,1922,184,95,0.0009646202700532568,1.2095902724570566e-05,2.0033316025020388e-05,0.014019396010250741,211
Cha-F-500250,283,117,166,1550,117,166,0.0010182715143191767,1.9233465254732957e-06,3.723325636286248e-05,0.014220390935128889,211
Cha-F-500251,102,32,70,307,32,70,0.00016842342596536637,3.273025304271988e-07,8.657748637981885e-06,0.005125370584392744,102
Cha-F-500252,242,124,118,996,124,118,0.000427447861276583,3.915336839231261e-07,4.549635773830251e-05,0.012160192955127883,150
Cha-F-500253,52,19,33,276,19,33,5.54318360651266e-05,8.863812955585087e-08,1.2697361175372718e-05,0.002612934023415909,50
Cha-F-500254,273,233,40,1225,233,40,0.0006810265101359024,2.1523307736642672e-06,5.533904769270999e-05,0.01371790362293352,148
Cha-F-500255,565,263,302,2192,263,302,0.003858119285583841,3.255140760930635e-05,4.9746291491903085e-05,0.02839053313903824,250
Cha-F-500256,140,90,50,687,90,50,0.000967852362937118,1.3001594667573603e-06,4.2796177532983135e-05,0.007034822370735139,125
Cha-F-500257,563,212,351,4411,212,351,0.01055751276650093,0.00013115064742902875,3.261405624768463e-05,0.028290035676599167,352
Cha-F-500258,527,263,264,3843,263,264,0.011034954899778711,5.738139374811904e-05,3.743235288963973e-05,0.026481081352695845,352
Cha-F-500259,307,216,91,2766,216,91,0.000565597002329189,9.831117836799074e-07,0.00021487152962339597,0.015426360484397768,135
Cha-F-500260,171,66,105,943,66,105,0.0005059573174817604,8.174505689726988e-07,1.4669450501996938e-05,0.008592533038540778,127
Cha-F-500261,61,34,27,213,34,27,0.00010466374118588476,8.913154507360185e-08,1.2915667183163386e-05,0.003065172604391739,60
Cha-F-500262,103,60,43,372,60,43,0.00039557671258947166,7.85112669845059e-06,1.1464902649936173e-05,0.0051756193156122805,90
Cha-F-500263,211,42,169,692,42,169,0.00012202182704381871,8.388842699395089e-08,1.1946905608098735e-05,0.010602482287322246,150
Cha-F-500264,21,2,19,471,2,19,7.378670545338003e-05,1.6733285022535652e-07,7.613797590000856e-06,0.001055223355610271,21
Cha-F-500265,249,46,203,1204,46,203,0.00027107961330307485,9.373545992309157e-07,1.3406614558887305e-05,0.01251193407366464,182
Cha-F-500266,357,136,221,2089,136,221,0.006563505522210277,6.250543218555933e-05,1.9059456525111346e-05,0.017938797045374603,319
Cha-F-500267,426,234,192,3544,234,192,0.010989356565963518,7.889336989425092e-05,3.378597093509969e-05,0.021405959499522637,352
Cha-F-500268,301,252,49,1138,252,49,0.0004822755887725019,2.7241753802008814e-07,0.00010116348446230917,0.015124868097080548,148
Cha-F-500269,95,64,31,414,64,31,0.0004988755997508356,1.1193350451552383e-06,2.709617380650628e-05,0.004773629465855987,83
Cha-F-500270,288,251,37,1208,251,37,0.0005510804796098547,2.2936982597160618e-07,8.617651192055447e-05,0.014471634591226572,150
Cha-F-500271,220,63,157,903,63,157,0.00025528416384164705,1.4997050337546738e-07,2.7427506322124784e-05,0.011054720868298076,150
Cha-F-500272,323,173,150,2969,173,150,0.002477763227509133,2.9217439802379118e-05,5.918783607288092e-05,0.016230340183910355,205
Cha-F-500273,130,47,83,659,47,83,0.00040871216520704134,2.9997968552696934e-06,1.5994461864950832e-05,0.006532335058539772,105
Cha-F-500274,169,70,99,891,70,99,0.00014278414576968822,5.951304634589949e-07,5.848145448093796e-05,0.008492035576101703,99
Cha-F-500275,33,27,6,131,27,6,0.00011661689561298968,3.5106165876220604e-07,1.3951807846270936e-05,0.0016582081302447113,32
Cha-F-500276,76,26,50,373,26,50,0.0002990126311353918,1.2280308848979424e-05,1.0084010043754521e-05,0.0038189035726847896,70
Cha-F-500277,154,92,62,786,92,62,0.001478057775248492,5.6726711671526786e-06,1.9899245434370134e-05,0.007738304607808653,148
Cha-F-500278,26,7,19,119,7,19,3.2631516823854138e-06,2.526893585522159e-09,1.1679913400374324e-05,0.0013064670117079544,24
Cha-F-500280,108,78,30,301,78,30,0.0017943343817221572,1.105308188625843e-05,1.2886841186588963e-05,0.005426862971709964,105
Cha-F-500281,138,90,48,514,90,48,0.0011665230666393733,2.370116451653459e-06,2.2104713250375053e-05,0.0069343249082960655,119
Cha-F-500282,173,76,97,1162,76,97,0.0003223082238027489,5.968661863726056e-07,1.3000015944356859e-05,0.00869303050097985,123
Cha-F-500283,302,253,49,1463,253,49,0.00047141761406365557,2.316498913811311e-07,7.69104574916293e-05,0.015175116828300085,150
Cha-F-500284,132,47,85,656,47,85,0.000504144646531583,4.840275667636708e-07,1.445962725652956e-05,0.006632832520978845,99
Cha-F-500285,44,34,10,144,34,10,0.000502635294331586,1.8414216941253822e-06,1.0774116082423971e-05,0.002210944173659615,44
Cha-F-500286,163,17,146,538,17,146,6.774075907053084e-05,2.9264726163175835e-08,9.262606969573303e-06,0.008190543188784483,134
Cha-F-500287,572,267,305,3393,267,305,0.00438143850127223,4.05396929353314e-05,4.7334972387774336e-05,0.028742274257574998,296
Cha-F-500288,421,208,213,3503,208,213,0.010201271917525975,0.00012483818518264957,3.177144243776514e-05,0.021154715843424952,349
Cha-F-500289,475,199,276,2782,199,276,0.0029547849978579037,3.652213735323775e-05,4.302194384433889e-05,0.023868147329279936,241
Cha-F-500290,304,212,92,1187,212,92,0.0004354434484246779,1.5786272642824427e-07,6.582429175374558e-05,0.015275614290739158,150
Cha-F-500291,84,62,22,282,62,22,0.0014238467751788331,1.5673407257692523e-06,1.16457347885231e-05,0.004220893422441084,84
Cha-F-500292,782,238,544,6117,238,544,0.0040936984950120095,0.00015193427035493166,6.743654945475312e-05,0.03929450781367771,329
Cha-F-500293,260,172,88,1270,172,88,0.0009775032590294908,1.341661119356677e-06,2.8101786251293416e-05,0.013064670117079544,182
Cha-F-500294,131,65,66,605,65,66,0.0006936554181350404,1.7798247324549124e-06,1.7811050054288137e-05,0.006582583789759309,109
Cha-F-500295,494,153,341,4376,153,341,0.0021005377606639554,1.4780247546977299e-05,2.481002872692738e-05,0.024822873222451133,352
Cha-F-500296,391,186,205,1633,186,205,0.007436959085306081,8.733629683889162e-05,3.436360077792747e-05,0.019647253906838854,226
Cha-F-500297,367,182,185,2211,182,185,0.003572909008934437,1.0355102126371695e-05,2.7657231412679312e-05,0.018441284357569972,211
Cha-F-500298,334,70,264,1483,70,264,0.0008699633806236417,1.9217064797822036e-06,1.1616776433178053e-05,0.01678307622732526,211
Cha-F-500299,452,243,209,3989,243,209,0.013682145295601106,2.8648372979825347e-05,4.18231942537082e-05,0.02271242651123059,352
Cha-F-500300,44,31,13,136,31,13,0.00019908484864674205,2.1251889004647966e-07,1.3156426581259935e-05,0.002210944173659615,44
Cha-F-500301,219,84,135,778,84,135,0.00032914334629297656,2.9937770069791665e-07,3.1124179769622144e-05,0.011004472137078539,149
Cha-F-500302,73,25,48,222,25,48,7.945620142331422e-05,5.149087200460994e-08,1.3258206811708793e-05,0.0036681573790261794,70
Cha-F-500303,185,33,152,924,33,152,0.00014842568403752813,1.384661193002207e-07,8.91584212482742e-06,0.009296015275614291,177
Cha-F-500304,1011,877,134,5459,877,134,0.018588414035486476,1.7073056527400427e-05,6.567236454114004e-05,0.05080146726295161,352
Cha-F-500305,152,81,71,753,81,71,0.0003111061537241174,5.473485694945161e-07,1.58623707685761e-05,0.007637807145369579,125
Cha-F-500306,169,19,150,1075,19,150,0.00016125537245924578,3.0665567681811043e-07,9.97285405272791e-06,0.008492035576101703,102
Cha-F-500307,172,56,116,624,56,116,0.00033076929420795055,1.5516296175357008e-05,9.646758560803264e-06,0.008642781769760313,159
Cha-F-500308,120,64,56,554,64,56,0.000603870228971266,2.613938311929772e-06,2.046345044496397e-05,0.006029847746344405,105
Cha-F-500309,233,140,93,793,140,93,0.00018820228076687947,7.034291003236348e-08,3.3535256598919606e-05,0.011707954374152053,148
Cha-F-500311,445,32,413,10178,32,413,0.0004663463701541508,0.00036902336766097215,9.475065758557108e-06,0.022360685392693834,348
Cha-F-500312,631,119,512,3767,119,512,0.00042228967935667807,4.095716635178853e-07,2.0501808581556663e-05,0.03170694939952766,183
Cha-F-500313,376,242,134,2077,242,134,0.014041504808078888,2.1199657865535547e-05,5.258168520885231e-05,0.018893522938545803,334
Cha-F-500315,68,62,6,221,62,6,0.00017217059243698028,1.1682853985392052e-07,2.3475701717322868e-05,0.003416913722928496,64
Cha-F-500317,463,132,331,2914,132,331,0.00966960186873598,6.825181233366414e-06,2.9172351879406273e-05,0.023265162554645495,352
Cha-F-500318,34,21,13,70,21,13,5.441414360717231e-05,7.55595122996868e-09,1.0954871219243396e-05,0.001708456861464248,33
Cha-F-500319,60,37,23,236,37,23,0.00013346919833587511,1.0651680094439699e-07,1.802532736775016e-05,0.0030149238731722026,58
Cha-F-500320,209,142,67,1456,142,67,0.00034693753433889465,4.0441834654271497e-07,6.886459349878896e-05,0.010501984824883171,135
Cha-F-500321,399,252,147,2040,252,147,0.003566538756870848,0.00017784161151309744,7.432793768195451e-05,0.020049243756595145,267
Cha-F-500322,189,108,81,887,108,81,0.0003825679802570653,4.066902551826931e-07,6.215073454629076e-05,0.009497010200492437,136
Cha-F-500323,245,161,84,1610,161,84,0.0017765706015319784,1.6917056498688565e-05,3.405584663884257e-05,0.012310939148786493,192
Cha-F-500324,330,253,77,1739,253,77,0.0038637841630897963,4.866364532708581e-05,3.477201032087786e-05,0.016582081302447114,223
Cha-F-500325,287,95,192,1953,95,192,0.0007422203778372107,5.141330805333644e-06,2.0646207370042584e-05,0.014421385860007034,182
Cha-F-600001,627,339,288,3247,339,288,0.0075357638567536776,1.3713562305875537e-05,2.6097586419935395e-05,0.03150595447464952,352
Cha-F-600002,198,86,112,690,86,112,0.0010449617196976056,8.141056250995461e-06,1.4077109645841628e-05,0.009949248781468268,166
Cha-F-600003,69,22,47,274,22,47,7.929306437563448e-05,3.8560804789537394e-07,2.9001133517327578e-05,0.0034671624541480327,57
Cha-F-600004,282,246,36,1268,246,36,0.0004510247862029757,2.978752632048589e-07,7.265522164344127e-05,0.014170142203909351,150
Cha-F-600005,399,82,317,1308,82,317,0.0010593416142878434,4.867028403108698e-06,3.317523568507115e-05,0.020049243756595145,245
Cha-F-600006,77,66,11,371,66,11,0.00018691466946284559,2.3602461139676594e-07,2.7640041428482057e-05,0.0038691523039043265,73
Cha-F-600007,1423,1213,210,6971,1213,210,0.024451705851932674,2.985661061015962e-05,7.510114733712853e-05,0.07150394452540074,352
Cha-F-600008,49,39,10,162,39,10,0.0002080217620921316,1.1480905048864886e-07,1.42638389448435e-05,0.0024621878297572987,49
Cha-F-600009,36,19,17,175,19,17,8.966234335076092e-05,2.8257341903553532e-08,1.9355419607638607e-05,0.0018089543239033215,34
Cha-F-600011,139,120,19,423,120,19,0.001357997667840894,9.018313207960866e-06,1.3874464681449043e-05,0.006984573639515602,131
Cha-F-600012,265,238,27,943,238,27,0.00044986238089903436,4.661931846115686e-07,5.072006882963477e-05,0.013315913773177228,148
Cha-F-600013,59,37,22,249,37,22,8.88715350666591e-05,2.4696155661497913e-07,1.6261431819299992e-05,0.0029646751419526657,56
Cha-F-600015,201,71,130,763,71,130,0.00026004763995708376,3.2388556143655746e-07,2.689052835227146e-05,0.010099994975126878,146
Cha-F-600016,452,371,81,2301,371,81,0.0009301358385440922,1.7337565388227937e-06,0.00010534842112082834,0.02271242651123059,148
Cha-F-600017,131,50,81,375,50,81,0.0008307645550444246,1.164033483113693e-06,9.853249612103736e-06,0.006582583789759309,119
Cha-F-600019,375,64,311,1322,64,311,0.003437557886671916,2.2867296738216885e-06,1.294500662151142e-05,0.018843274207326264,282
Cha-F-600020,96,56,40,250,56,40,0.0003305160636261796,4.0239377684471253e-07,9.145238586428925e-06,0.004823878197075524,95
Cha-F-600021,197,58,139,672,58,139,0.0005276176852812758,1.4051241779175384e-05,1.0842656504587705e-05,0.009899000050248732,173
Cha-F-600022,76,64,12,216,64,12,0.00046833786674136297,1.327185813601706e-05,1.0135841316350723e-05,0.0038189035726847896,76
Cha-F-600023,199,106,93,705,106,93,0.002026627124664878,1.5181052439304215e-05,1.7542309909014046e-05,0.009999497512687805,176
Cha-F-600024,190,157,33,795,157,33,0.0012823870178826475,8.633299638795125e-07,2.4919237362000087e-05,0.009547258931711974,165
Cha-F-600025,62,53,9,319,53,9,0.00017948048546972487,3.2619846465820546e-07,2.6116627243892147e-05,0.003115421335611276,59
Cha-F-600026,119,24,95,534,24,95,0.00024875639220902946,1.6169276379075884e-07,9.32339137910256e-06,0.005979599015124868,87
Cha-F-600027,39,14,25,117,14,25,5.455974120813436e-05,2.7177934985564998e-06,7.966171734318897e-06,0.0019597005175619317,39
Cha-F-600028,372,173,199,1869,173,199,0.009967899525225662,2.5688298628264094e-05,3.3569230979431596e-05,0.018692528013667654,309
Cha-F-600029,382,204,178,2070,204,178,0.0035518816146092058,3.0157006659716814e-05,2.6187151631494238e-05,0.019195015325863023,293
Cha-F-600030,322,152,170,1416,152,170,0.002827990443299757,3.928634413487647e-06,1.8475249030453653e-05,0.01618009145269082,240
Cha-F-600031,80,38,42,244,38,42,0.0003258281156649932,3.5813287834936854e-07,9.482685464996985e-06,0.004019898497562936,73
Cha-F-600033,305,265,40,1180,265,40,0.0005279838542429461,3.0903025077108455e-07,6.629491018524613e-05,0.015325863021958696,150
Cha-F-600034,36,23,13,114,23,13,4.425408139062434e-05,3.5363194852924603e-08,1.1451058116769873e-05,0.0018089543239033215,34
Cha-F-600035,183,62,121,615,62,121,0.0007442130149838222,8.689052633532855e-06,1.0878449140464048e-05,0.009195517813175217,159
Cha-F-600036,341,188,153,1989,188,153,0.0019904094508346134,2.8316167505513456e-05,3.350464384762904e-05,0.017134817345862016,211
Cha-F-600037,609,433,176,2843,433,176,0.020596625814632185,7.912754890659112e-05,4.391755958581853e-05,0.030601477312697856,352
Cha-F-600040,238,207,31,711,207,31,0.0030796887608469763,1.770584512828718e-05,2.9112992104845286e-05,0.011959198030249736,150
Cha-F-600041,485,127,358,2437,127,358,0.0011022206288620945,9.53842876611326e-06,2.3837005754841586e-05,0.024370634641475302,203
Cha-F-600042,629,260,369,2344,260,369,0.0035918850041413036,1.398969377914402e-05,4.014585725087006e-05,0.03160645193708859,298
Cha-F-600043,186,52,134,530,52,134,0.0002550731490122273,1.9041211944583646e-06,1.150341026930455e-05,0.009346264006833827,130
Cha-F-600044,524,516,8,1857,516,8,0.01458537634625739,1.7131773169307704e-05,4.0397627688332e-05,0.026330335159037235,352
Cha-F-600045,59,6,53,516,6,53,8.036360408148659e-06,2.4197070292777182e-09,8.41921621184368e-06,0.0029646751419526657,58
Cha-F-600046,36,25,11,101,25,11,0.00013158004340620526,4.428930890077987e-07,8.645642686096718e-06,0.0018089543239033215,36
Cha-F-600047,101,67,34,339,67,34,0.0007367017302283192,5.944894903992808e-07,2.91922130448714e-05,0.005075121853173208,92
Cha-F-600048,210,61,149,1532,61,149,0.00011741720522910987,8.762245504382227e-08,3.0518196847587704e-05,0.010552233556102708,121
Cha-F-600049,315,33,282,965,33,282,0.0001965951728469531,2.5567659397253845e-07,8.292856667457649e-06,0.015828350334154064,143
Cha-F-600050,151,14,137,540,14,137,0.00011399326994743839,5.8806817676156084e-08,1.862385277033397e-05,0.007587558414150043,108
Cha-F-600051,292,40,252,1113,40,252,0.00045363128232984214,1.1754357479938235e-06,1.2178695715412095e-05,0.014672629516104718,211
Cha-F-600052,181,148,33,646,148,33,0.0011073270612185688,9.585696905621048e-06,4.2014758007273785e-05,0.009095020350736144,142
Cha-F-600053,65,22,43,245,22,43,0.00022197022549312622,1.9197666347057778e-07,8.911709423527201e-06,0.003266167529269886,63
Cha-F-600054,29,18,11,98,18,11,0.0007854195994409095,1.1557025500060535e-06,9.139947852642188e-06,0.0014572132053665644,29
Cha-F-600055,159,90,69,490,90,69,0.0018699037709119578,2.496667576263631e-05,1.45148840752758e-05,0.007989548263906337,145
Cha-F-600056,402,260,142,2138,260,142,0.003498227852647291,6.918376540831403e-05,5.981550589960977e-05,0.020199989950253756,217
Cha-F-600057,103,47,56,500,47,56,0.00010602468037244464,9.567446195113428e-08,4.284427920246466e-05,0.0051756193156122805,71
Cha-F-600058,147,18,129,985,18,129,7.929717093392038e-05,1.1875214708810949e-07,9.18411210462274e-06,0.007386563489271896,139
Cha-F-600059,146,103,43,571,103,43,0.0002447188272280354,1.7344045384251477e-07,5.0455865683872504e-05,0.007336314758052359,92
Cha-F-600060,311,275,36,1370,275,36,0.0004125195917469403,1.3882962806600772e-07,0.00010049118688170752,0.015627355409275914,148
Cha-F-600061,1131,728,403,8293,728,403,0.005569671916307335,0.00014299615342642656,0.0002644002968469629,0.056831315009296016,297
Cha-F-600062,332,188,144,1636,188,144,0.006512580257027514,4.582811101673995e-05,3.120394612535986e-05,0.016682578764886186,220
Cha-F-600064,247,111,136,1021,111,136,0.0005486154879179406,5.603547810804018e-07,5.748933854069269e-05,0.012411436611225566,150
Cha-F-600065,95,69,26,424,69,26,0.0007393199435731786,4.156086771705054e-06,2.6401246333928617e-05,0.004773629465855987,86
Cha-F-600067,18,5,13,90,5,13,5.736448247264857e-06,5.478035173252003e-10,9.462370291085528e-06,0.0009044771619516607,18
Cha-F-600068,450,136,314,2404,136,314,0.00235011295047793,6.752517488957153e-06,2.2282953021683638e-05,0.02261192904879152,209
Cha-F-600069,287,69,218,2142,69,218,0.0037813087002808565,1.5859859578727914e-06,1.0952547693115147e-05,0.014421385860007034,274
Cha-F-600070,294,147,147,2140,147,147,0.0002659869079032813,4.1369750711606243e-07,7.030497159039283e-05,0.014773126978543792,121
Cha-F-600071,200,149,51,1318,149,51,0.0005690834735145334,5.359634886835193e-06,7.885609453079406e-05,0.01004974624390734,114
Cha-F-600072,557,293,264,2977,293,264,0.007594912091172376,1.6794197796266683e-05,3.796444419505819e-05,0.027988543289281947,352
Cha-F-600073,306,65,241,1698,65,241,0.003140557829978536,1.1518644302968099e-05,1.3784967133992919e-05,0.015376111753178233,284
Cha-F-600074,209,87,122,1023,87,122,0.00035446464313296987,6.652308101214901e-07,2.889520094155236e-05,0.010501984824883171,109
Cha-F-600075,13,7,6,39,7,6,4.5654259557421455e-06,1.9356230653951056e-09,9.308621897369928e-06,0.0006532335058539772,13
Cha-F-600076,282,238,44,1064,238,44,0.0003809073954140699,7.047056191640852e-07,5.346781481007324e-05,0.014170142203909351,148
Cha-F-600077,56,25,31,262,25,31,0.00021935179226695986,3.531390746577294e-07,9.97274438623839e-06,0.0028139289482940555,54
Cha-F-600078,18,14,4,78,14,4,3.491708879031555e-05,1.658541479064673e-08,1.12789124074728e-05,0.0009044771619516607,18
Cha-F-600080,130,96,34,462,96,34,0.000509515504487582,5.235482581092863e-07,3.7263104490476776e-05,0.006532335058539772,100
Cha-F-600081,372,86,286,1703,86,286,0.0004144832070822789,1.5009358725344532e-06,1.0047298178001056e-05,0.018692528013667654,211
Cha-F-600083,420,189,231,2154,189,231,0.006996890698679461,1.3518374693260643e-05,2.069985553070816e-05,0.021104467112205417,352
Cha-F-600084,313,127,186,1040,127,186,0.0020622022800718194,3.460998122770612e-06,1.8369816846663253e-05,0.01572785287171499,205
Cha-F-600085,537,318,219,4040,318,219,0.005052306361718261,9.715706972098725e-05,8.548453500321133e-05,0.02698356866489121,282
Cha-F-600086,26,8,18,108,8,18,7.308641018911383e-05,7.698951599186947e-08,9.962356217311116e-06,0.0013064670117079544,26
Cha-F-600087,144,102,42,688,102,42,0.0005814469979444207,1.3946153976556401e-05,2.6228937401562657e-05,0.007235817295613286,115
Cha-F-600088,95,60,35,255,60,35,0.0009638162466974328,0.0006252921178432715,1.1486763598826504e-05,0.004773629465855987,94
Cha-F-600089,1133,552,581,6456,552,581,0.015329357499646298,0.00026621007323530873,0.00012904638013660683,0.05693181247173509,352
Cha-F-600090,111,61,50,506,61,50,0.00020970717271843033,2.481351896760118e-07,2.02874226873277e-05,0.005577609165368575,92
Cha-F-600091,54,31,23,261,31,23,0.00025355910758584306,6.528609140227087e-07,9.287167572342e-06,0.002713431485854982,52
Cha-F-600092,797,155,642,4988,155,642,0.008449430978346969,9.218556525357843e-06,2.394277900523941e-05,0.04004823878197075,352
Cha-F-600093,308,53,255,1171,53,255,0.0003305548263836891,8.227020790444429e-07,1.8635530903375722e-05,0.015476609215617306,170
Cha-F-600094,37,29,8,94,29,8,0.00033053744595711243,1.3048655042378032e-06,8.548827162512911e-06,0.0018592030551228581,37
Cha-F-600095,1108,916,192,5848,916,192,0.031282021229376705,7.69425423179599e-05,8.564468803456675e-05,0.05567559419124667,352
Cha-F-600096,92,44,48,242,44,48,0.00013258767361602018,2.051786659518658e-07,8.654380718311146e-06,0.004622883272197377,90
Cha-F-600098,229,65,164,870,65,164,0.00026579104181186504,1.6158147287852255e-07,2.591691086134742e-05,0.011506959449273905,150
Cha-F-600099,19,9,10,54,9,10,1.960262007585887e-05,1.9732379647458504e-08,8.679035831922488e-06,0.0009547258931711974,19
Cha-F-600100,213,56,157,493,56,157,0.0004874288866456317,2.42436098905061e-07,9.26084461858811e-06,0.010702979749761319,143
Cha-F-600101,431,214,217,3469,214,217,0.010082932410977161,0.0001503176520229259,3.359406414762105e-05,0.021657203155620322,348
Cha-F-600102,384,133,251,2462,133,251,0.0006103073860034966,3.662472326423656e-06,3.3144236859524046e-05,0.019295512788302095,186
Cha-F-600103,61,56,5,208,56,5,0.0004580274123942479,1.7265255174427564e-06,1.0825111911080174e-05,0.003065172604391739,61
Cha-F-600104,423,214,209,4560,214,209,0.010205030211128743,3.873907289261912e-05,4.003171630058406e-05,0.021255213305864027,352
Cha-F-600105,302,157,145,2294,157,145,0.001738319680688685,0.0001098284728242981,3.2175542369813174e-05,0.015175116828300085,205
Cha-F-600106,45,16,29,218,16,29,7.675374383357454e-05,6.456472712250387e-08,1.9754759574281813e-05,0.0022611929048791516,43
Cha-F-600108,376,158,218,2985,158,218,0.0005467116848739727,3.7963243781059622e-06,6.73799079336263e-05,0.018893522938545803,181
Cha-F-600109,228,75,153,865,75,153,0.00030670579519025885,2.9166340035622125e-07,3.485714053544913e-05,0.01145671071805437,148
Cha-F-600110,73,34,39,359,34,39,0.00018009950304301265,2.413395647410762e-07,1.726790603246629e-05,0.0036681573790261794,69
Cha-F-600111,71,60,11,211,60,11,0.0004289433152659959,5.180146492996225e-06,9.983081333385264e-06,0.003567659916587106,71
Cha-F-600112,32,11,21,121,11,21,0.0002489476116804157,5.776885036896109e-08,8.761149765131448e-06,0.0016079593990251746,30
Cha-F-600113,597,450,147,3326,450,147,0.0019669531847183036,3.062895021261279e-05,8.97200570286594e-05,0.029998492538063415,186
Cha-F-600114,117,99,18,592,99,18,0.00037514040300510486,2.7281853729837113e-07,2.760412787827489e-05,0.005879101552685795,95
Cha-F-600115,98,65,33,554,65,33,0.00020099468201066167,2.0031647145165757e-07,2.8792015535391544e-05,0.004924375659514597,73
Cha-F-600116,254,224,30,1359,224,30,0.0016255816469486581,1.651625251325013e-05,8.16909916680213e-05,0.012763177729762324,180
Cha-F-600117,144,53,91,448,53,91,0.0003023497357332572,3.240077848917049e-06,9.738174672169072e-06,0.007235817295613286,142
Cha-F-600118,442,142,300,5103,142,300,0.0019997226210237994,0.0005914033421479853,1.8849514297565495e-05,0.022209939199035224,344
Cha-F-600119,138,31,107,360,31,107,0.0001924170088046755,1.411439220037654e-06,8.354789986734386e-06,0.0069343249082960655,115
Cha-F-600120,200,64,136,766,64,136,0.00013179506362256447,6.450744253645576e-08,1.8441233857164582e-05,0.01004974624390734,150
Cha-F-600121,119,98,21,353,98,21,0.0010442984406357223,4.720659601956524e-05,1.2992161335871099e-05,0.005979599015124868,115
Cha-F-600122,361,89,272,3127,89,272,0.0011794149443813482,2.5993585254008593e-05,1.95023108171034e-05,0.018139791970252752,292
Cha-F-600123,219,63,156,1211,63,156,0.0001286656526372931,1.299008823498866e-07,1.464191507687838e-05,0.011004472137078539,142
Cha-F-600124,408,252,156,3102,252,156,0.001699105781989659,3.5975043004641196e-05,4.164912551792893e-05,0.020501482337570976,205
Cha-F-600125,161,60,101,866,60,101,0.0005443359979578336,2.031778895060429e-06,1.923832530759943e-05,0.00809004572634541,110
Cha-F-600126,66,50,16,278,50,16,0.0002873740426746733,1.785302614530831e-07,1.586162029398378e-05,0.0033164162604894225,63
Cha-F-600127,248,34,214,777,34,214,0.00033494483580229787,1.5501017151137815e-06,8.638976044119233e-06,0.012461685342445104,153
Cha-F-600128,94,38,56,542,38,56,0.0003728455383366271,1.6192475304689676e-06,1.2231828022013048e-05,0.004723380734636451,87
Cha-F-600129,454,110,344,4368,110,344,0.0018204360349036738,8.995812515189334e-06,3.142182390578376e-05,0.022812923973669665,241
Cha-F-600130,344,117,227,1607,117,227,0.0006962663816300269,2.820188691041678e-06,1.9117159993621497e-05,0.017285563539520626,186
Cha-F-600131,95,63,32,308,63,32,0.00022493943364268443,2.0799874233597183e-07,2.496842769052627e-05,0.004773629465855987,79
Cha-F-600132,122,90,32,706,90,32,0.001147607428370232,7.069618331632452e-06,1.5306237116241723e-05,0.006130345208783478,110
Cha-F-600133,6,4,2,17,4,2,9.158165384593915e-06,2.202916236232978e-09,8.699127213652084e-06,0.0003014923873172202,6
Cha-F-600134,165,63,102,888,63,102,0.0005741783577682021,2.088654357708347e-06,1.8647332554778548e-05,0.008291040651223557,110
Cha-F-600135,414,229,185,2360,229,185,0.005490997878386707,2.9791338961006764e-05,4.550838144943102e-05,0.020802974724888196,231
Cha-F-600136,912,352,560,6708,352,560,0.0047124312578254845,3.184078808975464e-05,0.00015517464492752876,0.04582684287221748,325
Cha-F-600137,79,46,33,351,46,33,0.0003164667403885181,3.8631759438506916e-07,1.4316866760035442e-05,0.0039696497663434,75
Cha-F-600139,463,193,270,2426,193,270,0.007651708596309968,0.00016443818471917034,6.167471287037999e-05,0.023265162554645495,312
Cha-F-600140,86,50,36,281,50,36,0.00015132300366120776,1.142718723224025e-07,1.7087451525265156e-05,0.004321390884880157,74
Cha-F-600141,154,60,94,769,60,94,0.0006529267371920501,6.300584621354376e-06,1.9223055809847827e-05,0.007738304607808653,110
Cha-F-600142,457,108,349,2525,108,349,0.004079846631357824,4.713565085741109e-06,1.932030665394331e-05,0.022963670167328275,315
Cha-F-600143,561,373,188,3701,373,188,0.005600178177896973,6.866976348254746e-05,4.4419302872840566e-05,0.028189538214160093,306
Cha-F-600144,214,179,35,1170,179,35,0.0013106840017830556,2.89237001726872e-05,6.982851021144148e-05,0.010753228480980856,161
Cha-F-600145,87,62,25,512,62,25,0.00013192484261057418,1.5770738996531713e-07,4.257585768526537e-05,0.004371639616099694,72
Cha-F-600146,362,276,86,2264,276,86,0.004269359574862863,0.001509317685344901,4.309683857944011e-05,0.018190040701472288,300
Cha-F-600147,253,52,201,1245,52,201,0.0006522576121753402,3.842131435322533e-07,1.852001303193898e-05,0.012712928998542787,196
Cha-F-600148,65,42,23,268,42,23,0.0003188839225669742,5.553335779229686e-07,2.0403142516764467e-05,0.003266167529269886,61
Cha-F-600149,70,19,51,289,19,51,3.424623454973595e-05,9.772178704336334e-09,1.4184007390496742e-05,0.0035174111853675696,59
Cha-F-600150,40,21,19,136,21,19,0.0001758513827000132,6.391004824083791e-07,8.828858657950067e-06,0.002009949248781468,40
Cha-F-600151,445,85,360,2911,85,360,0.0004041215717599274,1.0434811328862309e-06,1.58104987163471e-05,0.022360685392693834,186
Cha-F-600152,31,19,12,83,19,12,6.333730799269941e-05,1.8730177051089758e-08,9.192748971924934e-06,0.001557710667805638,31
Cha-F-600153,92,59,33,580,59,33,0.00023482547831776943,3.1590535293859276e-07,1.924353417437977e-05,0.004622883272197377,83
Cha-F-600155,522,450,72,3168,450,72,0.002285169528752951,1.4012825684204538e-05,9.438119290978808e-05,0.02622983769659816,183
Cha-F-600156,79,64,15,261,64,15,0.000299188740198572,2.1140173910623472e-07,1.998923296993853e-05,0.0039696497663434,68
Cha-F-600157,121,77,44,443,77,44,0.0008126735936139653,1.779421329073275e-05,1.195001315710695e-05,0.006080096477563942,118
Cha-F-600159,2123,1924,199,15869,1924,199,0.055108631233024126,0.00013114650412493693,0.00024482517746522654,0.10667805637907643,352
Cha-F-600160,372,76,296,3824,76,296,0.0006440767923698041,4.426334925656063e-06,1.9966204246452936e-05,0.018692528013667654,153
Cha-F-600161,338,185,153,1633,185,153,0.0004803546251475175,5.186271193718085e-07,0.00015255925308611766,0.016984071152203406,158
Cha-F-600162,150,69,81,780,69,81,0.00019425530658291894,4.902933476087462e-07,3.4191520849418356e-05,0.007537309682930506,105
Cha-F-600163,24,14,10,104,14,10,3.219780302759171e-05,3.883707716229812e-08,1.6098305923082972e-05,0.001205969549268881,23
Cha-F-600165,191,122,69,1295,122,69,0.0011243231701850071,1.007395162717387e-05,2.5410692961231964e-05,0.009597507662931512,180
Cha-F-600166,446,75,371,3228,75,371,0.0031159112356706114,1.9662272305741817e-05,1.1834169177475562e-05,0.02241093412391337,352
Cha-F-600168,320,276,44,1425,276,44,0.0003930131623832392,2.1177451531266246e-07,9.23206975688552e-05,0.016079593990251745,148
Cha-F-600169,126,72,54,556,72,54,0.0002186719793870219,1.4200054615077602e-07,1.69353603420433e-05,0.006331340133661625,107
Cha-F-600170,119,96,23,548,96,23,0.0002639302759934348,5.102987198790119e-07,4.134125605078586e-05,0.005979599015124868,89
Cha-F-600171,74,56,18,262,56,18,0.00021719455193692496,1.3944162494208119e-07,1.6043021445345312e-05,0.0037184061102457163,72
Cha-F-600173,147,109,38,511,109,38,0.00020027091466348542,1.2171626550937706e-07,2.5098788731076723e-05,0.007386563489271896,132
Cha-F-600174,61,8,53,573,8,53,2.5798742235765985e-05,6.025736795890568e-09,8.882389416179928e-06,0.003065172604391739,50
Cha-F-600175,179,62,117,793,62,117,0.00019439538246945466,2.560796289771756e-07,2.5986080681213353e-05,0.008994522888297071,143
Cha-F-600176,55,21,34,215,21,34,8.977235101056295e-05,1.0770903961916778e-07,1.0944361144581588e-05,0.002763680217074519,52
Cha-F-600177,36,13,23,166,13,23,6.250935885286449e-05,3.6661207172129585e-08,9.842751830340146e-06,0.0018089543239033215,34
Cha-F-600178,52,39,13,325,39,13,8.111167249173583e-05,7.558091525391938e-08,3.0491813464617772e-05,0.002612934023415909,44
Cha-F-600179,2724,1502,1222,30196,1502,1222,0.01872024391152837,0.030994570428350198,0.0005418481924289392,0.136877543842018,352
Cha-F-600180,89,45,44,617,45,44,0.00041576182147184205,1.3354336852835094e-06,1.3182850027731678e-05,0.004472137078538767,80
Cha-F-600181,51,47,4,168,47,4,0.00016544391560054588,9.089844860517945e-08,1.5217729081973007e-05,0.002562685292196372,49
Cha-F-600183,307,96,211,1898,96,211,0.0007956867659340737,1.9551757113326717e-05,1.5135570179921246e-05,0.015426360484397768,205
Cha-F-600184,401,222,179,2886,222,179,0.01074201622906763,0.00012243816944150954,3.7111537115202505e-05,0.02014974121903422,352
Cha-F-600185,85,39,46,376,39,46,0.00010917102156658472,2.1537813927547882e-07,1.8865685141467737e-05,0.00427114215366062,75
Cha-F-600186,50,32,18,148,32,18,0.00016427537147627714,5.602680187727546e-08,1.7273800762633108e-05,0.002512436560976835,50
Cha-F-600187,274,239,35,1242,239,35,0.00043618550735251575,3.153909345238633e-07,6.884510024764547e-05,0.013768152354153058,150
Cha-F-600188,61,46,15,289,46,15,0.00018609005637814825,3.7299228016805564e-07,1.624335489264287e-05,0.003065172604391739,59
Cha-F-600189,57,31,26,182,31,26,7.645366766340042e-05,4.5432989462088376e-08,1.585533470077294e-05,0.0028641776795135924,53
Cha-F-600190,102,81,21,490,81,21,0.00024733526129933954,3.482724854398972e-07,3.400355717700014e-05,0.005125370584392744,87
Cha-F-600192,196,95,101,647,95,101,0.0013915255698250773,4.053665472990812e-06,1.4963367131847339e-05,0.009848751319029195,165
Cha-F-600193,291,169,122,1554,169,122,0.01046465090093599,4.196516271959434e-05,2.537485998594823e-05,0.014622380784885182,219
Cha-F-600194,206,58,148,674,58,148,0.0016066802032233469,1.1756417095123584e-06,1.2896062943733916e-05,0.010351238631224561,204
Cha-F-600195,240,119,121,2119,119,121,0.0004920006790603822,9.400044253268667e-07,6.113859879760038e-05,0.01205969549268881,123
Cha-F-600196,334,274,60,1364,274,60,0.0005271544516738133,3.8637038841252105e-07,7.305803700961157e-05,0.01678307622732526,150
Cha-F-600197,476,154,322,2633,154,322,0.0026827027754167394,5.8196468474695665e-05,5.5246299670539156e-05,0.02391839606049947,296
Cha-F-600198,124,57,67,593,57,67,0.0003081032262828991,2.649982274476486e-06,1.1611489855823088e-05,0.006230842671222552,96
Cha-F-600199,49,31,18,122,31,18,0.0001295616416408011,4.88869664517695e-08,1.077371152936712e-05,0.0024621878297572987,49
Cha-F-600200,36,20,16,118,20,16,9.72941980644689e-05,8.260788935032374e-08,9.617604775579374e-06,0.0018089543239033215,36
Cha-F-600201,199,45,154,780,45,154,8.539768431126345e-05,1.936407786431193e-08,1.7083859110238088e-05,0.009999497512687805,138
Cha-F-600202,295,174,121,1400,174,121,0.0005552641340661464,5.368004210050945e-07,4.978633380260117e-05,0.014823375709763328,150
Cha-F-600203,57,32,25,292,32,25,0.00021843171297619232,9.791688923683896e-07,1.2338051341131151e-05,0.0028641776795135924,54
Cha-F-600204,197,74,123,699,74,123,9.94653989151404e-05,3.2132118518779434e-08,1.8685821921378785e-05,0.009899000050248732,150
Cha-F-600205,112,45,67,715,45,67,0.00037565256461388074,4.2873404403325855e-06,1.2173378195294882e-05,0.005627857896588111,92
Cha-F-600206,97,78,19,449,78,19,0.0002644025251884037,3.0166436703558113e-07,3.199204061270147e-05,0.004874126928295061,84
Cha-F-600208,712,121,591,5255,121,591,0.0017623662698983118,6.927132787646816e-06,7.507375318809538e-05,0.035777096628310134,308
Cha-F-600209,366,42,324,2313,42,324,0.000464624930569216,1.9324972324403413e-06,1.2475188865372562e-05,0.018391035626350433,205
Cha-F-600210,73,35,38,486,35,38,0.00026172742191911337,7.475126920521138e-07,1.1054084042005786e-05,0.0036681573790261794,72
Cha-F-600211,119,4,115,1145,4,115,2.249797442575484e-05,9.500348681149336e-09,9.305502714145575e-06,0.005979599015124868,100
Cha-F-600212,40,19,21,126,19,21,0.00012605416217996405,1.3356540352588111e-06,8.127604030760802e-06,0.002009949248781468,40
Cha-F-600213,209,106,103,1619,106,103,0.0002426463592601336,1.4256008336352005e-06,7.711911023169285e-05,0.010501984824883171,109
Cha-F-600214,194,117,77,1217,117,77,0.0005671507177280009,1.2240398972297842e-06,1.9368167443640145e-05,0.009748253856590122,148
Cha-F-600215,388,230,158,2240,230,158,0.010484399655236253,8.249377204154097e-05,3.1776586911574654e-05,0.019496507713180244,348
Cha-F-600216,86,51,35,512,51,35,0.00015444285619830182,1.3884206608477624e-07,2.2918649628511723e-05,0.004321390884880157,70
Cha-F-600217,501,274,227,3256,274,227,0.005150824085422803,4.970989684297057e-06,2.569590241408718e-05,0.02517461434098789,352
Cha-F-600218,705,109,596,5416,109,596,0.0006084697291539358,3.705717969670348e-06,2.292495232517904e-05,0.035425355509773375,205
Cha-F-600219,776,424,352,3152,424,352,0.00951740247886572,1.59613626640086e-05,4.1364968061179117e-05,0.03899301542636049,352
Cha-F-600220,350,296,54,1290,296,54,0.005958823658067192,2.672986719262417e-05,3.3869623894805505e-05,0.017587055926837847,257
Cha-F-600221,198,107,91,1252,107,91,0.0003820773954346545,6.935089815251209e-07,6.279204613203458e-05,0.009949248781468268,136
Cha-F-600222,77,38,39,431,38,39,0.00033048076574238955,5.816704019645864e-06,1.1599140242814788e-05,0.0038691523039043265,71
Cha-F-600223,143,84,59,678,84,59,0.00031417256473033724,8.809623282105566e-07,1.864001739658325e-05,0.0071855685643937494,96
Cha-F-600224,240,97,143,1355,97,143,0.0010276170547414574,4.386004263337437e-06,2.1247740913559714e-05,0.01205969549268881,147
Cha-F-600225,434,242,192,2963,242,192,0.010631220286898392,7.212104259040382e-05,3.4860382065938635e-05,0.021807949349278932,352
Cha-F-600227,256,97,159,1888,97,159,0.001226173520116115,0.00047162302822915887,1.2120308835796166e-05,0.012863675192201397,241
Cha-F-600228,105,98,7,321,98,7,0.0016716225257899506,1.5251211919899723e-05,1.4637479580121301e-05,0.005276116778051354,102
Cha-F-600230,423,220,203,3651,220,203,0.010411205857526194,8.010487517512291e-05,3.508584428672038e-05,0.021255213305864027,352
Cha-F-600231,253,117,136,1383,117,136,0.00118691523869914,4.41889668663825e-06,2.903698403436679e-05,0.012712928998542787,148
Cha-F-600232,233,38,195,1218,38,195,0.0014581497774695772,1.4225060023851606e-06,2.6330775129319824e-05,0.011707954374152053,193
Cha-F-600233,505,130,375,4138,130,375,0.0032313585197544306,1.1173874129188414e-05,2.249434099470614e-05,0.025375609265866038,352
Cha-F-600235,90,38,52,375,38,52,7.042256682388118e-05,1.2713276086224927e-07,1.5086063042527386e-05,0.004522385809758303,81
Cha-F-600236,94,40,54,557,40,54,0.00035313420179636516,8.633507405303097e-07,1.1797880114695413e-05,0.004723380734636451,81
Cha-F-600237,58,26,32,245,26,32,7.229339611328584e-05,3.062594669414472e-08,1.333951709480696e-05,0.002914426410733129,53
Cha-F-600238,521,166,355,4036,166,355,0.006542905094231351,0.0001822594094937777,5.612500167958869e-05,0.026179588965378624,205
Cha-F-600239,75,24,51,518,24,51,0.00015182136972357558,1.0186470727045748e-07,8.686304371572482e-06,0.003768654841465253,70
Cha-F-600240,70,42,28,319,42,28,0.0001883216182959771,2.390498003016988e-07,1.4635588136232452e-05,0.0035174111853675696,67
Cha-F-600241,237,76,161,1042,76,161,0.0003262283270002432,2.875609269035545e-07,3.491316801168771e-05,0.0119089492990302,150
Cha-F-600242,187,71,116,924,71,116,0.0002648584111513624,2.6650405500819214e-07,3.2642400993257964e-05,0.009396512738053364,140
Cha-F-600243,389,124,265,1752,124,265,0.000963524580284123,5.9199904834123445e-06,1.9271938878537506e-05,0.01954675644439978,211
Cha-F-600244,460,160,300,3794,160,300,0.003173192729448413,1.8041443494758356e-05,2.843714823317087e-05,0.023114416360986885,352
Cha-F-600245,441,349,92,2158,349,92,0.007827073673806464,9.273187815848673e-05,0.0001881012915510721,0.022159690467815688,247
Cha-F-600246,398,191,207,3269,191,207,0.009367631764159908,2.5580409067561504e-05,2.564597406240959e-05,0.01999899502537561,352
Cha-F-600247,278,79,199,1173,79,199,0.0011907854554731839,4.904269705425017e-06,1.6615477814701307e-05,0.013969147279031204,202
Cha-F-600248,97,84,13,356,84,13,0.0021402530991782597,2.749728976489817e-05,2.7691250132690178e-05,0.004874126928295061,94
Cha-F-600249,333,72,261,2319,72,261,0.0007925233520093566,7.633463334873534e-07,2.0759403790377974e-05,0.016732827496105725,204
Cha-F-600251,353,72,281,1657,72,281,0.0006621694284129644,1.3823589445486575e-05,1.2456241172399987e-05,0.017737802120496457,205
Cha-F-600252,34,4,30,91,4,30,1.535460659608304e-05,4.625992848932838e-09,8.830877461188543e-06,0.001708456861464248,33
Cha-F-600253,593,429,164,4667,429,164,0.00655790694752492,0.00015893845231844072,0.00010277748755886074,0.029797497613185266,318
Cha-F-600254,100,46,54,760,46,54,0.00026683351286034963,9.446088093446888e-07,2.0741157408902858e-05,0.00502487312195367,92
Cha-F-600255,170,125,45,637,125,45,0.00020267580258122227,4.9978442461921094e-08,2.6878600152825883e-05,0.00854228430732124,142
Cha-F-600256,85,39,46,340,39,46,0.0003474564691746934,1.8416535115197072e-07,2.2578095243993563e-05,0.00427114215366062,76
Cha-F-600257,32,3,29,65,3,29,4.7543345484972975e-05,1.651235022855209e-08,8.107604959184083e-06,0.0016079593990251746,32
Cha-F-600258,112,53,59,431,53,59,0.00017024643408466075,1.661428350343828e-07,1.8899514097169467e-05,0.005627857896588111,84
Cha-F-600259,66,37,29,269,37,29,0.00012893026480727287,6.89705467723947e-08,1.1691870985382178e-05,0.0033164162604894225,59
Cha-F-600260,332,286,46,1368,286,46,0.0005940164857996767,4.512701462920606e-07,8.426488680358883e-05,0.016682578764886186,148
Cha-F-600262,192,102,90,1250,102,90,0.00046190514058934684,9.738439186182787e-07,0.00011382381665429078,0.009647756394151047,138
Cha-F-600263,72,18,54,564,18,54,0.00010639751773528764,1.002653485946805e-07,1.2052952094877912e-05,0.003617908647806643,67
Cha-F-600265,156,40,116,868,40,116,0.00011693186790120977,1.3963646273487231e-07,1.683119945364622e-05,0.007838802070247727,114
Cha-F-600266,116,44,72,523,44,72,0.00012013391730825546,3.390918579208369e-07,2.790580456015483e-05,0.005828852821466258,92
Cha-F-600267,306,266,40,1355,266,40,0.00038610472939254264,2.2155735170925293e-07,7.669575334031223e-05,0.015376111753178233,148
Cha-F-600268,165,97,68,895,97,68,0.0005740946577356588,7.620097491711343e-06,1.7730413720460707e-05,0.008291040651223557,127
Cha-F-600269,295,27,268,1652,27,268,0.0003019805061990817,4.751896041550334e-07,8.964013021807315e-06,0.014823375709763328,195
Cha-F-600270,186,73,113,1538,73,113,0.00016189968216187906,5.644395327421507e-07,0.00011911214176973515,0.009346264006833827,99
Cha-F-600271,77,62,15,291,62,15,0.0002930413722754974,1.6861437973971197e-07,2.1602356584665726e-05,0.0038691523039043265,76
Cha-F-700000,144,88,56,437,88,56,0.000877197942850603,1.6064597464287315e-06,1.1807415470806504e-05,0.007235817295613286,136
Cha-F-700001,48,37,11,196,37,11,0.00010235643397788207,1.8260473623273862e-07,1.412013593655403e-05,0.002411939098537762,47
Cha-F-700003,115,38,77,327,38,77,0.0003367897742531263,7.514131376395916e-07,8.967756440153448e-06,0.005778604090246721,113
Cha-F-700004,121,14,107,300,14,107,7.239539964528082e-05,7.36509154760611e-08,7.83914619235484e-06,0.006080096477563942,99
Cha-F-700005,287,27,260,924,27,260,0.0001046843521601937,2.2630537486400203e-07,8.352337729639645e-06,0.014421385860007034,140
Cha-F-700007,19,9,10,49,9,10,6.948425506609626e-05,1.2379534384349392e-08,8.42946460462385e-06,0.0009547258931711974,18
Cha-F-700008,203,75,128,493,75,128,0.0016622605917347173,4.631499207413583e-06,1.1290958152353339e-05,0.01020049243756595,143
Cha-F-700009,28,14,14,89,14,14,2.8445902064557243e-05,1.6387735881843373e-08,1.0234602396945522e-05,0.0014069644741470278,28
Cha-F-700011,308,139,169,1279,139,169,0.0005307633259932543,5.864687781211809e-07,4.400334959185068e-05,0.015476609215617306,150
Cha-F-700013,189,146,43,671,146,43,0.0029429311101308955,6.141268839649767e-06,1.6231988509347376e-05,0.009497010200492437,140
Cha-F-700014,178,86,92,888,86,92,0.0002878185811131451,3.4949273324629145e-07,3.855353837096167e-05,0.008944274157077534,107
Cha-F-700016,312,268,44,1157,268,44,0.003388088073336412,0.00016995872397964303,6.671544712145972e-05,0.015677604140495453,225
Cha-F-700017,430,205,225,2089,205,225,0.003874105160344596,5.515506126502612e-06,2.724226492884325e-05,0.021606954424400783,209
Cha-F-700019,128,94,34,310,94,34,0.0010864407234188384,1.3901369366279049e-06,1.185428589577599e-05,0.0064318375961006985,123
Cha-F-700020,108,104,4,438,104,4,0.0004321384330335306,4.4035202706796295e-07,4.5258688850097134e-05,0.005426862971709964,79
Cha-F-700023,99,32,67,480,32,67,0.00044780014473423457,1.191593428318881e-06,1.0254334777153804e-05,0.004974624390734134,75
Cha-F-700024,13,10,3,33,10,3,4.6120027302074215e-05,1.7158659739074271e-06,7.775221945966633e-06,0.0006532335058539772,13
Cha-F-700025,201,18,183,755,18,183,0.00012935319799895086,3.0830149533046006e-07,8.456748632886892e-06,0.010099994975126878,192
Cha-F-700027,306,90,216,1803,90,216,0.008056651107279026,1.4985600889684422e-05,2.1484942574323995e-05,0.015376111753178233,291
Cha-F-700028,82,56,26,371,56,26,0.00011419667582694225,2.153037343105226e-07,1.875301739547326e-05,0.00412039596000201,76
Cha-F-700029,117,94,23,322,94,23,0.0002213216939447854,1.6872511723582424e-07,1.9663586578187777e-05,0.005879101552685795,110
Cha-F-700030,58,48,10,163,48,10,0.00015673182266606454,5.319825640951858e-08,1.9390746861818957e-05,0.002914426410733129,56
Cha-F-700031,87,47,40,276,47,40,0.00025450778115301733,3.0462729115493314e-07,1.472103696519292e-05,0.004371639616099694,81
Cha-F-700033,246,214,32,1863,214,32,0.0008552163806469293,2.2210991078611856e-06,0.00010887082664164365,0.012361187880006029,121
Cha-F-700035,273,216,57,1785,216,57,0.003554646542498041,2.597758285523253e-05,6.498921680523458e-05,0.01371790362293352,209
Cha-F-700036,203,18,185,708,18,185,0.00016782999439012068,2.6491279462418274e-07,9.72271538938993e-06,0.01020049243756595,180
Cha-F-700039,133,82,51,526,82,51,0.0004476511336071307,9.095421025302535e-07,3.1578869762999065e-05,0.006683081252198382,105
Cha-F-700041,47,24,23,123,24,23,0.0001498291749103203,6.200874587358039e-08,9.788960007181147e-06,0.0023616903673182254,45
Cha-F-700042,219,54,165,689,54,165,0.0002237051952219554,1.3778562195777334e-07,1.9382742078402987e-05,0.011004472137078539,150
Cha-F-700043,57,28,29,107,28,29,0.00011106865791351817,9.398133078477026e-08,8.244462713916034e-06,0.0028641776795135924,57
Cha-F-700044,53,38,15,203,38,15,0.00020036693470086006,2.1391272445076764e-07,1.611927868511068e-05,0.0026631827546354453,52
Cha-F-700045,79,49,30,319,49,30,0.00013668337238553156,2.5147728693901916e-07,1.9352561129296542e-05,0.0039696497663434,73
Cha-F-700046,293,262,31,1166,262,31,0.0004541574809852248,2.71541375446407e-07,8.794979370637804e-05,0.014722878247324255,150
Cha-F-700048,214,165,49,1268,165,49,0.001678972686080217,2.1820225677024233e-05,3.093588838966418e-05,0.010753228480980856,188
Cha-F-700049,131,84,47,643,84,47,0.0003075564804527415,6.612259278051068e-07,3.276205828404024e-05,0.006582583789759309,99
Cha-F-700050,107,77,30,313,77,30,0.00024241338748589268,9.963807891550567e-08,2.2791826214441893e-05,0.005376614240490428,83
Cha-F-700051,96,77,19,311,77,19,0.00032815130428404604,1.887863653048369e-07,2.4969344342780433e-05,0.004823878197075524,79
Cha-F-700052,961,691,270,6505,691,270,0.008963417723392349,7.965482653469554e-05,0.000162917445473812,0.048289030701974774,314
Cha-F-700053,156,37,119,417,37,119,0.0005941156297036782,1.304133135520728e-07,9.223893927498908e-06,0.007838802070247727,133
Cha-F-700054,121,55,66,461,55,66,0.00023962382864225627,2.3529767633210694e-07,2.1809678298535863e-05,0.006080096477563942,98
Cha-F-700055,31,24,7,163,24,7,0.00010258610952968111,3.202809583105808e-08,2.6423928584126144e-05,0.001557710667805638,31
Cha-F-700057,134,107,27,611,107,27,0.00047449008462176336,4.952943134255602e-07,4.855129016078017e-05,0.006733329983417919,103
Cha-F-700059,274,251,23,999,251,23,0.0007194085599708476,6.976863337582041e-07,5.5095943948510435e-05,0.013768152354153058,150
Cha-F-700060,77,38,39,220,38,39,0.00019309304878801318,1.8372670606208705e-07,1.2145771071007943e-05,0.0038691523039043265,75
Cha-F-700061,63,54,9,146,54,9,0.00017059363239025626,6.58999289956474e-08,1.9975457504017825e-05,0.0031656700668308124,60
Cha-F-700062,232,224,8,705,224,8,0.004177613222963834,2.027226062470121e-05,3.657597184252008e-05,0.011657705642932515,144
Cha-F-700063,87,69,18,293,69,18,0.00037521520733408467,2.1650170661364076e-07,2.7111743225008073e-05,0.004371639616099694,72
Cha-F-700065,55,10,45,235,10,45,5.223367740398922e-05,7.32547287086746e-08,1.024366973571298e-05,0.002763680217074519,54
Cha-F-700066,155,20,135,433,20,135,0.00011050065836385702,8.47699926334209e-07,8.380554909573538e-06,0.007788553339028189,123
Cha-F-700067,67,31,36,204,31,36,6.093622426637791e-05,4.8316913973185346e-08,1.8972739980707742e-05,0.0033666649917089594,64
Cha-F-700068,31,18,13,64,18,13,0.00010878069895551736,3.378123444808486e-08,1.0187725353653605e-05,0.001557710667805638,30
Cha-F-700069,255,106,149,871,106,149,0.00028163202882474845,2.574087141630368e-07,2.2015568506132922e-05,0.01281342646098186,150
Cha-F-700070,449,140,309,3102,140,309,0.0012309321774417498,1.9441817169289103e-05,5.492138477280467e-05,0.02256168031757198,206
Cha-F-700071,202,36,166,508,36,166,0.00026646500138440807,2.6732771333100207e-06,8.806703288189472e-06,0.010150243706346415,137
Cha-F-700073,648,78,570,3778,78,570,0.0010699641301986803,3.6282929710484876e-06,2.2386035100015246e-05,0.03256117783025979,352
Cha-F-700074,92,46,46,402,46,46,0.0004906866873409673,2.0117979613513345e-06,1.595572346586844e-05,0.004622883272197377,81
Cha-F-700075,468,406,62,2925,406,62,0.009263355971823184,1.0822799108413886e-05,0.0002359085147431656,0.02351640621074318,331
Cha-F-700076,367,323,44,2484,323,44,0.003822612945394417,2.475876362611016e-05,4.7417248097232635e-05,0.018441284357569972,231
Cha-F-700079,152,74,78,492,74,78,0.0004614709626136428,6.731303724341367e-06,1.0914861695610161e-05,0.007637807145369579,108
Cha-F-700080,288,248,40,1003,248,40,0.0005096657712821102,4.059779548885268e-07,4.624368881730514e-05,0.014471634591226572,148
Cha-F-700082,215,161,54,1020,161,54,0.004100383603451173,1.054071891623069e-05,4.095259488540787e-05,0.010803477212200392,201
Cha-F-700083,668,103,565,2682,103,565,0.001321732555524817,2.9515797299505496e-06,1.0952744862313667e-05,0.03356615245465052,352
Cha-F-700084,193,58,135,632,58,135,0.00014782888429939645,8.48051664822342e-08,2.328291651825803e-05,0.009698005125370585,140
Cha-F-700085,191,24,167,472,24,167,7.769351492331195e-05,9.411996346797998e-08,8.165070126900074e-06,0.009597507662931512,130
Cha-F-700086,348,170,178,2272,170,178,0.009124683992152442,0.0001461641461127028,2.71475856823514e-05,0.017486558464398776,313
Cha-F-700087,476,137,339,2743,137,339,0.002356960786781608,8.138618080625127e-06,3.212478424150007e-05,0.02391839606049947,302
Cha-F-700088,97,13,84,448,13,84,6.0808434344536416e-05,6.126045457831471e-08,8.269485724750526e-06,0.004874126928295061,97
Cha-F-700089,916,155,761,5179,155,761,0.002453410642233494,2.038368062496215e-05,1.6234337805212307e-05,0.04602783779709562,352
Cha-F-700090,582,208,374,2953,208,374,0.002785579198024055,6.382251834709341e-06,7.347162919948753e-05,0.029244761569770364,295
Cha-F-700091,103,51,52,528,51,52,0.0005148657393542801,1.5917819479500178e-06,1.2694750232731422e-05,0.0051756193156122805,92
Cha-F-700092,145,82,63,613,82,63,0.00023452454409187665,1.2459872464778136e-07,3.166572999120847e-05,0.007286066026832822,120
Cha-F-700093,419,299,120,2582,299,120,0.004234855782757807,4.216648146330372e-05,0.00016334591133426984,0.02105421838098588,226
Cha-F-700094,739,14,725,3194,14,725,0.0005267675812364574,2.5999073815526503e-06,8.429043038972497e-06,0.037133812371237626,352
Cha-F-700095,80,49,31,273,49,31,0.00046406864165615366,6.897180219595851e-06,9.198205768870602e-06,0.004019898497562936,80
Cha-F-700096,71,37,34,179,37,34,0.00010670021234990774,1.2266134008676196e-07,8.743557932328922e-06,0.003567659916587106,71
Cha-F-700097,202,198,4,1651,198,4,0.0007641393987905435,1.873671529327833e-05,0.00010695337547491768,0.010150243706346415,111
Cha-F-700098,64,47,17,180,47,17,0.00016364099109490715,1.7346687844434854e-07,1.5304962574910304e-05,0.0032159187980503492,61
Cha-F-700099,263,200,63,928,200,63,0.0017521465340282854,4.1706895613780235e-06,5.242068437945557e-05,0.013215416310738155,188
Cha-F-700101,531,154,377,2340,154,377,0.0021058088598834112,1.9160688066722986e-05,2.129378295356097e-05,0.02668207627757399,208
Cha-F-700102,395,135,260,1685,135,260,0.0015751071426720732,8.512432900743545e-06,3.206046319234315e-05,0.019848248831717,211
Cha-F-700103,176,80,96,782,80,96,0.00029313241711902404,1.8612276854909634e-07,4.746238978299895e-05,0.00884377669463846,133
Cha-F-700104,88,52,36,381,52,36,0.00014544359825192533,9.364894866216568e-08,2.948507221523987e-05,0.00442188834731923,67
Cha-F-700105,358,164,194,1438,164,194,0.0024149875734317105,8.172668673607127e-06,2.354743772589779e-05,0.017989045776594142,232
Cha-F-700106,483,237,246,3213,237,246,0.009870297809665429,0.0002554743829631933,5.022926146305682e-05,0.02427013717903623,352
Cha-F-700107,132,64,68,564,64,68,0.00031225549764688117,5.095000878018644e-07,2.2750982563952433e-05,0.006632832520978845,102
Cha-F-700109,378,204,174,2181,204,174,0.004234537118574344,0.00012737014421215805,2.702383053309082e-05,0.018994020400984874,262
Cha-F-700110,385,93,292,2542,93,292,0.0008652076795830309,6.88783590353224e-06,1.7668369241759284e-05,0.019345761519521634,205
Cha-F-700112,408,215,193,1667,215,193,0.0010275122350131658,5.362445329394619e-06,2.335684294111495e-05,0.020501482337570976,202
Cha-F-700113,133,68,65,386,68,65,0.0009709710305839625,9.102900616497802e-06,1.0039677541071902e-05,0.006683081252198382,130
Cha-F-700115,653,326,327,4659,326,327,0.004501146485395511,0.00012092333707686351,7.043381118973541e-05,0.03281242148635747,321
Cha-F-700117,68,51,17,363,51,17,0.0004649548019685323,8.711977900421028e-07,1.2827422765861821e-05,0.003416913722928496,67
Cha-F-700119,239,87,152,1095,87,152,0.0002738651442265697,2.8232939003332474e-07,4.109568120725083e-05,0.012009446761469273,148
Cha-F-700121,282,123,159,1288,123,159,0.0013078399082900962,1.4472421221212036e-05,2.690758302161483e-05,0.014170142203909351,150
Cha-F-700123,85,49,36,329,49,36,0.00021172697636630397,3.507940095076534e-07,1.929465144385737e-05,0.00427114215366062,81
Cha-F-700125,861,776,85,5300,776,85,0.013297567133061709,0.004905413152237789,0.00012982403461934904,0.043264157580021105,348
Cha-F-700126,425,156,269,2871,156,269,0.003309258497346141,1.2302732055552196e-05,2.0187966686747565e-05,0.0213557107683031,352
Cha-F-700127,118,63,55,966,63,55,0.00013158117347563067,1.7435945514158895e-06,3.2346890320230014e-05,0.0059293502839053314,94
Cha-F-700128,94,68,26,318,68,26,0.0002242952441605357,3.7728691388992133e-07,2.0962852079729217e-05,0.004723380734636451,90
Cha-F-700129,396,250,146,2061,250,146,0.004079355497953369,1.3460964438631033e-05,5.112805966369118e-05,0.019898497562936535,195
Cha-F-700130,523,247,276,3179,247,276,0.0039825270473616324,3.1404039413705236e-05,2.1994385753163065e-05,0.0262800864278177,352
Cha-F-700131,218,95,123,825,95,123,0.0007921828419891755,1.4498655990492913e-06,4.6715964145472365e-05,0.010954223405859002,166
Cha-F-700132,92,69,23,432,69,23,0.00014649287960014437,1.4047019164635405e-07,2.1923665134482282e-05,0.004622883272197377,78
Cha-F-700133,397,57,340,2084,57,340,0.0002228267214449874,1.8184881650509562e-07,2.096592858334285e-05,0.01994874629415607,179
Cha-F-700135,637,121,516,3039,121,516,0.0017964033873861518,7.292376003145033e-06,1.3981330667875584e-05,0.03200844178684488,352
Cha-F-700136,230,227,3,740,227,3,0.0030229694724936943,6.764375046522446e-05,4.3548711136123896e-05,0.011557208180493442,142
Cha-F-700137,124,78,46,701,78,46,0.00014324587827861516,1.8707119500279485e-07,3.256187869202046e-05,0.006230842671222552,108
Cha-F-700138,501,193,308,3618,193,308,0.005139582564025977,1.6530620545611464e-05,2.5665602856669078e-05,0.02517461434098789,352
Cha-F-700139,468,264,204,1903,264,204,0.002184878996925666,6.419784459501259e-06,0.00011226985716970252,0.02351640621074318,207
Cha-F-700140,279,3,276,758,3,276,7.673059531239492e-07,5.1987429591586554e-11,7.577409447016494e-06,0.014019396010250741,167
Cha-F-700142,140,62,78,638,62,78,0.0005090688441764362,1.1741243928792296e-06,1.557890543276758e-05,0.007034822370735139,112
Cha-F-700144,384,189,195,2100,189,195,0.011830601213116581,2.0856396448403428e-05,3.418641720934149e-05,0.019295512788302095,350
Cha-F-700145,365,205,160,2800,205,160,0.002991968641792497,7.288958327885107e-05,7.753093329942736e-05,0.018340786895130898,231
Cha-F-700146,363,188,175,3127,188,175,0.011460294992500857,2.096679844549059e-05,3.656553108326983e-05,0.018240289432691823,323
Cha-F-700147,395,173,222,3071,173,222,0.0031154834070220364,7.548784388922117e-06,3.4186125772886105e-05,0.019848248831717,186
Cha-F-700148,250,130,120,1265,130,120,0.0006336678351830044,2.61187725904949e-06,2.7197702317491484e-05,0.012562182804884177,179
Cha-F-700149,81,46,35,519,46,35,0.00041794535135801633,1.2325304662550842e-06,1.197480773226469e-05,0.0040701472287824735,79
Cha-F-700150,547,227,320,4460,227,320,0.008677054825278484,3.37746011072028e-05,3.195732283287953e-05,0.027486055977086577,352
Cha-F-700151,116,95,21,1059,95,21,0.0007087587295117784,1.6615353517179842e-06,0.0001251185323001031,0.005828852821466258,96
Cha-F-700152,45,28,17,105,28,17,0.000124834056003888,1.6778510086510917e-07,8.171382574672222e-06,0.0022611929048791516,45
Cha-F-700153,131,53,78,784,53,78,0.00018884001025580132,7.92465300798967e-07,4.2529840752595486e-05,0.006582583789759309,84
Cha-F-700154,84,29,55,440,29,55,4.327879013630453e-05,4.3105144471661496e-08,1.9001963188570484e-05,0.004220893422441084,66
Cha-F-700155,106,70,36,453,70,36,0.0005987906641734362,6.626014696344116e-07,5.066653973082043e-05,0.005326365509270891,93
Cha-F-700156,80,29,51,509,29,51,0.00014698540697344846,3.013855783423995e-08,8.799054653272078e-06,0.004019898497562936,78
Cha-F-700157,37,7,30,201,7,30,5.0327758236627674e-05,1.7262069970146678e-07,1.0477294138306912e-05,0.0018592030551228581,37
Cha-F-700158,60,31,29,249,31,29,0.00010575964894538854,5.6731606017948815e-08,2.8451637416938865e-05,0.0030149238731722026,59
Cha-F-700159,86,48,38,315,48,38,0.00038524281607105475,1.510591895325776e-06,1.4143472497367014e-05,0.004321390884880157,80
Cha-F-700160,79,40,39,491,40,39,0.00034519626930843697,1.0662829511072032e-06,1.401240414031614e-05,0.0039696497663434,74
Cha-F-700161,147,56,91,507,56,91,0.0005876310025432813,5.122123276053502e-06,1.0230157152540459e-05,0.007386563489271896,141
Cha-F-700162,239,191,48,909,191,48,0.000517039782034565,4.4036637051619753e-07,4.651509699582484e-05,0.012009446761469273,148
Cha-F-700163,329,51,278,1321,51,278,0.0006206750812926328,3.1035006087666115e-06,1.7219959806037365e-05,0.016531832571227575,256
Cha-F-700164,431,178,253,2292,178,253,0.0011965312713748302,5.055036898613612e-06,2.968880384353487e-05,0.021657203155620322,186
Cha-F-700166,19,16,3,67,16,3,1.8895639477600912e-05,2.299914185932156e-08,1.1219361408649285e-05,0.0009547258931711974,19
Cha-F-700167,110,31,79,783,31,79,0.0002578364967056041,6.436167677018845e-07,1.1618657764753825e-05,0.005527360434149038,92
Cha-F-700169,919,14,905,10364,14,905,8.989217418544454e-05,2.7607308404860827e-06,8.498687734153342e-06,0.04617858399075423,212
Cha-F-700170,332,90,242,1598,90,242,0.000676204156093094,1.5241758023651858e-06,1.2539074654942182e-05,0.016682578764886186,211
Cha-F-700171,111,92,19,312,92,19,0.0016386971816525224,1.7709868576275997e-06,1.386058547819041e-05,0.005577609165368575,111
Cha-F-700172,64,27,37,194,27,37,0.00034356843480876656,7.668461017189381e-06,8.969911411520062e-06,0.0032159187980503492,64
Cha-F-700173,35,11,24,177,11,24,0.00017033001375114904,3.3495690049522504e-06,9.05918802085743e-06,0.0017587055926837848,35
Cha-F-700174,293,214,79,1272,214,79,0.0035479209309058485,1.4825591974967543e-05,6.197619614207718e-05,0.014722878247324255,218
Cha-F-700175,59,33,26,243,33,26,0.00011365751398317052,8.240556955212355e-08,1.3055887801419182e-05,0.0029646751419526657,55
Cha-F-700176,10,2,8,43,2,8,6.580467775579636e-07,5.883141364120815e-11,9.486867886510104e-06,0.000502487312195367,10
Cha-F-700177,366,154,212,2875,154,212,0.0010575015854558452,2.6927469425612227e-06,2.9425461811221775e-05,0.018391035626350433,231
Cha-F-700178,82,50,32,322,50,32,0.00018813707068955244,1.625607671381431e-07,1.897279074853026e-05,0.00412039596000201,77
Cha-F-700179,29,5,24,113,5,24,7.4934418140354614e-06,6.00130697931341e-10,8.89967533180028e-06,0.0014572132053665644,29
Cha-F-700181,110,67,43,720,67,43,0.00010566009235383176,6.262658178228927e-07,2.8878327055623808e-05,0.005527360434149038,82
Cha-F-700182,92,69,23,480,69,23,0.00022774696685131073,3.457333422529311e-07,2.4616108826085607e-05,0.004622883272197377,82
Cha-F-700183,58,33,25,220,33,25,0.0001073730687069188,1.3722617968796064e-07,1.2492432063216634e-05,0.002914426410733129,58
Cha-F-700184,240,142,98,1601,142,98,0.00042177624259744415,8.69656423261658e-07,7.562592245029167e-05,0.01205969549268881,135
Cha-F-700185,297,171,126,1687,171,126,0.0016822376277837584,2.511117740357517e-05,2.6929464206013207e-05,0.014923873172202402,211
Cha-F-700186,280,124,156,1260,124,156,0.0035201662795323217,4.131884149093491e-05,2.622245197048719e-05,0.014069644741470278,198
Cha-F-700187,50,39,11,203,39,11,0.0001516667503319481,7.292757884759348e-08,2.4244391512452433e-05,0.002512436560976835,48
Cha-F-700188,125,80,45,583,80,45,0.0002910082718371299,5.236788859257454e-07,2.917333365131419e-05,0.006281091402442088,98
Cha-F-700189,133,108,25,378,108,25,0.0019160880534725084,1.9773124206840853e-05,1.5278793448263284e-05,0.006683081252198382,126
Cha-F-700190,194,53,141,1497,53,141,0.00047653971817705103,8.148703150112591e-07,1.613028091737214e-05,0.009748253856590122,124
Cha-F-700191,251,179,72,1823,179,72,0.0008874839103209755,5.126490349406612e-06,2.4986479005871166e-05,0.012612431536103714,198
Cha-F-700192,220,30,190,1442,30,190,8.058886812167122e-05,6.616474035029443e-08,1.4022362333501102e-05,0.011054720868298076,120
Cha-F-700193,189,179,10,601,179,10,0.0020680135671124577,4.926651445356331e-05,2.3911331940163394e-05,0.009497010200492437,142
Cha-F-700194,142,59,83,1083,59,83,8.373896837668727e-05,7.011062682659481e-08,8.554617907741645e-05,0.007135319833174212,89
Cha-F-700196,35,18,17,114,18,17,6.681429155615017e-05,3.826476744910674e-08,1.3951665363195806e-05,0.0017587055926837848,35
Cha-F-700197,51,23,28,206,23,28,0.00011283769628700581,5.509241943418558e-08,1.1915437214096741e-05,0.002562685292196372,50
Cha-F-700198,787,225,562,5587,225,562,0.012081795151825864,3.961960592009996e-05,4.258550279381392e-05,0.03954575146977539,352
Cha-F-700199,254,70,184,1193,70,184,0.00035206268760156324,6.413298264357654e-07,3.3877281405605335e-05,0.012763177729762324,150
Cha-F-700200,206,199,7,599,199,7,0.0011194798333122166,6.789794872162932e-06,3.9550030398307514e-05,0.010351238631224561,130
Cha-F-700201,833,253,580,5615,253,580,0.003317881652832456,1.3591008591825597e-05,0.00010039760712259874,0.041857193105874074,257
Cha-F-700202,683,256,427,4574,256,427,0.004943684460343347,1.6933338224512988e-05,2.6504401258140158e-05,0.03431988342294357,352
Cha-F-700203,310,65,245,1213,65,245,0.0009762860699712851,1.4033317388233932e-06,1.790842549600695e-05,0.015577106678056379,199
Cha-F-700204,401,116,285,2750,116,285,0.0004607129391955817,2.8194133516018096e-06,2.6543632682120313e-05,0.02014974121903422,182
Cha-F-700206,90,41,49,418,41,49,0.00019417723988156166,9.661168560835297e-08,2.2817226590726253e-05,0.004522385809758303,83
Cha-F-700207,269,51,218,1577,51,218,0.0010700782943399685,7.870961888736448e-07,1.0241601816855538e-05,0.013516908698055373,153
Cha-F-700209,96,92,4,265,92,4,0.00021869544309488842,7.306008594612229e-08,3.6254665231748887e-05,0.004823878197075524,80
Cha-F-700210,824,467,357,10655,467,357,0.010373214138443798,0.0001249618772463257,0.00026826681482193136,0.041404954524898244,331
Cha-F-700211,265,37,228,1629,37,228,0.0011786852112876894,9.725213563727925e-07,3.071352486917265e-05,0.013315913773177228,210
Cha-F-700212,108,49,59,309,49,59,0.00015792290853483264,2.163443658575707e-07,8.917744717335325e-06,0.005426862971709964,106
Cha-F-700213,76,62,14,385,62,14,0.00021468885480984632,2.95529720637241e-07,2.5665028800416773e-05,0.0038189035726847896,68
Cha-F-700214,70,42,28,382,42,28,0.00013889957800980666,1.6822932552411143e-07,1.606592284514956e-05,0.0035174111853675696,64
Cha-F-700215,461,250,211,3586,250,211,0.011080747257843521,2.4878883959849855e-05,4.312672019364417e-05,0.02316466509220642,348
Cha-F-700216,141,104,37,615,104,37,0.0010210386682075808,5.299992139405463e-06,3.351665184219318e-05,0.007085071101954676,114
Cha-F-700217,1228,812,416,10339,812,416,0.02067624691632498,3.787009224104233e-05,0.00012099765659382602,0.061705441937591074,352
Cha-F-700218,501,138,363,3023,138,363,0.0019363441813633165,8.714098434654985e-06,2.7579158377812555e-05,0.02517461434098789,227
Cha-F-700219,330,88,242,1801,88,242,0.0007822124921524321,5.4590418428264286e-06,1.8934155870278255e-05,0.016582081302447114,211
Cha-F-700220,338,118,220,1697,118,220,0.000507905444480018,1.1045469145226612e-06,2.0395952333842774e-05,0.016984071152203406,201
Cha-F-700221,261,133,128,1505,133,128,0.000727288719943648,3.430225513311079e-06,2.77960218635651e-05,0.01311491884829908,181
Cha-F-700222,161,47,114,768,47,114,0.0001130846415415097,6.751527126306573e-08,2.3891114574471806e-05,0.00809004572634541,108
Cha-F-700224,96,52,44,522,52,44,0.00016888294046669465,1.8340980115306237e-07,2.4097134552321823e-05,0.004823878197075524,86
Cha-F-700225,95,29,66,784,29,66,0.0009432557060952926,3.424173748609966e-05,1.4108433450545148e-05,0.004773629465855987,89
Cha-F-700226,384,183,201,3041,183,201,0.00920119968857748,7.487872788616283e-05,3.156387718804474e-05,0.019295512788302095,331
Cha-F-700227,403,146,257,3195,146,257,0.007359966639829612,1.130414061559887e-05,2.3738868280011582e-05,0.02025023868147329,352
Cha-F-700228,271,234,37,945,234,37,0.0004586339066674063,2.6453899258980366e-07,5.098179050962018e-05,0.013617406160494448,148
Cha-F-700229,134,56,78,583,56,78,0.000821201398050218,2.5895690808802297e-06,1.2567821561139747e-05,0.006733329983417919,131
Cha-F-700230,414,184,230,1968,184,230,0.002417649994295484,1.0558956071281715e-05,3.204722033614976e-05,0.020802974724888196,214
Cha-F-700231,128,24,104,558,24,104,7.376708268332204e-05,6.3501214484924e-08,1.5245724648219076e-05,0.0064318375961006985,97
Cha-F-700232,161,104,57,932,104,57,0.00030120807355465376,5.204414611605725e-07,5.5624680836456746e-05,0.00809004572634541,120
Cha-F-700233,132,37,95,882,37,95,0.0002938935964411065,1.0125494490438172e-06,1.1417416466849418e-05,0.006632832520978845,98
Cha-F-700235,434,103,331,1864,103,331,0.002539396426004986,5.9761233115493013e-05,5.3671057506772546e-05,0.021807949349278932,265
Cha-F-700236,751,314,437,6024,314,437,0.003108344061270601,8.072091493928524e-05,4.990010200927e-05,0.03773679714587207,214
Cha-F-700237,256,173,83,1450,173,83,0.0003359802081492591,4.319724624558706e-07,8.74015085137701e-05,0.012863675192201397,145
Cha-F-700238,368,191,177,2956,191,177,0.012326178221921466,2.940685287518268e-05,3.664115637321359e-05,0.018491533088789508,335
Cha-F-700239,475,110,365,2285,110,365,0.0011099451512063087,6.135455560456857e-06,2.9872757496308217e-05,0.023868147329279936,248
Cha-F-700240,403,183,220,3284,183,220,0.01110884862106752,2.1112688187516546e-05,3.5206608408919885e-05,0.02025023868147329,350
Cha-F-700241,342,251,91,2296,251,91,0.0034520076938109184,2.9882229460160684e-05,9.566342229980015e-05,0.017185066077081555,201
Cha-F-700242,155,16,139,525,16,139,0.00010904114643222,1.450115744483719e-07,8.418013556699535e-06,0.007788553339028189,151
Cha-F-700243,228,79,149,974,79,149,0.000314402284166279,3.71107446957429e-07,4.3447242914353555e-05,0.01145671071805437,148
Cha-F-700244,247,182,65,1112,182,65,0.0008530513818812295,2.3672526102374276e-06,6.018076317663806e-05,0.012411436611225566,150
Cha-F-700246,130,74,56,1296,74,56,0.00011407977504429601,2.5676098743457683e-07,8.082413944341532e-05,0.006532335058539772,70
Cha-F-700247,93,52,41,442,52,41,0.00043933922807710317,9.214485353597448e-07,1.273256376259805e-05,0.0046731320034169134,79
Cha-F-700248,136,62,74,784,62,74,0.0005117194006690223,2.3801942871713224e-06,1.5004912174690454e-05,0.006833827445856992,109
Cha-F-700249,93,62,31,392,62,31,0.00020380603417679015,1.344366176953425e-07,1.701839829792928e-05,0.0046731320034169134,80
Cha-F-700250,190,160,30,560,160,30,0.0007014102508871478,4.286540516300627e-07,4.353897737074336e-05,0.009547258931711974,150
Cha-F-700251,436,325,111,2155,325,111,0.004751887837279211,2.2661232251468215e-05,7.391952833811156e-05,0.021908446811718003,247
Cha-F-700252,231,191,40,653,191,40,0.0021269350691417166,3.492854279536369e-05,2.5982707495325064e-05,0.01160745691171298,161
Cha-F-700253,21,1,20,189,1,20,3.881695220279616e-07,2.907416170657691e-12,7.75819298632062e-06,0.001055223355610271,19
Cha-F-700254,139,82,57,403,82,57,0.00157892143072726,3.810039826660658e-06,1.1997055412939994e-05,0.006984573639515602,131
Cha-F-700255,245,32,213,1080,32,213,0.00011322830389599957,1.3787009653820667e-07,8.229589073581384e-06,0.012310939148786493,200
Cha-F-700256,67,54,13,201,54,13,0.00021446079810957057,4.4888963769836744e-07,9.031327059154682e-06,0.0033666649917089594,67
Cha-F-700257,192,65,127,1043,65,127,0.0006111664504178102,2.005031200027103e-06,2.5694695858673948e-05,0.009647756394151047,128
Cha-F-700258,268,104,164,1788,104,164,0.0017698032661459283,1.7704753602510224e-05,1.937356116874145e-05,0.013466659966835838,211
Cha-F-700259,68,50,18,240,50,18,0.000190903551409085,1.4766253183926638e-07,2.5417041949739212e-05,0.003416913722928496,62
Cha-F-700260,336,35,301,928,35,301,0.0004527034173061251,3.684752029867321e-06,8.649690077040498e-06,0.016883573689764335,163
Cha-F-700261,270,175,95,1361,175,95,0.0007361721666673715,4.0637749340749055e-06,2.9954162041229838e-05,0.01356715742927491,155
Cha-F-700262,251,72,179,1832,72,179,0.0005743632459578711,2.8792515939837757e-05,1.2191932414556236e-05,0.012612431536103714,205
Cha-F-700263,43,6,37,106,6,37,1.1687701751749987e-05,1.864232812417466e-09,1.1041248921755006e-05,0.0021606954424400783,42
Cha-F-700265,153,93,60,611,93,60,0.0009678302193690824,1.607673812470944e-05,3.2140334183985396e-05,0.0076880558765891165,140
Cha-F-700266,290,215,75,1699,215,75,0.003368375425287399,1.5976307351651993e-05,6.31660267019213e-05,0.014572132053665645,207
Cha-F-700267,512,257,255,2999,257,255,0.0012416880874181056,6.214041820936402e-06,6.051076349750245e-05,0.025727350384402794,186
Cha-F-700268,149,27,122,610,27,122,0.00013853759245432024,1.3073263412582868e-07,1.9618961124444135e-05,0.007487060951710969,133
Cha-F-700269,425,256,169,2969,256,169,0.011038049458358774,0.00011080030772106153,3.732147147240897e-05,0.0213557107683031,352
Cha-F-700270,420,140,280,1905,140,280,0.0014451556101560453,7.673009339422332e-06,2.1553917284242617e-05,0.021104467112205417,209
Cha-F-700271,351,51,300,1749,51,300,0.00034214041872162286,1.1351586634538473e-06,1.147509663529839e-05,0.017637304658057382,205
Cha-F-700272,27,1,26,163,1,26,6.441423188072572e-06,1.25488083029459e-09,7.591761193828869e-06,0.001356715742927491,27
Cha-F-700273,123,30,93,643,30,93,0.000422620691816853,3.0675772220753384e-07,1.2393798688766994e-05,0.0061805939400030145,91
Cha-F-700274,263,192,71,1282,192,71,0.00044875057838431845,6.669492135793186e-07,7.004010218479022e-05,0.013215416310738155,143
Cha-F-700275,56,41,15,144,41,15,0.00017905054821872233,5.1239112793632916e-08,1.275060031594461e-05,0.0028139289482940555,51
Cha-F-700276,45,33,12,130,33,12,0.0001488471628302043,6.911245839024195e-08,1.4163837197180359e-05,0.0022611929048791516,44
Cha-F-700277,238,157,81,1256,157,81,0.009004003726401658,4.138198409599696e-05,2.497429519342275e-05,0.011959198030249736,205
Cha-F-700278,3361,2064,1297,27350,2064,1297,0.051571543851955774,0.0001700848215734871,0.00025660810431654566,0.16888598562886287,352
Cha-F-700279,128,84,44,753,84,44,0.000852199495668894,9.150914018185278e-06,2.694260258007102e-05,0.0064318375961006985,109
Cha-F-700280,120,61,59,745,61,59,0.0005409794577712723,4.342257344932936e-06,2.213143371581008e-05,0.006029847746344405,103
Cha-F-700281,38,18,20,132,18,20,4.138353379140887e-05,2.363838474641123e-08,1.377622664881726e-05,0.0019094517863423948,38
Cha-F-700282,250,94,156,999,94,156,0.0003464480092604443,4.78116162831905e-07,3.305642546891268e-05,0.012562182804884177,150
Cha-F-700284,151,55,96,811,55,96,0.0006198280407126688,6.81778452075393e-07,1.9282033832707468e-05,0.007587558414150043,104
Cha-F-700285,204,96,108,723,96,108,0.001254190990757224,1.7679968852053816e-05,1.536705693662896e-05,0.010250741168785488,176
Cha-F-700286,193,80,113,968,80,113,0.0003061043212372378,3.9735284714948077e-07,4.134634167582946e-05,0.009698005125370585,140
Cha-F-700287,75,27,48,284,27,48,8.765300243078596e-05,6.630799264504885e-08,1.1195839693964809e-05,0.003768654841465253,72
Cha-F-700288,191,63,128,769,63,128,0.00026709296624596434,1.8506976304085607e-07,2.546540311694126e-05,0.009597507662931512,145
Cha-F-700289,547,192,355,3283,192,355,0.00575299553854407,2.516938967755423e-05,2.1071599182331984e-05,0.027486055977086577,352
Cha-F-700290,239,200,39,873,200,39,0.0002682501659116003,8.80101455476357e-08,5.2777600323627946e-05,0.012009446761469273,148
Cha-F-700291,49,5,44,269,5,44,8.468077684865596e-06,9.014231616608237e-10,8.44570171147894e-06,0.0024621878297572987,49
Cha-F-700292,243,41,202,716,41,202,9.645771535831805e-05,2.0625881232458932e-08,1.276898683309027e-05,0.01221044168634742,150
Cha-F-700293,163,58,105,591,58,105,0.00019909551116676947,1.7995529368653678e-07,2.168958457833227e-05,0.008190543188784483,134
Cha-F-700294,150,59,91,759,59,91,0.00018951074043737804,3.203920618464687e-07,1.181220475116588e-05,0.007537309682930506,146
Cha-F-700295,151,91,60,942,91,60,0.0002498157980268756,2.56929748081649e-07,3.8097722310238475e-05,0.007587558414150043,118
Cha-F-700296,268,186,82,2441,186,82,0.003910443606828966,2.3998222979909232e-05,3.310973096294739e-05,0.013466659966835838,197
Cha-F-700297,157,101,56,1074,101,56,0.0002963516931193714,2.7391798061886526e-06,5.9097744288935754e-05,0.007889050801467262,90
Cha-F-700298,270,105,165,1510,105,165,0.0004673726714933142,2.24660792201065e-06,2.360434944730717e-05,0.01356715742927491,161
Cha-F-700299,168,34,134,552,34,134,0.0002255194391769159,2.6575070846146573e-06,9.623545253268042e-06,0.008441786844882167,153
Cha-F-700300,143,90,53,1297,90,53,0.00022317985765246565,2.0912904958643295e-06,7.336139089419026e-05,0.0071855685643937494,89
Cha-F-700301,15,14,1,33,14,1,6.393603812508067e-05,6.8142192714530585e-06,8.290022193476307e-06,0.0007537309682930506,15
Cha-F-700302,234,91,143,996,91,143,0.0009917112790397988,1.395748376452059e-06,1.8435680488788184e-05,0.01175820310537159,204
Cha-F-700303,487,244,243,1921,244,243,0.0039240728160597075,1.2094667055630184e-05,5.557701222161356e-05,0.024471132103914377,292
Cha-F-700304,123,85,38,694,85,38,0.0003137568580029131,1.691955774356877e-06,3.2242481948517696e-05,0.0061805939400030145,89
Cha-F-700305,98,92,6,537,92,6,0.00021039966088737066,3.6603304725552564e-07,6.490212638943609e-05,0.004924375659514597,74
Cha-F-700306,181,88,93,955,88,93,0.001313826368450224,3.0201679266686374e-05,1.633047787712083e-05,0.009095020350736144,139
Cha-F-700307,131,35,96,634,35,96,0.00040259066364708925,4.3994911971408985e-07,1.806283310058364e-05,0.006582583789759309,93
Cha-F-700308,20,13,7,75,13,7,4.467228829448039e-05,1.538803313858145e-08,9.007213098555548e-06,0.001004974624390734,20
Cha-F-800000,101,84,17,345,84,17,0.0007520442690801709,2.0487789201762466e-05,1.882806737335639e-05,0.005075121853173208,84
Cha-F-800001,199,144,55,1178,144,55,0.00030443529055250456,3.169959718499009e-07,7.458350635193552e-05,0.009999497512687805,135
Cha-F-800003,390,119,271,2779,119,271,0.0019203022311445439,8.061120607527748e-05,5.395437852552488e-05,0.019597005175619315,296
Cha-F-800004,94,12,82,521,12,82,7.8592530674086e-06,1.8909491869548445e-08,9.426555854518793e-06,0.004723380734636451,69
Cha-F-800005,153,73,80,395,73,80,9.58243074515885e-05,1.4947982468083417e-08,2.1716405239657982e-05,0.0076880558765891165,133
Cha-F-800007,68,31,37,372,31,37,0.00011822859990200708,1.7374207446554138e-07,1.923692298557573e-05,0.003416913722928496,52
Cha-F-800008,200,61,139,532,61,139,0.0008860723823895365,2.327702122501944e-06,1.117672070971831e-05,0.01004974624390734,140
Cha-F-800009,60,48,12,182,48,12,0.00015242245294367853,1.5524626116062284e-07,1.938508929039746e-05,0.0030149238731722026,58
Cha-F-800010,270,265,5,708,265,5,0.005104548977430236,1.4446372503691979e-05,2.985900201161692e-05,0.01356715742927491,168
Cha-F-800011,442,106,336,3174,106,336,0.003151506309556787,4.017982081253996e-05,3.0009696949863517e-05,0.022209939199035224,211
Cha-F-800012,85,53,32,439,53,32,9.731537650048419e-05,4.804888639469381e-08,2.3874668478639704e-05,0.00427114215366062,72
Cha-F-800014,168,105,63,1296,105,63,0.00034039373893137516,1.238525363677403e-06,4.402286871837227e-05,0.008441786844882167,89
Cha-F-800015,372,233,139,2786,233,139,0.006097598977671974,1.891788865217177e-05,2.687845370153307e-05,0.018692528013667654,348
Cha-F-800017,128,48,80,383,48,80,0.0005957639914044526,7.19533709052917e-06,1.0452952091586056e-05,0.0064318375961006985,126
Cha-F-800019,138,105,33,522,105,33,0.00035991357067385855,3.035431994369141e-07,3.9061667206757174e-05,0.0069343249082960655,97
Cha-F-800020,163,8,155,1417,8,155,4.598219606598379e-05,2.8394000017970945e-08,7.706550452005808e-06,0.008190543188784483,116
Cha-F-800021,85,41,44,450,41,44,0.0005324875384504973,5.125820265827581e-07,1.5379146000215403e-05,0.00427114215366062,80
Cha-F-800022,409,229,180,1446,229,180,0.0030488706707061256,1.0646173815620067e-05,4.8647339043670475e-05,0.02055173106879051,277
Cha-F-800023,301,199,102,991,199,102,0.002991514873553165,2.4501626382023196e-05,2.5594782598538846e-05,0.015124868097080548,226
Cha-F-800024,133,18,115,1172,18,115,0.00014126778352827513,2.0143931799225875e-07,8.205564363939845e-06,0.006683081252198382,90
Cha-F-800026,163,89,74,903,89,74,0.001029214435889936,5.911955474957211e-06,1.8992643348939437e-05,0.008190543188784483,109
Cha-F-800027,363,205,158,1982,205,158,0.009848938380534694,1.4149904997521553e-05,3.163904688171757e-05,0.018240289432691823,328
Cha-F-800030,85,34,51,225,34,51,0.000159752365621017,6.990175413058078e-06,8.568276332847714e-06,0.00427114215366062,85
Cha-F-800031,293,156,137,1652,156,137,0.0011555020608498788,7.276260388206297e-06,1.977625639422781e-05,0.014722878247324255,186
Cha-F-800032,461,262,199,3879,262,199,0.01154006285480176,0.0001638055172298846,4.40025801642747e-05,0.02316466509220642,352
Cha-F-800035,241,226,15,835,226,15,0.0026167518994694708,1.2481735534414942e-05,4.0926830429341714e-05,0.012109944223908346,150
Cha-F-800036,35,3,32,136,3,32,1.156833833448731e-06,6.23653344943522e-11,9.827468964477661e-06,0.0017587055926837848,34
Cha-F-800038,141,75,66,832,75,66,0.00013823662848367588,9.129109917333e-07,4.335929797347514e-05,0.007085071101954676,89
Cha-F-800039,750,331,419,5114,331,419,0.008151180034055936,0.0001352307484452649,7.693196039675e-05,0.03768654841465253,241
Cha-F-800040,170,58,112,1356,58,112,0.00017109847420879352,1.9224167486378548e-07,7.47253458917898e-05,0.00854228430732124,102
Cha-F-800041,137,74,63,486,74,63,0.0011907500431156805,5.43900165299873e-06,1.239811498234162e-05,0.006884076177076529,122
Cha-F-800042,82,40,42,572,40,42,0.0003493986833345672,6.631889800173848e-07,1.3161899953647882e-05,0.00412039596000201,70
Cha-F-800043,84,40,44,307,40,44,0.0003475167732061794,2.087832654492875e-06,2.0834076906311696e-05,0.004220893422441084,80
Cha-F-800044,140,96,44,429,96,44,0.001498589175015067,9.713562925562734e-07,1.3121367502178671e-05,0.007034822370735139,126
Cha-F-800045,193,87,106,1193,87,106,0.0009219657779959752,6.957472388602005e-06,1.7013511915907408e-05,0.009698005125370585,175
Cha-F-800046,153,72,81,508,72,81,0.0009116875012324553,9.769591469887969e-06,1.1134808882117527e-05,0.0076880558765891165,145
Cha-F-800047,116,93,23,770,93,23,0.0002562606640971074,1.020532597272843e-06,4.69037419411579e-05,0.005828852821466258,95
Cha-F-800048,769,425,344,5302,425,344,0.005777005085924582,0.00010393538843092086,0.00016815731048844306,0.03864127430782373,296
Cha-F-800049,66,42,24,600,42,24,0.00010268501702105709,1.1759720204106776e-05,0.00010751080844206911,0.0033164162604894225,46
Cha-F-800050,1604,783,821,15198,783,821,0.028009291211527756,6.818341079702148e-05,0.0005072721476944367,0.08059896487613688,352
Cha-F-800051,353,85,268,2104,85,268,0.0034755506090316255,5.195628223603436e-05,2.1167134215778075e-05,0.017737802120496457,205
Cha-F-800053,95,31,64,419,31,64,0.000246478275925062,2.4355659469823745e-07,1.0536108586369719e-05,0.004773629465855987,90
Cha-F-800054,133,99,34,551,99,34,0.0004820282604713871,5.244188150218554e-06,3.5909981945309425e-05,0.006683081252198382,103
Cha-F-800055,115,46,69,783,46,69,0.0004451820768161061,1.6501077307236096e-06,1.268298620979495e-05,0.005778604090246721,94
Cha-F-800056,152,119,33,393,119,33,0.0022616481575159684,7.120165893244752e-05,1.4446651494592053e-05,0.007637807145369579,141
Cha-F-800057,96,69,27,308,69,27,0.0008486596931809881,2.291945497015145e-06,2.711338254308575e-05,0.004823878197075524,85
Cha-F-800058,106,63,43,405,63,43,0.00027078460142958863,1.835096831889e-07,1.6523813084527232e-05,0.005326365509270891,89
Cha-F-800059,533,126,407,17981,126,407,0.0018053910096901653,0.00120788409014296,1.6123081784149953e-05,0.026782573740013065,348
Cha-F-800060,59,39,20,291,39,20,0.0003447469947564228,1.1884401870724655e-06,1.2830086906489523e-05,0.0029646751419526657,56
Cha-F-800061,181,153,28,856,153,28,0.001418824098380798,1.77148521420148e-05,6.343286649161126e-05,0.009095020350736144,163
Cha-F-800062,831,248,583,6839,248,583,0.0009099574341524347,6.613407630956535e-06,9.809032056950637e-05,0.041756695643435,186
Cha-F-800063,111,23,88,362,23,88,0.0010403844959097567,7.375247450075643e-07,9.952619689674377e-06,0.005577609165368575,110
Cha-F-800064,199,103,96,853,103,96,0.0007099974693107568,2.0857901331618605e-05,1.3996987161437547e-05,0.009999497512687805,163
Cha-F-800065,256,183,73,1276,183,73,0.00148561099554273,7.437068227005878e-06,4.243044346177051e-05,0.012863675192201397,209
Cha-F-800066,448,186,262,2156,186,262,0.0015138705090150628,1.73562705019003e-05,2.8328236496432257e-05,0.022511431586352444,205
Cha-F-800067,400,58,342,2792,58,342,0.0005397270918347887,2.0318717596882106e-06,1.3028881027178112e-05,0.02009949248781468,211
Cha-F-800068,95,58,37,614,58,37,0.0004216794766484916,1.5186857245022065e-06,3.354596785892728e-05,0.004773629465855987,87
Cha-F-800070,166,19,147,869,19,147,0.0016232215831871895,4.6576321524410063e-07,8.563969432682507e-06,0.008341289382443093,125
Cha-F-800071,415,239,176,3279,239,176,0.012908421525599855,4.38421495140697e-05,4.1322833442246914e-05,0.020853223456107732,352
Cha-F-800072,608,258,350,3263,258,350,0.0035377235455991913,2.052031179869039e-05,2.2627766994289714e-05,0.030551228581478317,352
Cha-F-800073,188,81,107,1411,81,107,0.0004009931715575221,3.4438400119664213e-06,2.2180458301441608e-05,0.009446761469272901,121
Cha-F-800074,64,41,23,256,41,23,8.862269658036841e-05,1.8708002135050012e-07,1.6483614617208447e-05,0.0032159187980503492,62
Cha-F-800075,163,61,102,642,61,102,0.000302473068649182,2.3637206235473002e-07,2.0509418035361992e-05,0.008190543188784483,133
Cha-F-800076,43,33,10,159,33,10,9.67971993469169e-05,1.803880929407174e-07,1.3408096590043307e-05,0.0021606954424400783,43
Cha-F-800077,611,379,232,7581,379,232,0.005546632719946278,0.012169048278858409,7.726158378560096e-05,0.030701974775136927,348
Cha-F-800078,306,45,261,1995,45,261,0.0004883598623448684,1.2294081442086347e-06,1.2330993480187045e-05,0.015376111753178233,210
Cha-F-800079,166,131,35,623,131,35,0.00031126838387619403,2.6521549030249504e-07,2.6741067541147056e-05,0.008341289382443093,143
Cha-F-800080,174,92,82,1078,92,82,0.0003896311592968483,2.090709830823341e-06,1.8075760334598883e-05,0.008743279232199388,124
Cha-F-800081,84,72,12,365,72,12,0.00028479395807807595,2.591291076146264e-07,2.479641048345329e-05,0.004220893422441084,76
Cha-F-800082,554,226,328,2898,226,328,0.0016663660408245359,9.154668308482545e-06,3.9789943411552974e-05,0.027837797095623337,205
Cha-F-800083,483,224,259,3121,224,259,0.005550022306659787,2.4217021257146903e-05,3.624409120284065e-05,0.02427013717903623,318
Cha-F-800084,459,210,249,3767,210,249,0.011943464020858361,2.35925885536689e-05,3.473845887886734e-05,0.02306416762976735,352
Cha-F-800085,478,39,439,2912,39,439,0.0026317088970845334,3.873676918356426e-05,1.2024763879420745e-05,0.024018893522938546,352
Cha-F-800086,349,80,269,1484,80,269,0.002316742603107496,3.670862991210211e-05,2.1009105858866362e-05,0.01753680719561831,195
Cha-F-800087,410,68,342,2931,68,342,0.0008991075260935445,1.0000055174817378e-05,1.643757831555195e-05,0.02060197980001005,182
Cha-F-800088,339,293,46,1611,293,46,0.00046559333771716504,6.482626842541133e-07,9.682168557827006e-05,0.017034319883422945,148
Cha-F-800089,102,45,57,689,45,57,0.00043479552261771546,1.7615969526016508e-06,1.2071115979380203e-05,0.005125370584392744,92
Cha-F-800090,1333,22,1311,10552,22,1311,0.0003781612038280083,5.4228804236445265e-05,1.974975233461448e-05,0.06698155871564243,346
Cha-F-800091,301,181,120,1321,181,120,0.003485548527823006,6.765765366289661e-06,3.533203265770852e-05,0.015124868097080548,205
Cha-F-800092,458,368,90,1689,368,90,0.0073630951382949806,0.00022923758110631812,9.448096952180983e-05,0.02301391889854781,294
Cha-F-800093,138,93,45,498,93,45,0.0015289097906195615,7.921646132570505e-06,1.3397527300312285e-05,0.0069343249082960655,134
Cha-F-800094,111,78,33,465,78,33,0.00032419412656098845,5.225331777778807e-07,1.7359640980357385e-05,0.005577609165368575,97
Cha-F-800095,185,110,75,964,110,75,0.0002812911531585151,3.7427825103265783e-07,4.504815954195921e-05,0.009296015275614291,133
Cha-F-800096,758,472,286,3782,472,286,0.005158742344091741,7.38081654325605e-05,0.00011832054325519572,0.038088538264408826,218
Cha-F-800097,79,28,51,494,28,51,0.00029950802229252143,9.947614254026531e-07,1.2646688809336131e-05,0.0039696497663434,72
Cha-F-800098,130,45,85,616,45,85,0.00026888004580391246,9.269272766189517e-07,1.2395189715849495e-05,0.006532335058539772,100
Cha-F-800099,150,38,112,531,38,112,0.00011176497329600596,6.674168049040637e-08,1.6660572213394983e-05,0.007537309682930506,132
Cha-F-800100,13,7,6,29,7,6,7.854558968881646e-06,8.783088085161643e-10,9.441461027995861e-06,0.0006532335058539772,13
Cha-F-800101,156,62,94,1030,62,94,0.00013241485105469365,1.503623769916857e-07,2.7201790225394553e-05,0.007838802070247727,113
Cha-F-800102,465,229,236,3591,229,236,0.010827825278754711,4.3697874523844954e-05,3.636966391148457e-05,0.02336566001708457,352
Cha-F-800103,344,178,166,1187,178,166,0.0013247279633692383,2.368852391004198e-06,4.25593094614293e-05,0.017285563539520626,184
Cha-F-800104,271,48,223,1539,48,223,0.0003492195505407649,3.188629220062529e-05,1.4057792482135835e-05,0.013617406160494448,206
Cha-F-800105,294,145,149,1469,145,149,0.0016728167025375626,1.53181888512998e-05,3.483069192135435e-05,0.014773126978543792,165
Cha-F-800106,260,104,156,1140,104,156,0.0010887136334042954,3.5560586757295534e-05,1.8538797478825734e-05,0.013064670117079544,203
Cha-F-800107,399,181,218,2257,181,218,0.002909016105523938,9.074230304921423e-06,3.785139197207507e-05,0.020049243756595145,236
Cha-F-800108,301,187,114,1324,187,114,0.003641669220979725,2.7649467573433872e-06,1.7516739014614355e-05,0.015124868097080548,241
Cha-F-800109,58,34,24,221,34,24,0.00021966526894279652,1.0312353208372472e-07,1.6131500396750717e-05,0.002914426410733129,58
Cha-F-800110,71,56,15,319,56,15,0.00040349765669698504,2.169318608150984e-06,3.244092484793081e-05,0.003567659916587106,66
Cha-F-800111,2069,1949,120,14416,1949,120,0.053782629717599784,0.00010902816793377158,0.00022911409741743115,0.10396462489322145,352
Cha-F-800112,122,61,61,521,61,61,0.0005622584905723299,5.844481498582579e-06,1.1675423409778165e-05,0.006130345208783478,100
Cha-F-800113,179,61,118,801,61,118,0.00023293972651456296,1.196176955540247e-07,1.462178664762346e-05,0.008994522888297071,125
Cha-F-800114,83,77,6,306,77,6,0.0003512432767544219,3.103177061078708e-07,2.3842415747663513e-05,0.004170644691221546,75
Cha-F-800115,30,15,15,87,15,15,6.446496705224049e-05,9.559954616251761e-09,1.1770684739775505e-05,0.0015074619365861013,30
Cha-F-800116,278,239,39,1050,239,39,0.0004390625715662963,1.389491393590201e-07,5.68088861498186e-05,0.013969147279031204,150
Cha-F-800117,122,40,82,827,40,82,0.0005333425849336604,9.151943244340117e-06,1.036697816558839e-05,0.006130345208783478,96
Cha-F-800119,170,116,54,726,116,54,0.0009042285112813592,9.956050413709793e-07,1.4950930825356676e-05,0.00854228430732124,167
Cha-F-800120,412,198,214,3172,198,214,0.001787211024464246,2.208744438861912e-05,2.5606397010662018e-05,0.020702477262449122,247
Cha-F-800121,155,11,144,1518,11,144,8.021375783693799e-05,4.961106070793952e-08,9.113632104767357e-06,0.007788553339028189,116
Cha-F-800123,142,71,71,627,71,71,0.0001970103904708781,2.921457713500733e-07,1.2749991080793672e-05,0.007135319833174212,113
Cha-F-800124,195,110,85,582,110,85,0.0002653837174268728,1.818507522210819e-07,2.5543228054962528e-05,0.009798502587809657,148
Cha-F-800125,250,126,124,1248,126,124,0.0005881948638869609,1.8713026875328732e-06,2.8869466948243954e-05,0.012562182804884177,167
Cha-F-800126,291,207,84,1573,207,84,0.0027627671085392394,1.7311762854161595e-05,6.99920011732235e-05,0.014622380784885182,211
Cha-F-800127,88,37,51,364,37,51,0.0003560794912861905,3.710589322117012e-06,1.0266983254272615e-05,0.00442188834731923,80
Cha-F-800128,365,253,112,2319,253,112,0.00380380110998112,1.0703365075253694e-05,7.66453683279228e-05,0.018340786895130898,231
Cha-F-800129,455,321,134,2397,321,134,0.009900555604369496,1.4614938277084718e-05,3.181392925659381e-05,0.0228631727048892,349
Cha-F-800130,152,16,136,643,16,136,0.0002288561910779939,4.460773430878555e-07,1.3998696367159451e-05,0.007637807145369579,151
Cha-F-800131,81,28,53,290,28,53,8.761980609420375e-05,1.8010859169980019e-07,1.3782457834203413e-05,0.0040701472287824735,78
Cha-F-800132,21,7,14,78,7,14,4.412469309996314e-06,1.565410584780222e-09,1.2012932113575667e-05,0.001055223355610271,20
Cha-F-800133,89,41,48,371,41,48,0.00020147938746512475,1.081930140567101e-07,1.362933028322202e-05,0.004472137078538767,81
Cha-F-800134,415,168,247,2541,168,247,0.0014947897532968275,1.046163301542567e-05,2.7127075079994325e-05,0.020853223456107732,211
Cha-F-800135,574,240,334,3006,240,334,0.003438826912615941,1.9257810321302458e-05,1.969794695051201e-05,0.02884277172001407,352
Cha-F-800136,118,39,79,489,39,79,0.0009105300504360411,5.924805354914066e-07,1.9378801852737475e-05,0.0059293502839053314,115
Cha-F-800137,231,126,105,960,126,105,0.001342774531186103,8.828868004346355e-06,2.1569516724915426e-05,0.01160745691171298,141
Cha-F-800138,36,22,14,130,22,14,0.00014844331886336817,6.400150355629319e-08,1.0179683881242687e-05,0.0018089543239033215,36
Cha-F-800139,435,171,264,3986,171,264,0.011256219013988135,6.335349421939494e-05,3.247999325389677e-05,0.021858198080498468,352
Cha-F-800140,628,128,500,2594,128,500,0.004140860137271771,5.5154257009289584e-05,2.2502291376189743e-05,0.03155620320586905,348
Cha-F-800141,162,54,108,1230,54,108,0.00037329220680248855,1.7271294261615772e-06,1.5237050955036279e-05,0.008140294457564947,101
Cha-F-800142,218,114,104,1223,114,104,0.0026474596150721365,1.6582564753844492e-06,1.4459545325160647e-05,0.010954223405859002,173
Cha-F-800144,212,129,83,1274,129,83,0.0006219365245053455,2.101794825383912e-06,5.003942353910072e-05,0.010652731018541781,119
Cha-F-800145,439,187,252,2356,187,252,0.0027111036564904612,2.188958852660178e-05,2.198057637810382e-05,0.022059193005376614,214
Cha-F-800146,269,77,192,1557,77,192,0.0016506915296443162,4.604886114221697e-06,1.505481322906544e-05,0.013516908698055373,174
Cha-F-900000,38,21,17,126,21,17,0.00010269300494930692,9.102069136254546e-08,1.1278620848998591e-05,0.0019094517863423948,37
Cha-F-900002,87,47,40,389,47,40,0.00013664253858421357,3.2214883753967643e-07,1.8196992049088602e-05,0.004371639616099694,82
Cha-F-900003,214,35,179,612,35,179,0.0006653272189515108,6.14971415617741e-07,9.413255172129731e-06,0.010753228480980856,147
Cha-F-900004,113,75,38,534,75,38,0.0001667874755154576,2.547972711505976e-07,2.8677626696047697e-05,0.0056781066278076475,91
Cha-F-900005,198,189,9,590,189,9,0.0023334305260631007,2.92245390692039e-05,2.9437816659288896e-05,0.009949248781468268,142
Cha-F-900006,201,191,10,536,191,10,0.004103567436333157,3.602515999932456e-05,2.348391451581867e-05,0.010099994975126878,144
Cha-F-900007,214,96,118,682,96,118,0.00019786788470282517,1.0324818291452728e-07,2.0173643657220992e-05,0.010753228480980856,148
Cha-F-900008,168,93,75,497,93,75,0.001469423184096883,1.3998084018893277e-05,1.2341111090583285e-05,0.008441786844882167,145
Cha-F-900009,291,65,226,1864,65,226,0.0003969716746235377,3.2785676732575685e-06,1.2626206170146895e-05,0.014622380784885182,175
Cha-F-900010,64,18,46,166,18,46,6.950916909659781e-05,1.9075796783732294e-07,1.0932841531756319e-05,0.0032159187980503492,63
Cha-F-900011,112,87,25,464,87,25,0.000392663932783605,3.6168204035738314e-07,2.98204454171495e-05,0.005627857896588111,86
Cha-F-900012,204,119,85,1393,119,85,0.000425410607240224,7.965285061533834e-07,5.3190494101607764e-05,0.010250741168785488,134
Cha-F-900013,176,8,168,520,8,168,4.0474057524105514e-05,5.924041041127288e-07,7.682242221610886e-06,0.00884377669463846,134
Cha-F-900014,89,39,50,359,39,50,0.00036193113278218137,4.3456544136043336e-07,1.0851043364241087e-05,0.004472137078538767,76
Cha-F-900015,77,27,50,351,27,50,0.0001238071414326034,1.5117415481678956e-07,1.0321669439250742e-05,0.0038691523039043265,66
Cha-F-900017,87,42,45,327,42,45,0.0003908899502208356,5.208879794826915e-07,1.0680387185127919e-05,0.004371639616099694,81
Cha-F-900019,14,12,2,24,12,2,1.962508794062799e-05,9.709878285107126e-09,1.0084986692645234e-05,0.0007034822370735139,14
Cha-F-900021,238,230,8,712,230,8,0.0037228991168578754,1.8974758095235128e-05,4.594568697824916e-05,0.011959198030249736,143
Cha-F-900022,347,151,196,2245,151,196,0.0022347845733909125,1.710369962629613e-05,2.0614026208677033e-05,0.017436309733179237,210
Cha-F-900023,168,82,86,608,82,86,0.00020425854982913897,2.5814920716330795e-07,3.6114277672648255e-05,0.008441786844882167,97
Cha-F-900024,109,2,107,460,2,107,1.1867254266547763e-06,2.807121221846779e-10,7.780607552921492e-06,0.005477111702929501,96
Cha-F-900025,107,87,20,390,87,20,0.000186215395175643,1.2787364451533726e-07,3.673147706023517e-05,0.005376614240490428,83
Cha-F-900026,657,191,466,3767,191,466,0.002918668347094859,1.6424923757824903e-05,3.441564091420184e-05,0.03301341641123562,320
Cha-F-900027,144,81,63,693,81,63,0.0005863885250829548,3.922239678860831e-06,1.9326251382240322e-05,0.007235817295613286,114
Cha-F-900028,323,192,131,1878,192,131,0.010136285707008669,2.9097010670074205e-05,2.902372507416774e-05,0.016230340183910355,293
Cha-F-900029,756,73,683,4611,73,683,0.0007277552254329516,3.206073223106774e-06,1.1535716385144738e-05,0.03798804080196975,241
Cha-F-900030,328,156,172,2243,156,172,0.007613613712546026,2.279030865024729e-05,2.4276892689637047e-05,0.01648158384000804,323
Cha-F-900031,96,33,63,672,33,63,0.00030765431381999536,5.15759180373452e-07,9.471108315357363e-06,0.004823878197075524,88
Cha-F-900032,621,308,313,3761,308,313,0.004824004367502222,6.493877333663242e-05,7.066080429939415e-05,0.031204462087332296,234
Cha-F-900033,30,26,4,78,26,4,0.00011917591569848917,3.365105044099938e-08,1.8311990042374002e-05,0.0015074619365861013,30
Cha-F-900034,198,28,170,553,28,170,0.00027478468744745815,1.4116481170382055e-06,1.01457935233302e-05,0.009949248781468268,139
Cha-F-900035,55,28,27,161,28,27,7.915492550933242e-05,6.316027701076901e-08,1.0418136564460767e-05,0.002763680217074519,53
Cha-F-900036,223,195,28,728,195,28,0.00033900117978126454,1.6711997080833082e-07,4.719686304085472e-05,0.011205467061956685,148
Cha-F-900037,148,30,118,363,30,118,0.0003415492893359367,2.1293872702825912e-07,8.63035261225314e-06,0.0074368122204914325,118
Cha-F-900038,1218,429,789,10409,429,789,0.0032673680090230953,0.00015212327352261392,6.042859551141207e-05,0.06120295462539571,348
Cha-F-900039,417,236,181,3071,236,181,0.011562688197760346,9.893014319870724e-05,3.868067831236664e-05,0.020953720918546807,352
Cha-F-900040,169,37,132,481,37,132,0.0004679965085572314,4.652101247735585e-07,9.097202531261044e-06,0.008492035576101703,152
Cha-F-900041,179,126,53,914,126,53,0.00038390098444854835,3.3439300502114264e-07,3.391347187890483e-05,0.008994522888297071,140
Cha-F-900042,183,88,95,730,88,95,0.00048155080274189354,2.9604547825155387e-07,7.924941403219854e-05,0.009195517813175217,122
Cha-F-900043,82,33,49,357,33,49,0.0004262461196352426,4.62884654673943e-06,1.118686146721399e-05,0.00412039596000201,76
Cha-F-900044,149,37,112,663,37,112,0.0003305220344934431,2.8954002593645064e-07,9.89761001582726e-06,0.007487060951710969,143
Cha-F-900045,372,88,284,1984,88,284,0.006757605968531253,3.2194669958803404e-05,1.4967771134275715e-05,0.018692528013667654,343
Cha-F-900047,77,58,19,242,58,19,0.000178393886752219,7.629785538992963e-08,2.2514367490148323e-05,0.0038691523039043265,71
Cha-F-900048,169,65,104,659,65,104,0.00030843167384120426,1.2949429481872269e-07,1.628142193746403e-05,0.008492035576101703,133
Cha-F-900049,578,287,291,3807,287,291,0.0032233666159216553,0.00033949701348685824,6.22209988381855e-05,0.029043766644892218,266
Cha-F-900050,90,60,30,450,60,30,0.0010656725156380738,1.9543089655274354e-06,1.4073701778039591e-05,0.004522385809758303,87
Cha-F-900051,126,61,65,475,61,65,0.0004967754604609188,6.198224389382392e-06,1.2760822698916672e-05,0.006331340133661625,104
Cha-F-900052,54,29,25,200,29,25,0.00024675445411587784,2.746996783266941e-07,1.0560170021637171e-05,0.002713431485854982,53
Cha-F-900053,315,265,50,1326,265,50,0.0004248229690823468,1.3212055971467924e-07,8.445713597346616e-05,0.015828350334154064,150
Cha-F-900054,175,117,58,798,117,58,0.0017265519295314943,6.05712104537327e-06,2.026977474794983e-05,0.008793527963418923,134
Cha-F-900055,372,204,168,2008,204,168,0.009985329311358421,3.411366860114658e-05,2.2955655190180653e-05,0.018692528013667654,332
Cha-F-900056,233,179,54,1265,179,54,0.0028810179202211307,1.6072718031154236e-05,4.780955913533874e-05,0.011707954374152053,184
Cha-F-900059,211,155,56,905,155,56,0.0006179804498162035,1.1981883523346658e-06,4.438864153511805e-05,0.010602482287322246,114
Cha-F-900060,64,48,16,197,48,16,0.0008917579269300391,1.6143845758400903e-05,1.1449025863219305e-05,0.0032159187980503492,64
Cha-F-900061,271,137,134,1414,137,134,0.0008441035603844271,4.026446732592718e-06,2.5738742640937003e-05,0.013617406160494448,179
Cha-F-900063,661,122,539,3551,122,539,0.0017685823318490308,1.5985144037514263e-05,1.4276460282384586e-05,0.03321441133611376,352
Cha-F-900064,187,152,35,757,152,35,0.0013137071866308556,1.8975043746865096e-05,6.071362845458612e-05,0.009396512738053364,108
Cha-F-900065,29,3,26,81,3,26,6.19452748712048e-06,9.896769424579488e-10,7.678890264081242e-06,0.0014572132053665644,29
Cha-F-900066,49,8,41,199,8,41,1.4774308181739805e-05,1.319518080918951e-09,1.1629064987732779e-05,0.0024621878297572987,44
Cha-F-900067,579,333,246,2496,333,246,0.00519767721968243,2.5693126927867674e-05,8.906780101093657e-05,0.029094015376111754,298
Cha-F-900069,144,120,24,619,120,24,0.00034585159228285936,3.7188931255595703e-07,5.399474369343094e-05,0.007235817295613286,94
Cha-F-900070,85,58,27,321,58,27,0.00023850398875872,2.12079349227917e-07,1.42232911362267e-05,0.00427114215366062,77
Cha-F-900071,135,85,50,651,85,50,0.0002259184623860966,1.2777015498787597e-06,4.399365006438109e-05,0.006783578714637455,89
Cha-F-900072,102,51,51,526,51,51,0.0004380146729599084,1.5793575328989529e-06,1.595904375714186e-05,0.005125370584392744,95
Cha-F-900073,170,85,85,656,85,85,0.0008736410381181785,3.2660616912664486e-06,1.8702165770284345e-05,0.00854228430732124,122
E0585-F-000000,1243,600,643,13174,600,643,0.012726351807173348,4.622289799272437e-05,9.114029871702625e-05,0.062459172905884125,352
E0585-F-000001,543,215,328,5451,215,328,0.005927326310967162,1.8357871475767337e-05,3.387920749302852e-05,0.02728506105220843,352
E0585-F-000002,565,250,315,4845,250,315,0.0075159693684076065,2.299411572345198e-05,3.339247833292704e-05,0.02839053313903824,352
E0585-F-000003,203,13,190,1034,13,190,0.0004776035071726502,2.9986104334796035e-07,8.61476599322301e-06,0.01020049243756595,179
E0585-F-000004,444,307,137,3216,307,137,0.0028271866990555515,1.6016028250568582e-05,0.0001406864822991081,0.0223104366614743,231
E0585-F-000005,443,227,216,2634,227,216,0.00238562117663889,0.00011673937884013585,8.168344796693274e-05,0.02226018793025476,223
E0585-F-000006,398,62,336,1498,62,336,0.0012865538242672527,3.680220906147042e-05,2.602118842699514e-05,0.01999899502537561,274
E0585-F-100000,641,632,9,2759,632,9,0.015677584425907626,3.618523433049877e-05,5.01307204182193e-05,0.03220943671172303,352
E0585-F-100001,472,204,268,3636,204,268,0.004672565702504508,8.87622716193169e-06,1.8920129765624463e-05,0.023717401135621326,352
E0585-F-100002,1279,703,576,16139,703,576,0.016835167302508298,3.8256588242412396e-05,0.00014844456838201421,0.06426812722978745,352
E0585-F-100003,546,356,190,2876,356,190,0.00582058025339487,6.963245265955762e-05,9.56748066665841e-05,0.02743580724586704,298
E0585-F-100004,466,287,179,2570,287,179,0.004577872941627984,4.749648744480645e-05,8.668058276902414e-05,0.023415908748304105,296
E0585-F-100005,432,166,266,2767,166,266,0.0040980671249959705,8.109018913302005e-06,2.0583849458387748e-05,0.021707451886839858,352
E0585-F-100006,669,423,246,3829,423,246,0.006342888026814076,8.920736397708904e-05,0.00014705192715583747,0.03361640118587006,325
E0585-F-100007,299,91,208,1327,91,208,0.007865815125534659,1.49232631739534e-05,1.6592369337588968e-05,0.015024370634641475,232
E0585-F-100008,470,190,280,3284,190,280,0.005151674885891377,9.743615455162548e-06,2.3874323275862956e-05,0.02361690367318225,352
E0585-F-100009,739,299,440,4339,299,440,0.007138243416061628,1.4448707892463409e-05,3.6417849815359224e-05,0.037133812371237626,352
E0585-F-100010,468,201,267,3279,201,267,0.005699300412456693,1.0188406041934574e-05,2.5817217997723125e-05,0.02351640621074318,352
E0585-F-100011,732,700,32,3142,700,32,0.02039861758683557,1.370927288924952e-05,6.445951497292052e-05,0.03678207125270087,352
E0585-F-100013,134,31,103,728,31,103,0.002598785206799752,1.4515552878813362e-06,1.1746167719351911e-05,0.006733329983417919,119
E0585-F-100014,362,172,190,1655,172,190,0.002766174611564999,1.1884646567748189e-05,6.791639449945638e-05,0.018190040701472288,243
E0585-F-100015,247,27,220,945,27,220,0.0023805546633500177,3.027831353248093e-06,9.14594660705435e-06,0.012411436611225566,207
E0585-F-100017,698,165,533,4277,165,533,0.004722501077634361,7.835582564010296e-06,1.908323394086529e-05,0.03507361439123662,352
E0585-F-100018,799,457,342,4185,457,342,0.010051168784859165,2.5136843220937706e-05,4.282275980125574e-05,0.04014873624440983,352
E0585-F-100019,406,193,213,2302,193,213,0.004987791243759994,9.014008010025334e-06,1.5299638325218665e-05,0.0204009848751319,352
E0585-F-100020,149,86,63,853,86,63,0.0002903886564553917,1.2249563419211424e-06,3.92469568106348e-05,0.007487060951710969,108
E0585-F-100021,267,91,176,1340,91,176,0.0023017051245605028,2.852185040926967e-06,1.5633384402765388e-05,0.0134164112356163,205
E0585-F-100022,472,162,310,2833,162,310,0.004277428615074901,4.823187786351594e-06,1.931947730747703e-05,0.023717401135621326,352
E0585-F-100023,1376,696,680,17577,696,680,0.01681463383728516,3.319242712268037e-05,0.00013292882402982605,0.0691422541580825,352
E0585-F-100024,696,692,4,2614,692,4,0.017843334653165958,2.0644914565578188e-05,6.80728574838322e-05,0.03497311692879755,352
E0585-F-100025,356,328,28,1590,328,28,0.0020870232086532665,1.1157949558701556e-05,0.00012965475344295951,0.017888548314155067,172
E0585-F-100026,497,191,306,4077,191,306,0.00504444855735165,1.0534356679042619e-05,1.5781732763795622e-05,0.024973619416109743,352
E0585-F-100027,647,340,307,4204,340,307,0.0057317123617772955,7.358831730111386e-05,0.00011458614310902744,0.03251092909904025,321
E0585-F-100028,127,14,113,526,14,113,0.0009456430572229822,9.779950248867217e-07,8.5185278957019e-06,0.006381588864881162,110
E0585-F-100029,50,4,46,145,4,46,5.6433689933989334e-05,1.05766424644583e-07,7.647626299606769e-06,0.002512436560976835,49
E0585-F-100030,620,343,277,3107,343,277,0.00491981956565791,5.859779754264047e-05,0.000127538340001732,0.031154213356112757,308
E0585-F-100031,164,19,145,844,19,145,0.0013423065698933766,6.240514046179694e-07,1.0001487576498139e-05,0.00824079192000402,142
E0585-F-100032,252,220,32,659,220,32,0.0006485563631634541,2.891083807720259e-07,4.856675137479357e-05,0.01266268026732325,126
E0585-F-200000,56,51,5,293,51,5,0.0007506737788297144,2.459825841171387e-06,1.971663879530993e-05,0.0028139289482940555,56
E0585-F-200001,286,76,210,1212,76,210,0.0007911159398468809,1.5249528496275381e-05,4.3029594835459444e-05,0.014371137128787499,205
E0585-F-200004,309,62,247,1546,62,247,0.000603259126128524,4.606732084080958e-05,3.710328012090314e-05,0.015526857946836843,205
E0585-F-200005,339,200,139,1319,200,139,0.0030548943700142114,3.528413364779028e-05,2.0858902236616323e-05,0.017034319883422945,211
E0585-F-200006,457,300,157,2324,300,157,0.004891285431053894,5.3639510888192414e-05,0.00010043846515056421,0.022963670167328275,284
E0585-F-200007,1498,838,660,18750,838,660,0.021634419899128007,4.9688831577539436e-05,0.00024220834554361252,0.07527259936686599,352
E0585-F-200008,115,26,89,508,26,89,0.0020259619796699894,1.250013374416621e-06,1.0086691893587037e-05,0.005778604090246721,109
E0585-F-200009,989,82,907,11701,82,907,0.00118482256963531,2.353638209838086e-06,1.1884742259394431e-05,0.049695995176121804,352
E0585-F-200010,155,16,139,782,16,139,0.0011851532272820625,5.027288556598251e-07,9.085059086635367e-06,0.007788553339028189,131
E0585-F-200012,413,29,384,2340,29,384,0.002732238915256002,1.852450565236789e-06,1.088982146356927e-05,0.02075272599366866,352
E0585-F-200013,316,60,256,1551,60,256,0.0010159428830138109,2.0146914761055784e-06,1.0304608880343353e-05,0.0158785990653736,216
E0585-F-200014,775,345,430,12434,345,430,0.007052810377262494,0.00017450376899459595,7.290048966175205e-05,0.03894276669514095,348
E0585-F-200015,332,71,261,1514,71,261,0.0013419929089520954,3.6664627193955436e-05,1.4782013207924577e-05,0.016682578764886186,202
E0585-F-200016,615,307,308,3579,307,308,0.00503748799980522,4.3322438201442786e-05,9.871622238358226e-05,0.030902969700015076,317
E0585-F-300001,168,50,118,751,50,118,0.0040873444238785596,8.958060719692711e-06,1.0875047097831737e-05,0.008441786844882167,141
E0585-F-300002,369,260,109,1616,260,109,0.007936981393086816,4.744506011726107e-06,1.9595143448100764e-05,0.018541781820009044,341
E0585-F-300003,427,35,392,1509,35,392,0.0008771435291911671,7.779895880274571e-07,5.086874177200011e-05,0.021456208230742173,319
E0585-F-300004,387,24,363,1986,24,363,0.0021495278920840967,9.609575580676586e-07,9.291059922072608e-06,0.019446258981960705,337
E0585-F-300005,156,40,116,570,40,116,0.00031072615931765856,9.149082144248777e-06,3.0118619201881936e-05,0.007838802070247727,137
E0585-F-300008,112,11,101,547,11,101,0.0007272149611342259,3.676093235337158e-07,8.121571800737807e-06,0.005627857896588111,99
E0585-F-300010,211,57,154,748,57,154,0.0017845272204134136,1.3472570167138338e-06,1.0194437798472502e-05,0.010602482287322246,177
E0585-F-300012,469,212,257,1601,212,257,0.009834008243589489,1.3727901851161212e-05,2.294006298732941e-05,0.023566654941962716,352
E0585-F-300013,324,46,278,1485,46,278,0.00043551016059051166,1.5129827308561203e-06,1.2993462994927246e-05,0.016280588915129894,211
E0585-F-300014,246,103,143,818,103,143,0.005157459899423764,2.403411892203688e-05,1.7190300349207456e-05,0.012361187880006029,183
E0585-F-300015,165,17,148,699,17,148,0.00031665072355266654,4.1782006291805955e-07,8.965131854169064e-06,0.008291040651223557,139
E0585-F-300016,383,97,286,1956,97,286,0.0032674002687835377,7.018369686017223e-05,1.6736015200143096e-05,0.01924526405708256,213
E0585-F-300017,266,54,212,1574,54,212,0.003404754116290266,6.408490656190651e-05,1.2012873457216236e-05,0.013366162504396765,221
E0585-F-300019,198,14,184,1168,14,184,0.0001667075705872526,2.6605676052098237e-07,8.270608506127616e-06,0.009949248781468268,186
E0585-F-300020,473,92,381,2529,92,381,0.0010336718700330292,1.7865126141398107e-05,1.7990889664401254e-05,0.02376764986684086,205
E0585-F-300021,382,372,10,1484,372,10,0.012003716607403167,5.0018385982997356e-05,3.187294845508375e-05,0.019195015325863023,306
E0585-F-300022,351,29,322,1779,29,322,9.443193884395312e-05,9.827649794014815e-08,8.038409651900445e-06,0.017637304658057382,211
E0585-F-300023,149,11,138,1087,11,138,4.555005556505317e-05,7.049166843571436e-08,1.2539661029206006e-05,0.007487060951710969,139
E0585-F-300024,438,192,246,2714,192,246,0.005127989999561001,2.995472613367876e-05,2.062141838203639e-05,0.022008944274157078,352
E0585-F-300025,105,6,99,383,6,99,0.0005811111990370318,1.945391180619549e-07,8.466266289073132e-06,0.005276116778051354,102
E0585-F-300026,195,77,118,899,77,118,0.0019177371766249502,6.788964229104367e-05,1.476659851193705e-05,0.009798502587809657,182
E0585-F-300027,101,16,85,649,16,85,0.000959222505008211,2.216251539330912e-05,1.0689041193759416e-05,0.005075121853173208,97
E0585-F-300029,847,195,652,5115,195,652,0.0026373847033382275,1.2280423460781871e-05,6.206836065518617e-05,0.04256067534294759,298
E0585-F-300031,91,55,36,300,55,36,0.000330102199570625,3.883787961433309e-07,1.343675231989739e-05,0.0045726345409778405,91
E0585-F-300032,104,93,11,616,93,11,0.000735115303525324,3.6673917824953e-05,7.951095353947544e-05,0.005225868046831818,89
E0585-F-300033,396,50,346,2151,50,346,0.00043764181437098634,1.026019579563422e-06,1.119913890731058e-05,0.019898497562936535,211
E0585-F-300034,173,61,112,677,61,112,0.00016423161281714038,1.3465189184388438e-07,2.2436337486819734e-05,0.00869303050097985,105
E0585-F-300037,450,341,109,1693,341,109,0.010311348529595163,1.3683553112745022e-05,0.00012558722734765278,0.02261192904879152,343
E0585-F-300040,431,48,383,2563,48,383,0.0005442070787862607,2.3637507379381123e-06,1.5268637259799627e-05,0.021657203155620322,211
E0585-F-300042,266,51,215,1298,51,215,0.0012849521832095877,2.6442522142183537e-05,1.4506016483128208e-05,0.013366162504396765,188
E0585-F-300043,383,79,304,1961,79,304,0.0007980990455311594,1.0944499844618841e-05,1.556479189652833e-05,0.01924526405708256,205
E0585-F-300045,84,5,79,468,5,79,0.0004593646369462843,2.1488235032242368e-07,7.889753833067896e-06,0.004220893422441084,82
E0585-F-300046,144,125,19,482,125,19,0.002718812391137586,3.834425560981633e-05,1.912104876114382e-05,0.007235817295613286,140
E0585-F-300047,378,75,303,1769,75,303,0.0006999193962724923,2.643481037629558e-06,1.461101271497031e-05,0.018994020400984874,211
E0585-F-300048,136,9,127,782,9,127,0.00042868594915494495,2.6542551003636723e-07,8.175182460816367e-06,0.006833827445856992,122
E0585-F-300049,150,18,132,434,18,132,0.0002968637495276094,5.504819237828728e-07,8.769200783119226e-06,0.007537309682930506,147
E0585-F-300050,329,62,267,1563,62,267,0.000941499102224752,3.034167568385616e-05,1.2914263282576254e-05,0.016531832571227575,211
E0585-F-300052,459,53,406,2386,53,406,0.0005242874469201008,1.4050570352414016e-06,1.2807352330597316e-05,0.02306416762976735,205
E0585-F-300053,251,235,16,1010,235,16,0.0075307873655081625,2.609954046410179e-05,2.5477875542266085e-05,0.012612431536103714,241
E0585-F-300055,334,12,322,1734,12,322,0.0007026068184227714,4.000143034869359e-07,8.319199583108525e-06,0.01678307622732526,292
E0585-F-300056,288,103,185,1643,103,185,0.0007397070412339754,7.437562178123794e-06,1.6708350469878674e-05,0.014471634591226572,211
E0585-F-300057,233,45,188,1047,45,188,0.002971930002643482,1.0722409134855549e-05,1.0486957860407437e-05,0.011707954374152053,209
E0585-F-300058,255,49,206,1314,49,206,0.0005732380042002896,2.0070012986585873e-05,1.2245584187095522e-05,0.01281342646098186,201
E0585-F-300059,997,538,459,6963,538,459,0.012981703819881535,3.9205755576490936e-05,6.477779392005229e-05,0.050097985025878096,352
E0585-F-300060,644,386,258,3878,386,258,0.006078843325446334,6.55350532044338e-05,0.00013769704240055626,0.03236018290538164,314
E0585-F-300061,558,229,329,4042,229,329,0.006467682699496498,1.2619371077461126e-05,3.204235065408326e-05,0.028038792020501482,352
E0585-F-300062,143,34,109,961,34,109,0.00016128449865447308,2.4900060511445585e-07,2.179802565522873e-05,0.0071855685643937494,113
E0585-F-300063,286,49,237,1277,49,237,0.0004544403307540622,2.1117757847733256e-05,1.116267942442992e-05,0.014371137128787499,211
E0585-F-300064,390,150,240,1821,150,240,0.0013426920285883966,5.308658112696522e-06,1.9839003245131073e-05,0.019597005175619315,205
E0585-F-300065,225,41,184,1122,41,184,0.002639569190559037,9.772885859458246e-06,1.072197083669356e-05,0.01130596452439576,196
E0585-F-300066,441,247,194,2234,247,194,0.0016848007665614833,3.042745416206372e-05,3.352958938281826e-05,0.022159690467815688,211
E0585-F-300067,68,48,20,324,48,20,0.00016192426070308377,2.3964531587818333e-07,1.7185961840204223e-05,0.003416913722928496,62
E0585-F-300068,404,40,364,2226,40,364,0.00436665020189355,2.907539218010843e-06,1.2836493710324173e-05,0.02030048741269283,352
E0585-F-300069,236,20,216,1012,20,216,0.00034061825620919855,4.524021418742777e-06,1.0028355374983042e-05,0.011858700567810663,197
E0585-F-300070,423,42,381,2952,42,381,0.0004335470122587996,2.34148710046628e-06,1.4919144831275313e-05,0.021255213305864027,205
E0585-F-300071,384,51,333,2449,51,333,0.0005613970773532468,1.5683835922587212e-06,1.4017253258741135e-05,0.019295512788302095,211
E0585-F-300072,189,154,35,1571,154,35,0.0002597049851222214,1.4641249179243575e-06,0.00010663695584528582,0.009497010200492437,121
E0585-F-300073,344,102,242,1923,102,242,0.0007699885268899801,2.7427658628900502e-06,1.5134608154530673e-05,0.017285563539520626,211
E0585-F-300074,112,99,13,600,99,13,0.0010740855277285317,2.0968256141373827e-06,5.680583405040349e-05,0.005627857896588111,106
E0585-F-400000,147,45,102,772,45,102,0.003931135264433265,1.5804637922760666e-06,1.1114429946295708e-05,0.007386563489271896,128
E0585-F-400001,297,32,265,1353,32,265,0.00027892714400748047,4.6445157518506744e-07,1.0790909220588448e-05,0.014923873172202402,203
E0585-F-400002,393,112,281,1850,112,281,0.001074815611986928,4.107085281969047e-06,1.7405308651235375e-05,0.019747751369277925,211
E0585-F-400003,339,63,276,1460,63,276,0.0006863867207447085,5.141153202194332e-06,1.280604543014574e-05,0.017034319883422945,203
E0585-F-400004,103,25,78,461,25,78,0.0027555188675528093,1.3312047069330364e-06,1.1386515489091621e-05,0.0051756193156122805,102
E0585-F-400005,408,41,367,2127,41,367,0.0003392047950898766,3.905661657297758e-06,1.0769593006350052e-05,0.020501482337570976,211
E0585-F-400006,222,215,7,1149,215,7,0.008101858274707907,3.144186718795085e-05,3.33561224928548e-05,0.01115521833073715,174
E0585-F-400007,91,35,56,253,35,56,0.00036270001149567527,7.465003827569066e-06,2.644968603064706e-05,0.0045726345409778405,86
E0585-F-400008,415,54,361,2696,54,361,0.0006212189646588912,2.0749852219396883e-06,1.3772813109246564e-05,0.020853223456107732,211
E0585-F-400009,285,77,208,1556,77,208,0.000896563471571545,1.9336638170526826e-05,1.7688143223468784e-05,0.014320888397567962,202
E0585-F-400011,451,84,367,2300,84,367,0.0012652917860238799,5.014239949559803e-05,1.4887428174211762e-05,0.022662177780011054,205
E0585-F-400013,403,45,358,2048,45,358,0.00043028550008133965,9.574153554388628e-07,1.1454458701046175e-05,0.02025023868147329,211
E0585-F-400014,312,33,279,1823,33,279,0.00019466106281755037,5.827139900336368e-07,1.0276508202315782e-05,0.015677604140495453,273
E0585-F-400015,320,87,233,1419,87,233,0.0009218557636800036,5.390454900120314e-05,1.6202301826200743e-05,0.016079593990251745,211
E0585-F-400016,269,55,214,1345,55,214,0.0010399692960756887,2.621779806764448e-06,1.22319584159664e-05,0.013516908698055373,211
E0585-F-400017,141,9,132,496,9,132,9.080206437952011e-05,3.7492363230272507e-08,8.468119255829833e-06,0.007085071101954676,137
E0585-F-400018,360,41,319,1906,41,319,0.00041501073462424777,9.62719219256828e-07,1.0605202478980637e-05,0.018089543239033213,211
E0585-F-400019,71,26,45,262,26,45,0.00023563243433606863,1.9057824601490603e-07,1.0947563449881513e-05,0.003567659916587106,63
E0585-F-400021,357,97,260,1587,97,260,0.0011065529620084742,3.2233261398606365e-06,1.654464297834986e-05,0.017938797045374603,205
E0585-F-400022,328,30,298,2111,30,298,0.002186513849541611,5.102692653313603e-06,9.547696796005263e-06,0.01648158384000804,279
E0585-F-400023,542,131,411,2648,131,411,0.0015186309068075583,1.8393519807448673e-05,4.027345581288264e-05,0.027234812320988896,242
E0585-F-400025,417,86,331,2454,86,331,0.0010747933090884663,2.582045477335759e-05,1.602501060919306e-05,0.020953720918546807,211
E0585-F-400026,248,200,48,754,200,48,0.0006218916511856414,4.370138953177959e-07,6.181465446602807e-05,0.012461685342445104,123
E0585-F-400028,315,139,176,1823,139,176,0.0019823691477790745,4.1372105074239826e-05,2.3188447467785805e-05,0.015828350334154064,215
E0585-F-400029,245,49,196,883,49,196,0.00046550240765698745,2.527298387272289e-06,1.020814323548383e-05,0.012310939148786493,199
E0585-F-400030,121,38,83,502,38,83,0.00013076959050885206,6.965069265995027e-07,1.538331543835623e-05,0.006080096477563942,108
E0585-F-400031,84,36,48,440,36,48,0.0001397502286155423,1.7163301261371862e-07,1.5326195684616923e-05,0.004220893422441084,77
E0585-F-400032,128,5,123,600,5,123,0.0003497732148949527,1.1332962973484253e-07,7.827186264781144e-06,0.0064318375961006985,120
E0585-F-500000,315,150,165,2093,150,165,0.002113517219090608,4.012791229084571e-05,3.4132903017568623e-05,0.015828350334154064,211
E0585-F-500001,305,51,254,1695,51,254,0.0005336222488608191,1.3931668772535408e-06,1.3137128766469448e-05,0.015325863021958696,211
E0585-F-500004,63,8,55,263,8,55,1.657762085514404e-05,4.060579730838186e-09,8.305619918758936e-06,0.0031656700668308124,62
E0585-F-500005,386,110,276,1583,110,276,0.0015563927807954508,3.4004090449029133e-06,2.9879781270654897e-05,0.01939601025074117,212
E0585-F-500006,348,14,334,2378,14,334,0.00016866698537364465,1.013457529212359e-07,8.005670380054605e-06,0.017486558464398776,211
E0585-F-500007,286,4,282,1327,4,282,0.0003103642163822551,1.1302019451442156e-07,7.657581116651228e-06,0.014371137128787499,243
E0585-F-500008,453,69,384,2499,69,384,0.000725855505788761,8.115183967788507e-06,1.5005930496540478e-05,0.02276267524245013,205
E0585-F-500009,389,108,281,2055,108,281,0.0013389410660587348,3.737431522627101e-05,2.4097383574611835e-05,0.01954675644439978,205
E0585-F-600000,208,51,157,914,51,157,0.00015349571103792986,9.085872030812642e-08,1.9185741255176624e-05,0.010451736093663636,121
E0585-F-600001,200,39,161,785,39,161,0.0022406163007619604,9.289199200129111e-07,1.2243738354534722e-05,0.01004974624390734,197
E0585-F-600002,350,222,128,1358,222,128,0.003046464682504431,1.7633400415821836e-05,4.1972117905572605e-05,0.017587055926837847,205
E0585-F-600003,213,198,15,2674,198,15,0.00031238959483782813,9.294752420416811e-07,0.00021959229219351337,0.010702979749761319,108
E0585-F-600004,167,7,160,968,7,160,6.273435188878192e-05,2.1751904882477366e-07,1.0682736292206259e-05,0.00839153811366263,158
E0585-F-600005,191,28,163,916,28,163,0.00027158051410661497,6.20653780070416e-07,9.803507750222487e-06,0.009597507662931512,182
E0585-F-600006,87,51,36,223,51,36,0.0003836367712175765,1.1107446861372372e-06,9.599203380412579e-06,0.004371639616099694,86
E0585-F-600007,1184,278,906,7318,278,906,0.012085507395027227,0.00032865560595350104,8.613673891219062e-05,0.05949449776393146,352
E0585-F-600008,241,107,134,1310,107,134,0.0010922392799805043,5.783564527874502e-06,1.3907714024939051e-05,0.012109944223908346,205
E0585-F-700000,125,8,117,556,8,117,0.0006517174646862748,9.642393172184091e-08,7.84820177247312e-06,0.006281091402442088,120
E0585-F-700001,359,103,256,1475,103,256,0.0010853899507199801,1.2469690472898628e-05,1.617249038152769e-05,0.018039294507813677,205
E0585-F-700002,277,114,163,1532,114,163,0.0013619545663085917,1.3149977232637956e-05,1.833468686059724e-05,0.013918898547811668,211
E0585-F-800000,76,31,45,447,31,45,0.0001621462448211932,6.009818929048878e-07,1.8947076245855678e-05,0.0038189035726847896,66
E0585-F-800001,329,58,271,1787,58,271,0.0005270761684586581,8.787625682407397e-06,1.2228167102375657e-05,0.016531832571227575,211
E0585-F-800002,230,58,172,975,58,172,0.003889482804821923,5.9354571077669055e-05,1.2420443531703843e-05,0.011557208180493442,226
E0585-F-800003,286,113,173,1665,113,173,0.002871276528312702,5.10002702113391e-06,3.510397179226374e-05,0.014371137128787499,205
E0585-F-800004,281,24,257,1240,24,257,0.00026550242884011265,9.200574971706832e-06,9.338678482140807e-06,0.014119893472689814,211
fru-F-000000,433,202,231,2058,202,231,0.002230957885883994,1.966627729215565e-05,5.571253152363621e-05,0.021757700618059393,237
fru-F-000001,65,54,11,205,54,11,0.0007150206937226544,1.5081618636009956e-05,1.0730635773242533e-05,0.003266167529269886,65
fru-F-000002,161,61,100,511,61,100,0.0005903820195924495,1.6490020125913553e-06,1.3532720761711547e-05,0.00809004572634541,141
fru-F-000003,161,98,63,1626,98,63,0.0002767830510909301,2.059635552230278e-06,0.00011572157470859969,0.00809004572634541,109
fru-F-000004,291,105,186,1860,105,186,0.0002070783916994368,3.229614076286596e-07,2.9473122283544216e-05,0.014622380784885182,121
fru-F-000005,267,199,68,1245,199,68,0.003156984671647974,0.0006724103087586056,2.8191392106021295e-05,0.0134164112356163,248
fru-F-000006,79,11,68,218,11,68,7.872765154514891e-05,1.2395183198106852e-07,7.966649620065197e-06,0.0039696497663434,75
fru-F-000007,95,20,75,263,20,75,0.0001270163117337703,1.4584411363336384e-07,8.478711261841192e-06,0.004773629465855987,84
fru-F-000008,90,24,66,813,24,66,0.00010663018327209565,2.490194355303621e-07,1.760136775666405e-05,0.004522385809758303,82
fru-F-000009,61,51,10,193,51,10,0.0004230588760862798,1.4098356564116756e-06,9.486129001388192e-06,0.003065172604391739,61
fru-F-000010,643,239,404,4619,239,404,0.007937650526167503,8.936896040215909e-05,4.360251352625933e-05,0.0323099341741621,254
fru-F-000011,73,61,12,207,61,12,0.0007229506049530614,7.5230833226732195e-06,1.0198155470694529e-05,0.0036681573790261794,73
fru-F-000012,91,41,50,347,41,50,0.0003772407292621475,3.0467026674963713e-07,1.7164063934361498e-05,0.0045726345409778405,84
fru-F-000013,137,69,68,692,69,68,0.00023801381011881017,4.569401595791525e-07,1.9653591880585765e-05,0.006884076177076529,113
fru-F-000014,208,24,184,589,24,184,0.00016281867833471328,7.12219550467077e-07,8.643199665070823e-06,0.010451736093663636,134
fru-F-000015,901,458,443,5182,458,443,0.007884059067655918,8.509923263835741e-06,4.4322775955874804e-05,0.04527410682880257,352
fru-F-000016,114,23,91,283,23,91,0.0004996172764507508,1.8534670603083453e-07,8.3262069314396e-06,0.005728355359027185,106
fru-F-000017,163,91,72,453,91,72,0.0015137973239012063,1.912390252355867e-05,1.2901099581690855e-05,0.008190543188784483,149
fru-F-000018,142,73,69,367,73,69,0.0010048498757096967,7.302110512609827e-06,1.1240600159877835e-05,0.007135319833174212,133
fru-F-000019,75,11,64,188,11,64,6.965106212983761e-05,6.35582064529416e-08,7.797778609709418e-06,0.003768654841465253,71
fru-F-000020,20,16,4,56,16,4,1.4168703022789149e-05,4.007007656735974e-09,1.9707110794824097e-05,0.001004974624390734,20
fru-F-000021,67,51,16,393,51,16,0.000164193092378998,4.149692666533315e-07,2.21007026231224e-05,0.0033666649917089594,66
fru-F-000022,298,84,214,830,84,214,0.00153130176682064,2.589343227455212e-06,1.1763103049949154e-05,0.014974121903421938,161
fru-F-000023,121,112,9,319,112,9,0.0014207725963456934,9.138842401678336e-06,1.4453923563164055e-05,0.006080096477563942,115
fru-F-000024,505,163,342,3971,163,342,0.002018499791943999,3.0556374225558606e-05,2.8632522350117333e-05,0.025375609265866038,236
fru-F-000025,463,395,68,2673,395,68,0.002064639498452683,2.713106696937644e-05,9.045636251240599e-05,0.023265162554645495,205
fru-F-000026,182,156,26,575,156,26,0.0008822567867380423,1.1522781036931432e-05,4.231156761693785e-05,0.009145269081955681,142
fru-F-000027,503,212,291,2518,212,291,0.0046850741131578034,2.6737401561082304e-05,2.3378176222417378e-05,0.025275111803426963,318
fru-F-000028,104,87,17,320,87,17,0.002040701629236664,5.170766449857329e-06,1.325591877162248e-05,0.005225868046831818,102
fru-F-000029,369,132,237,1853,132,237,0.0015999433389192502,1.4718427931025717e-05,2.01877398393082e-05,0.018541781820009044,205
fru-F-000031,164,142,22,524,142,22,0.0025959215929105208,2.177908638666094e-05,1.5447703265557998e-05,0.00824079192000402,142
fru-F-000032,101,51,50,421,51,50,0.0003976274487121893,4.30124491763361e-06,9.85838592928103e-06,0.005075121853173208,86
fru-F-000033,258,247,11,873,247,11,0.0015465196087324376,4.5466158863653245e-06,6.458643850980965e-05,0.01296417265464047,138
fru-F-000034,447,446,1,8297,446,1,0.004797796973544475,7.372212895273897e-05,0.00020119842348941482,0.02246118285513291,231
fru-F-000035,47,36,11,117,36,11,0.0007165913087844931,7.013222039439094e-07,9.322401661270138e-06,0.0023616903673182254,47
fru-F-000036,350,189,161,1661,189,161,0.0036889267192994728,8.669614706558282e-06,2.8998833198832353e-05,0.017587055926837847,209
fru-F-000037,370,120,250,1887,120,250,0.001982842680349622,7.086724552677842e-06,2.2632583431210302e-05,0.018592030551228583,256
fru-F-000038,71,39,32,204,39,32,0.0003215579792088778,3.007395626494017e-07,1.6567388611663915e-05,0.003567659916587106,68
fru-F-000039,262,137,125,1323,137,125,0.00020466686951142632,2.974420501656451e-07,0.00012710340503548184,0.013165167579518617,108
fru-F-000040,214,195,19,864,195,19,0.0031525417914466673,6.102467061255419e-06,6.303229588027482e-05,0.010753228480980856,187
fru-F-000041,743,481,262,3283,481,262,0.012060998706581416,5.274756712206968e-05,4.504809382072687e-05,0.037334807296115775,348
fru-F-000042,252,195,57,1045,195,57,0.0033934496651793953,1.741361961570919e-05,2.88787851817786e-05,0.01266268026732325,202
fru-F-000043,441,218,223,2593,218,223,0.004535415958459687,6.478345111921332e-05,3.462090066682173e-05,0.022159690467815688,299
fru-F-000044,162,102,60,1425,102,60,0.00032522986863455617,1.9699359231324408e-06,5.965817033095737e-05,0.008140294457564947,109
fru-F-000045,194,95,99,693,95,99,0.0011731952147504168,3.3499807236321633e-06,1.5192248868827377e-05,0.009748253856590122,164
fru-F-000046,159,148,11,548,148,11,0.001508975039812384,9.27946389357819e-06,2.925219406541779e-05,0.007989548263906337,133
fru-F-000047,585,292,293,4018,292,293,0.003997096360696981,2.366000852796966e-05,6.254174253153895e-05,0.029395507763428974,284
fru-F-000048,138,97,41,506,97,41,0.0016947057861180668,1.1971295843225405e-05,1.5335595218523468e-05,0.0069343249082960655,136
fru-F-000049,279,111,168,1251,111,168,0.000804250260476731,2.520758398506227e-06,3.284821028599184e-05,0.014019396010250741,186
fru-F-000050,135,102,33,534,102,33,0.0016053672797447555,2.9022558538642506e-05,1.6288212905402134e-05,0.006783578714637455,127
fru-F-000051,197,40,157,1189,40,157,0.0003514587514463132,6.209238003986311e-07,1.4589199334054758e-05,0.009899000050248732,181
fru-F-000052,815,380,435,7499,380,435,0.004705275323672593,3.7951955602579485e-05,0.00010564723445453401,0.04095271594392241,301
fru-F-000053,2074,645,1429,13822,645,1429,0.0020157673443154858,1.373586971323797e-05,0.00041661572944660176,0.10421586854931914,348
fru-F-000054,220,177,43,1164,177,43,0.0029268835606978925,1.6187671294010755e-05,3.9111855590112565e-05,0.011054720868298076,183
fru-F-000055,135,93,42,824,93,42,0.0002769621909022667,1.3572673670972936e-06,3.753947572928453e-05,0.006783578714637455,114
fru-F-000056,191,139,52,1166,139,52,0.00026664539688870504,5.052635250344484e-07,8.515419252756001e-05,0.009597507662931512,109
fru-F-000057,535,111,424,2929,111,424,0.0026296436466505596,3.201270602258779e-05,1.893663916777874e-05,0.02688307120245214,319
fru-F-000058,351,219,132,1815,219,132,0.0024086367739270705,3.570886913875456e-05,5.3014873324549726e-05,0.017637304658057382,222
fru-F-000059,155,131,24,513,131,24,0.0010023087153644523,2.0853910865299377e-06,2.449127095685888e-05,0.007788553339028189,123
fru-F-000060,155,96,59,443,96,59,0.0005355138317126581,7.289226025211768e-06,1.2837193981246838e-05,0.007788553339028189,139
fru-F-000061,550,206,344,2945,206,344,0.004218878329195077,3.7192833676615994e-05,3.016237735854576e-05,0.027636802170745187,325
fru-F-000062,146,98,48,440,98,48,0.0010688660683740596,6.071403447196343e-06,1.2780167137007779e-05,0.007336314758052359,127
fru-F-000063,209,27,182,674,27,182,0.00016593833717305366,1.9544809787942407e-06,8.366492538600621e-06,0.010501984824883171,141
fru-F-000064,134,80,54,405,80,54,0.0013233511621645994,6.801428223103342e-06,1.2489196598746397e-05,0.006733329983417919,126
fru-F-000065,88,18,70,567,18,70,0.00020517851008791644,5.060638803569034e-05,8.720495695255887e-06,0.00442188834731923,88
fru-F-000066,733,397,336,5394,397,336,0.005944165493188568,4.643493700419707e-05,9.036849662114658e-05,0.036832319983920406,296
fru-F-000067,190,145,45,542,145,45,0.0037564857077719825,2.692358622079364e-05,1.611003187786386e-05,0.009547258931711974,147
fru-F-000068,600,134,466,2969,134,466,0.0027230572662878417,2.8579060040887842e-05,2.187405203346678e-05,0.030149238731722025,331
fru-F-000069,386,32,354,5008,32,354,0.00026760932432870623,6.695848739514386e-07,1.4105493217987554e-05,0.01939601025074117,158
fru-F-000070,863,104,759,11343,104,759,0.004706918107882914,1.2043137454655466e-05,1.9500474634670294e-05,0.043364655042460176,352
fru-F-000071,389,104,285,1670,104,285,0.001687681207327287,2.4801926766678647e-05,2.6744092557661876e-05,0.01954675644439978,189
fru-F-000072,279,200,79,1326,200,79,0.0009763359409417512,5.198553043070582e-06,3.2921727016847845e-05,0.014019396010250741,183
fru-F-000073,364,235,129,1980,235,129,0.009474382417728402,4.354675091828279e-05,3.74076158338034e-05,0.018290538163911362,302
fru-F-000074,508,226,282,3589,226,282,0.0022625270881751363,7.439262019669623e-05,7.354893740845345e-05,0.025526355459524648,206
fru-F-000075,72,48,24,193,48,24,0.0001852098325459032,3.9022328130091666e-07,9.067517141802042e-06,0.003617908647806643,72
fru-F-000076,947,97,850,5599,97,850,0.0014570077304425287,2.075622175041325e-06,1.7623026323629e-05,0.04758554846490126,352
fru-F-000077,437,126,311,3841,126,311,0.0006582816967057686,3.34701231204327e-06,4.6684204964892615e-05,0.021958695542937542,139
fru-F-000078,330,13,317,2099,13,317,0.00016137639463436248,2.7988757617886964e-07,8.081850414176232e-06,0.016582081302447114,202
fru-F-000079,232,98,134,1237,98,134,0.0004551699309648054,7.966733720943281e-07,1.1846447075676145e-05,0.011657705642932515,207
fru-F-000080,105,71,34,607,71,34,0.0002095501614071257,4.015111663692314e-07,2.5042072072088645e-05,0.005276116778051354,92
fru-F-000081,98,50,48,743,50,48,0.0005138418557159239,2.092123458711832e-06,1.296846752048821e-05,0.004924375659514597,89
fru-F-000082,879,465,414,10132,465,414,0.007017970216478791,0.0001630451571132319,0.00016136073044352705,0.044168634741972766,331
fru-F-000083,131,109,22,550,109,22,0.0007033011256931199,1.398791786862985e-05,1.7481498506771386e-05,0.006582583789759309,117
fru-F-000084,344,50,294,1240,50,294,0.0002448281220439896,2.1666648586484023e-07,1.0706805091639442e-05,0.017285563539520626,205
fru-F-000085,128,89,39,377,89,39,0.0015249518668040427,0.00014091534004436802,1.4708836723169875e-05,0.0064318375961006985,126
fru-F-000086,195,151,44,1750,151,44,0.0012212651026839284,4.895658818363166e-05,3.090051418787596e-05,0.009798502587809657,186
fru-F-000087,100,45,55,522,45,55,0.0005943628596669379,1.2293030297456702e-05,1.637327283868642e-05,0.00502487312195367,86
fru-F-000088,36,25,11,83,25,11,0.00019624027387953117,3.666256857555281e-06,8.320206742386843e-06,0.0018089543239033215,36
fru-F-000090,620,389,231,4161,389,231,0.0033900270133513143,9.665385813110404e-05,0.00022952163132849504,0.031154213356112757,263
fru-F-000091,675,312,363,3498,312,363,0.006826777355037572,7.812745786458605e-05,7.372859623394664e-05,0.03391789357318728,331
fru-F-000092,667,232,435,5656,232,435,0.0021483564489078906,2.556641681508134e-05,7.6521391801497e-05,0.03351590372343098,233
fru-F-000093,164,84,80,1060,84,80,0.00024554904366123025,1.076533577411459e-06,4.0552929355978575e-05,0.00824079192000402,118
fru-F-000095,469,395,74,4350,395,74,0.0006796914336080457,2.5197936445045456e-06,0.0005716628579169391,0.023566654941962716,128
fru-F-000096,656,348,308,4023,348,308,0.007304818174086667,1.1499714806289301e-05,3.109886004678838e-05,0.03296316768001608,352
fru-F-000097,359,41,318,2691,41,318,0.0006640012877024421,3.785742050080954e-06,1.0701975984195024e-05,0.018039294507813677,229
fru-F-000098,1078,601,477,8355,601,477,0.005624770517051535,0.00010202850716013368,9.537834302582708e-05,0.05416813225466057,240
fru-F-000099,314,73,241,1544,73,241,0.0006494161675838539,5.204967990436527e-07,1.6369355765687247e-05,0.015778101602934524,201
fru-F-000100,701,296,405,4561,296,405,0.005582850158466981,7.906475447789779e-05,8.894543875672485e-05,0.03522436058489523,331
fru-F-000101,95,73,22,468,73,22,0.000728732064796534,3.5088658124556165e-06,3.0513977312010065e-05,0.004773629465855987,80
fru-F-000103,282,38,244,1694,38,244,0.0002145970982229082,5.164293464772799e-07,1.1506647711231698e-05,0.014170142203909351,156
fru-F-000104,222,165,57,1506,165,57,0.0016494534920390924,8.390724205735861e-06,3.313798627423307e-05,0.01115521833073715,205
fru-F-000105,595,211,384,4627,211,384,0.002516923348818013,1.2522410550896261e-05,3.50589515782918e-05,0.02989799507562434,237
fru-F-000106,820,645,175,4460,645,175,0.01334104149575957,2.5199096389985624e-05,5.298158977184816e-05,0.0412039596000201,352
fru-F-000108,51,28,23,186,28,23,0.0003513639892823695,2.624870093082861e-06,9.689632948426166e-06,0.002562685292196372,49
fru-F-000109,269,61,208,1740,61,208,0.0005065013354665543,1.539239627418903e-06,1.1329167644869842e-05,0.013516908698055373,216
fru-F-000110,490,70,420,7751,70,420,0.0008222726645846059,2.4056399181843813e-06,2.7876399026899737e-05,0.024621878297572987,201
fru-F-000111,279,123,156,1930,123,156,0.0018475867856242781,6.997907384901383e-06,5.0326477688405276e-05,0.014019396010250741,146
fru-F-000112,46,7,39,112,7,39,0.00032114273159333394,9.85805670464871e-07,8.156019422503703e-06,0.0023114416360986885,46
fru-F-000113,277,26,251,1981,26,251,0.00021703383662208283,6.178698077188434e-07,2.0838869508096264e-05,0.013918898547811668,207
fru-F-000114,1145,235,910,8160,235,910,0.002773554602004234,5.2137246772418735e-05,0.00014281013097327711,0.05753479724636953,352
fru-F-000115,395,206,189,2438,206,189,0.004685023610106744,4.513900676671055e-06,2.5531772978556264e-05,0.019848248831717,334
fru-F-000116,498,172,326,4498,172,326,0.0011660130851628538,5.010396277719449e-06,3.082274113438349e-05,0.02502386814732928,231
fru-F-000117,224,142,82,729,142,82,0.0013832164271437358,5.778348947020418e-06,2.548201210965938e-05,0.011255715793176222,165
fru-F-000118,445,52,393,6489,52,393,0.0005990758674009879,1.7760758063212262e-06,2.0851706092341833e-05,0.022360685392693834,179
fru-F-000119,328,138,190,2076,138,190,0.0024288812241227632,3.301979750177945e-05,2.2432971016357644e-05,0.01648158384000804,246
fru-F-000120,279,226,53,1629,226,53,0.001138905024300112,7.84709706047798e-06,2.7003401117103686e-05,0.014019396010250741,196
fru-F-000121,362,212,150,2512,212,150,0.002114639955957088,6.5195623640287e-06,4.4139534908280666e-05,0.018190040701472288,228
fru-F-000122,74,48,26,308,48,26,0.00048015363214012836,3.9877569108785597e-07,2.0660135950416047e-05,0.0037184061102457163,71
fru-F-000123,440,226,214,2614,226,214,0.004793684408340797,3.282082183796899e-05,3.3920383734637586e-05,0.022109441736596153,352
fru-F-000124,735,402,333,6932,402,333,0.00530310878420075,0.00011976135223315335,0.00010082366799058837,0.03693281744635948,293
fru-F-000126,925,475,450,4815,475,450,0.00411022852385521,4.0532888854674086e-05,0.00011139778497580132,0.04648007637807145,231
fru-F-000127,172,94,78,1565,94,78,0.00029954858630086844,2.6876031482097015e-06,6.249112833334378e-05,0.008642781769760313,109
fru-F-000128,76,55,21,502,55,21,0.00018927801252446158,4.619845187792307e-07,2.2358118273362497e-05,0.0038189035726847896,74
fru-F-000129,88,43,45,589,43,45,7.111154579243966e-05,9.922880104703702e-08,4.697673546130709e-05,0.00442188834731923,62
fru-F-000130,1408,670,738,16886,670,738,0.008015530415354534,0.013694546721101401,0.000295392001649435,0.07075021355710769,348
fru-F-000131,630,335,295,5269,335,295,0.0045047075786280415,7.885713054804127e-05,4.819612759154663e-05,0.03165670066830813,241
fru-F-000133,308,218,90,2223,218,90,0.0020525262933943998,3.819480871086151e-05,3.648275097861082e-05,0.015476609215617306,205
fru-F-000134,83,38,45,358,38,45,0.0001240042418204191,2.4247302522516337e-07,1.3631530778030704e-05,0.004170644691221546,80
fru-F-000135,133,78,55,490,78,55,0.0008944815112267704,2.4407200028848522e-06,1.2478256446174493e-05,0.006683081252198382,126
fru-F-000136,148,125,23,689,125,23,0.0005611325952824584,6.624862405913064e-07,4.788173255924519e-05,0.0074368122204914325,99
fru-F-000137,1167,291,876,8954,291,876,0.004444236857051673,0.00010907875322401104,0.00014901704510559457,0.05864026933319934,352
fru-F-000138,879,637,242,4434,637,242,0.018977321617161272,3.1587862933513614e-05,8.248990021115913e-05,0.044168634741972766,352
fru-F-000139,1175,261,914,9267,261,914,0.0033284429639223907,9.874018630359013e-05,0.00012093897245639178,0.05904225918295563,352
fru-F-000140,285,258,27,1097,258,27,0.00369448071822245,3.545973406411179e-05,3.374349952890521e-05,0.014320888397567962,210
fru-F-000141,781,344,437,4037,344,437,0.0040060309372224375,8.39842243087138e-05,4.196347487374386e-05,0.03924425908245817,287
fru-F-000142,629,252,377,5003,252,377,0.0029268726151672436,1.9848792868049715e-05,6.252344040899555e-05,0.03160645193708859,275
fru-F-000143,584,188,396,3261,188,396,0.0036907056027218194,6.157871859854957e-05,2.7380915451820027e-05,0.029345259032209435,348
fru-F-000144,603,375,228,5587,375,228,0.004298448292868307,2.4931270046277704e-05,9.375835011806969e-05,0.030299984925380635,236
fru-F-000145,479,168,311,4340,168,311,0.0013019484623429662,4.205142340669813e-06,3.207676080595974e-05,0.02406914225415808,231
fru-F-000146,888,426,462,3972,426,462,0.008613350378257762,4.022174535827079e-05,4.655596263806528e-05,0.0446208733229486,352
fru-F-000147,128,51,77,427,51,77,0.00037447534766117403,1.2626357106209107e-06,9.646763361475633e-06,0.0064318375961006985,124
fru-F-000148,910,466,444,6464,466,444,0.008896290224849,8.871842748338308e-06,5.330322919611526e-05,0.0457263454097784,352
fru-F-000150,466,156,310,2331,156,310,0.0031899995309736208,6.054580671799346e-06,1.9238570597647396e-05,0.023415908748304105,318
fru-F-000151,244,162,82,1185,162,82,0.0012797985958731615,1.9179471814252646e-06,2.9759772813369665e-05,0.012260690417566956,195
fru-F-000152,388,90,298,2111,90,298,0.0009982244056622731,0.00013373696434176028,2.125998076132965e-05,0.019496507713180244,217
fru-F-000153,146,107,39,612,107,39,0.001170419854818332,4.205645925369751e-06,1.6044384968247216e-05,0.007336314758052359,139
fru-F-000154,720,292,428,5456,292,428,0.003013986582822648,3.54811340358336e-05,7.032522076606275e-05,0.036179086478066426,293
fru-F-000155,549,161,388,3678,161,388,0.0017442425551170149,3.32778119273849e-05,3.089107340309293e-05,0.027586553439525652,236
fru-F-000157,190,119,71,1571,119,71,0.001202426116286235,9.439133888037256e-06,0.00010627452874141309,0.009547258931711974,146
fru-F-000158,38,2,36,200,2,36,2.9330453940381477e-06,5.027140502565993e-10,7.59029202019344e-06,0.0019094517863423948,38
fru-F-000159,871,31,840,5157,31,840,0.0008971692440708324,5.813781358563649e-06,9.361788921547065e-06,0.043766644892216475,352
fru-F-000160,153,112,41,480,112,41,0.001162643122053423,1.2029967584818676e-06,1.4874608772156993e-05,0.0076880558765891165,130
fru-F-000161,1091,615,476,5286,615,476,0.013562602725545209,0.0001018126196339332,6.34071656592097e-05,0.054821365760514544,352
fru-F-000162,68,27,41,146,27,41,0.00011670372082389712,1.729838071586692e-08,8.50158827356883e-06,0.003416913722928496,68
fru-F-000163,566,86,480,3599,86,480,0.0012967477975379007,1.5552422628656945e-06,1.5074477941242454e-05,0.028440781870257777,252
fru-F-000164,863,551,312,4678,551,312,0.011964931096138304,0.0003842645524382219,0.00019065988989350275,0.043364655042460176,331
fru-F-000165,944,481,463,4673,481,463,0.010055160561133298,6.800977509796025e-06,3.552687113358159e-05,0.04743480227124265,352
fru-F-000166,629,180,449,3545,180,449,0.00335788689707158,2.0595297292616277e-05,2.6800097906638188e-05,0.03160645193708859,348
fru-F-000167,53,11,42,327,11,42,2.406871841437627e-05,9.78812960196889e-08,1.982807872974544e-05,0.0026631827546354453,50
fru-F-000168,78,36,42,327,36,42,0.0003578897962879949,3.3893898224090946e-07,1.390562486091663e-05,0.003919401035123863,72
fru-F-000169,1227,295,932,9439,295,932,0.0021222519421260624,0.00013051351961647012,0.0002173602519996224,0.06165519320637154,252
fru-F-000170,700,200,500,4258,200,500,0.0038801036667888244,6.16751780608245e-05,3.021584088832786e-05,0.035174111853675694,349
fru-F-000171,267,174,93,1648,174,93,0.0017423832242135237,8.90599383208217e-06,4.972568368476043e-05,0.0134164112356163,207
fru-F-000172,463,231,232,2367,231,232,0.004324290808008164,5.229495781732492e-06,2.464043720374966e-05,0.023265162554645495,352
fru-F-000173,686,268,418,4428,268,418,0.003390725672276018,7.603122623714327e-05,7.091054107309735e-05,0.03447062961660218,272
fru-F-000175,277,220,57,982,220,57,0.003221786884122484,4.898732766089021e-05,3.0281479086478964e-05,0.013918898547811668,211
fru-F-000176,1072,619,453,7869,619,453,0.011689660770491276,2.4325334729223226e-05,6.214309133300541e-05,0.05386663986734335,352
fru-F-000177,289,121,168,1771,121,168,0.0003080322501083817,1.40710710890987e-06,7.054291371221815e-05,0.014521883322446109,158
fru-F-000178,599,130,469,3498,130,469,0.0025873800848245122,4.4620285128377265e-05,2.1537685200671424e-05,0.030098990000502486,352
fru-F-000179,783,236,547,4903,236,547,0.002859374144321123,3.432795171873498e-05,5.0972489027403905e-05,0.03934475654489724,318
fru-F-000180,564,99,465,3128,99,465,0.0028725014411836117,2.3181322912048826e-05,1.9941169828913564e-05,0.028340284407818703,318
fru-F-000181,365,129,236,3377,129,236,0.0012069095133661408,2.360608790088705e-06,2.364708954936792e-05,0.018340786895130898,231
fru-F-000182,295,142,153,1185,142,153,0.002021217112306881,2.955790821233074e-06,2.6518447464463505e-05,0.014823375709763328,202
fru-F-000183,308,248,60,1535,248,60,0.002480726634853596,5.754011824088843e-05,4.5321160264428046e-05,0.015476609215617306,211
fru-F-000184,570,366,204,5178,366,204,0.00335632448791806,2.3999959725273213e-05,8.804235174904715e-05,0.028641776795135923,233
fru-F-000185,626,138,488,4346,138,488,0.002469354901173052,6.911984155404409e-05,3.026909621828736e-05,0.03145570574342998,352
fru-F-000186,391,19,372,2014,19,372,0.0007840861397461949,6.212431597627174e-07,8.43891115780529e-06,0.019647253906838854,206
fru-F-000187,308,166,142,1943,166,142,0.003117024899244013,0.0001054280487766247,2.1302971710455796e-05,0.015476609215617306,246
fru-F-000189,1414,362,1052,10269,362,1052,0.005346329767010293,0.00013218592445829255,0.0001170606860911652,0.0710517059444249,352
fru-F-000190,694,389,305,3330,389,305,0.009160259566621715,2.8014082390504433e-05,2.9296032619053433e-05,0.03487261946635847,352
fru-F-000191,826,370,456,7952,370,456,0.004636996378492185,0.00011674932524947785,0.0001272938931866688,0.04150545198733732,296
fru-F-000192,1351,302,1049,10459,302,1049,0.004435379990711885,7.743144123471365e-05,0.00014957503509017004,0.06788603587759409,352
fru-F-000193,340,117,223,1377,117,223,0.0016870202942618662,1.3945591217092484e-05,2.6082775667082145e-05,0.01708456861464248,212
fru-F-000194,1184,229,955,8282,229,955,0.0035173891333081016,9.103792534145572e-05,9.859726662798681e-05,0.05949449776393146,352
fru-F-000195,500,202,298,3274,202,298,0.002625559807542146,1.2867147703773554e-05,3.835209515115558e-05,0.025124365609768353,217
fru-F-000196,379,154,225,2625,154,225,0.003971914167562544,1.5884662025905927e-05,1.8047679391534582e-05,0.019044269132204413,280
fru-F-000197,228,188,40,1692,188,40,0.0015008897624109703,4.7995537985753965e-05,3.100287116705713e-05,0.01145671071805437,203
fru-F-000198,349,53,296,2165,53,296,0.00032236913677615646,5.360970181180308e-07,1.8830572753156634e-05,0.01753680719561831,222
fru-F-000199,394,113,281,2355,113,281,0.0026065204891823823,2.743665205800898e-05,1.8679927263972933e-05,0.019798000100497464,290
fru-F-000200,121,68,53,711,68,53,0.00024499262250682536,7.165844326745387e-07,2.2773678403256257e-05,0.006080096477563942,101
fru-F-000201,238,188,50,814,188,50,0.0024120389267789336,8.640842528262777e-06,2.683577566086347e-05,0.011959198030249736,160
fru-F-000202,1328,277,1051,11776,277,1051,0.012308016175725158,4.506483968096847e-05,4.282269086589523e-05,0.06673031505954474,352
fru-F-000203,801,428,373,14284,428,373,0.006119951137066563,0.00021880735371400666,0.00023247975543910768,0.0402492337068489,331
fru-F-000204,92,72,20,359,72,20,0.0006910700592522905,1.3331214879158172e-06,2.5155072444344285e-05,0.004622883272197377,83
fru-F-000205,360,150,210,2271,150,210,0.0004178423954258439,1.07440420117295e-06,9.323348263095885e-05,0.018089543239033213,201
fru-F-000206,613,433,180,2465,433,180,0.010988823798874807,1.2704657171528881e-05,3.0362852361204003e-05,0.030802472237576,352
fru-F-000207,773,229,544,4682,229,544,0.0032522940043194274,1.6651255637387934e-05,7.843304802232104e-05,0.03884226923270188,289
fru-F-000208,248,204,44,2413,204,44,0.0003997348980313343,2.1167836443039376e-06,0.00015902204224977853,0.012461685342445104,121
fru-F-000210,68,37,31,283,37,31,0.00013474244174909545,3.522257487258124e-07,1.6370771153588235e-05,0.003416913722928496,66
fru-F-000211,378,278,100,3003,278,100,0.0003384216188278351,7.836849178162894e-07,0.0003963831301248875,0.018994020400984874,111
fru-F-000212,78,55,23,354,55,23,0.00021463690196920964,3.1790427991919377e-07,1.859012504505109e-05,0.003919401035123863,72
fru-F-000213,282,157,125,1919,157,125,0.00023242477395748792,5.78359365392097e-07,0.00016468309896336595,0.014170142203909351,109
fru-F-000214,54,32,22,144,32,22,0.00031999872106302406,2.934068165779225e-07,9.291818076226273e-06,0.002713431485854982,51
fru-F-000215,83,37,46,345,37,46,0.00036855940601292344,8.277419139564353e-07,1.083609177460957e-05,0.004170644691221546,79
fru-F-000216,467,214,253,4221,214,253,0.0024271279534201196,5.456547757912781e-06,4.6613891241889645e-05,0.02346615747952364,231
fru-F-000217,211,67,144,1048,67,144,0.0005431470398530165,3.0469828827339466e-05,2.2100998996054085e-05,0.010602482287322246,181
fru-F-000218,102,50,52,631,50,52,0.00017982908947611332,1.3394842570072642e-06,4.758150342562986e-05,0.005125370584392744,80
fru-F-000219,262,200,62,1768,200,62,0.0020759082156954936,3.8168689489211884e-05,3.085103261119286e-05,0.013165167579518617,211
fru-F-000220,221,172,49,1229,172,49,0.00035494037662083715,5.760198098653684e-07,7.957643421320509e-05,0.011104969599517612,121
fru-F-000221,418,159,259,2335,159,259,0.0031465469920069957,7.372878392028514e-05,2.2128967977437753e-05,0.021003969649766342,298
fru-F-000222,461,254,207,3524,254,207,0.0021388131684519757,7.700787865458584e-06,4.5639502941091085e-05,0.02316466509220642,231
fru-F-000223,86,27,59,321,27,59,0.00026324985463292754,3.26709541435111e-07,1.0388750584141038e-05,0.004321390884880157,75
fru-F-000224,611,535,76,9476,535,76,0.010236509304393758,0.00041227464570211034,0.00024004333536642856,0.030701974775136927,317
fru-F-000225,535,360,175,3144,360,175,0.0044084162904792275,0.00010454521871250131,5.1742850370623256e-05,0.02688307120245214,236
fru-F-000226,150,124,26,662,124,26,0.0009157155379180529,7.613363142866167e-07,3.815160796350005e-05,0.007537309682930506,105
fru-F-000227,452,335,117,3493,335,117,0.003737515622753172,0.00012184354671410872,0.00010748551159082139,0.02271242651123059,231
fru-F-000228,104,50,54,452,50,54,0.00043554594653959965,3.298361972165627e-07,2.2266441027144675e-05,0.005225868046831818,93
fru-F-000229,65,34,31,242,34,31,0.00024351158050212225,2.8161403255901867e-07,1.8263309223771034e-05,0.003266167529269886,63
fru-F-000230,205,84,121,1234,84,121,0.001164564306038454,3.062368139889324e-06,2.420842437138264e-05,0.010300989900005025,119
fru-F-000231,149,102,47,627,102,47,0.0015598107395878372,1.9242543349271754e-05,1.5146374223503782e-05,0.007487060951710969,140
fru-F-000232,728,231,497,3784,231,497,0.0054363194413558705,2.331127311730045e-05,5.5097740273080856e-05,0.036581076327822724,345
fru-F-000233,498,27,471,2653,27,471,0.00011570160560265267,5.136671636440776e-08,1.1715086068503673e-05,0.02502386814732928,150
fru-F-000234,323,24,299,4168,24,299,0.00010196558837444136,4.561107172757377e-07,1.9143001846766463e-05,0.016230340183910355,269
fru-F-000235,107,78,29,430,78,29,0.0011252136235885355,2.585881783497587e-06,1.2993919894123612e-05,0.005376614240490428,104
fru-F-000236,485,248,237,3216,248,237,0.0031015569948426975,3.497044131778418e-05,7.594346679925806e-05,0.024370634641475302,227
fru-F-000237,628,203,425,3510,203,425,0.003659018229045668,6.488238065949386e-05,3.625320185628444e-05,0.03155620320586905,337
fru-F-000238,207,108,99,1711,108,99,0.0002712164531541665,1.2109560624687967e-06,5.0601762675391305e-05,0.010401487362444098,121
fru-F-000239,489,217,272,3436,217,272,0.0019281565846007889,4.9533299420084695e-06,3.423574627250029e-05,0.024571629566353448,231
fru-F-000240,321,176,145,1585,176,145,0.0013354314305768602,2.5354658599009653e-06,3.080202826216399e-05,0.016129842721471284,223
fru-F-000241,398,108,290,2043,108,290,0.0026020817592946497,8.79581409120048e-05,1.687705454372229e-05,0.01999899502537561,289
fru-F-000242,71,32,39,384,32,39,0.00014068381824577917,4.446770696952991e-06,0.00015412405801943635,0.003567659916587106,47
fru-F-000243,865,535,330,3579,535,330,0.009729151271931573,5.4344102370973034e-05,9.520885302625936e-05,0.043465152504899254,331
fru-F-000244,178,22,156,523,22,156,0.0002068289343541421,1.3929197388597372e-06,8.686582090465473e-06,0.008944274157077534,129
fru-F-000245,476,62,414,2468,62,414,0.0013321720040644434,6.522064263913051e-06,1.4154024699189722e-05,0.02391839606049947,318
fru-F-000246,1194,804,390,14705,804,390,0.02042527992931122,5.059474329657972e-05,0.00017305420661974482,0.05999698507612683,352
fru-F-100000,110,80,30,386,80,30,0.0007988251236944535,3.293360603173429e-05,1.1951475400569969e-05,0.005527360434149038,109
fru-F-100001,1155,829,326,5570,829,326,0.001658026891769504,1.8992198473877482e-06,0.00044656244114312166,0.0580372845585649,226
fru-F-100002,106,47,59,251,47,59,0.00043758105117241774,3.269848724734581e-06,9.485287669549956e-06,0.005326365509270891,105
fru-F-100003,222,38,184,713,38,184,0.00022982388137619554,1.7752986386599784e-07,9.535836322440831e-06,0.01115521833073715,142
fru-F-100004,128,60,68,416,60,68,0.0005479405851532395,7.29594956407362e-06,1.1352800796524522e-05,0.0064318375961006985,123
fru-F-100005,270,259,11,848,259,11,0.0030331538791025375,9.602125204315083e-06,4.170289935849979e-05,0.01356715742927491,151
fru-F-100006,165,83,82,476,83,82,0.0015843956026846654,2.593559880150867e-06,1.2247981379826568e-05,0.008291040651223557,153
fru-F-100007,12,3,9,49,3,9,1.0305354592895418e-06,1.0441867121659545e-10,8.24731246350613e-06,0.0006029847746344405,12
fru-F-100008,234,50,184,1281,50,184,0.00031834347373142286,9.387660953283363e-07,2.310619132675706e-05,0.01175820310537159,200
fru-F-100009,172,97,75,538,97,75,0.0015103767455520597,1.2651999451113716e-05,1.2209691866694704e-05,0.008642781769760313,162
fru-F-100010,122,86,36,447,86,36,0.0013449256632790557,3.389062188891087e-05,1.3164639327430309e-05,0.006130345208783478,118
fru-F-100011,127,36,91,299,36,91,0.00027113872502278365,9.840170510907758e-07,8.862019327973342e-06,0.006381588864881162,122
fru-F-100012,113,76,37,370,76,37,0.00042547538074181175,7.669166409298283e-07,1.6622906834039207e-05,0.0056781066278076475,112
fru-F-100013,499,267,232,2269,267,232,0.007433010750667229,6.831537956360655e-05,3.199083849719015e-05,0.025074116878548817,325
fru-F-100014,154,64,90,617,64,90,0.0005347219594623659,2.284463024526941e-05,1.1238525741883229e-05,0.007738304607808653,144
fru-F-100015,525,20,505,2430,20,505,0.00016470668746380613,1.463823476461445e-07,1.055532281647748e-05,0.02638058389025677,293
fru-F-100016,331,243,88,1144,243,88,0.005440747890716091,0.0001725224271288924,2.7392618150390905e-05,0.01663233003366665,204
fru-F-100017,73,65,8,324,65,8,0.0003768623859656745,4.7120224244877946e-07,2.8474467618280807e-05,0.0036681573790261794,70
fru-F-100018,61,48,13,246,48,13,0.0005682374121112636,1.6594311345351728e-06,1.3071551530458169e-05,0.003065172604391739,61
fru-F-100019,128,85,43,497,85,43,0.0010925599074153869,9.40398445559956e-06,1.4610093700271047e-05,0.0064318375961006985,126
fru-F-100020,51,38,13,102,38,13,0.0006607401552998605,1.1703895549670858e-05,9.212251746629188e-06,0.002562685292196372,51
fru-F-100021,126,53,73,419,53,73,0.0004378324820195232,1.1589716298807067e-06,1.0577879100910366e-05,0.006331340133661625,122
fru-F-100023,610,481,129,3095,481,129,0.0009480700055930298,1.5632968393148415e-06,0.00035251666755428245,0.03065172604391739,124
fru-F-100024,49,28,21,126,28,21,5.7795390733898854e-05,5.397591215171147e-08,1.1675219177502893e-05,0.0024621878297572987,48
fru-F-100025,170,71,99,585,71,99,0.001208435206608,1.4203889473476445e-05,1.2801240359544566e-05,0.00854228430732124,153
fru-F-100026,110,38,72,311,38,72,0.00031688510825694197,8.635040134200649e-07,9.420265067243756e-06,0.005527360434149038,107
fru-F-100027,527,282,245,2585,282,245,0.00493509145731152,2.6045187475885394e-05,4.9426179502823064e-05,0.026481081352695845,266
fru-F-100028,288,92,196,797,92,196,0.001066489765562733,8.901486567279254e-06,1.1852546107755718e-05,0.014471634591226572,149
fru-F-100029,150,90,60,1293,90,60,0.0002903790054492425,2.0850546342316132e-06,6.854414945416804e-05,0.007537309682930506,116
fru-F-100030,491,273,218,3550,273,218,0.0033093271643190687,3.100583879936544e-05,3.96072520403127e-05,0.024672127028792522,231
fru-F-100031,465,276,189,2029,276,189,0.004357318159408431,8.241350957646653e-05,4.774899149383227e-05,0.02336566001708457,251
fru-F-100032,455,381,74,4406,381,74,0.007702326267883827,0.00025890149947739675,8.891469703582252e-05,0.0228631727048892,312
fru-F-100033,132,75,57,473,75,57,0.0008287326681449513,2.0537733530152204e-05,1.1368295061073427e-05,0.006632832520978845,132
fru-F-100034,544,350,194,2460,350,194,0.007364962482020013,6.738629764079624e-05,3.652419042927344e-05,0.027335309783427967,318
fru-F-100035,63,35,28,165,35,28,0.00017293702165956204,4.827612218542578e-06,8.935369402891131e-06,0.0031656700668308124,63
fru-F-100036,500,223,277,3459,223,277,0.002943686959380006,4.099253601085373e-05,3.4823484878503934e-05,0.025124365609768353,233
fru-F-100037,134,60,74,414,60,74,0.000553530988992388,7.575891779336216e-06,1.04420527107535e-05,0.006733329983417919,133
fru-F-100038,190,109,81,630,109,81,0.0014094330051505435,2.261466253808918e-05,1.551925641934987e-05,0.009547258931711974,165
fru-F-100039,29,15,14,55,15,14,7.781101301796474e-05,5.848687337297019e-07,8.07074963522898e-06,0.0014572132053665644,29
fru-F-100040,498,205,293,2300,205,293,0.003391441557558424,1.018765805711214e-05,1.9473788832341703e-05,0.02502386814732928,300
fru-F-100041,24,14,10,50,14,10,5.4919722211024654e-05,6.299211178855347e-08,7.799993655426999e-06,0.001205969549268881,24
fru-F-100042,159,19,140,400,19,140,8.269985776273656e-05,7.579780332921661e-08,8.009328778311729e-06,0.007989548263906337,123
fru-F-100043,726,329,397,4983,329,397,0.005916766482977697,0.00021481814044807188,7.28267722962516e-05,0.036480578865383646,298
fru-F-100044,730,460,270,4745,460,270,0.006936730550479675,3.7504189513477e-05,0.0002919356061402548,0.036681573790261796,306
fru-F-100045,489,166,323,1844,166,323,0.0026921587052016692,8.285248775971872e-06,5.606475663561307e-05,0.024571629566353448,296
fru-F-100046,82,45,37,264,45,37,0.00043283870183714385,2.0054245407196718e-06,9.807703104990932e-06,0.00412039596000201,82
fru-F-100047,1357,316,1041,9686,316,1041,0.004602917733862845,9.329008957847464e-05,7.792057450202264e-05,0.06818752826491131,352
fru-F-100048,63,50,13,145,50,13,0.000949541601687069,3.090296688894111e-06,9.11818581070021e-06,0.0031656700668308124,63
fru-F-100049,102,54,48,371,54,48,0.0006915035089810766,3.920759677215768e-07,1.2026634439961663e-05,0.005125370584392744,95
fru-F-100050,296,150,146,1810,150,146,0.0019355472202485008,5.937850829368557e-06,3.9269707938482595e-05,0.014873624440982865,165
fru-F-100051,221,107,114,1163,107,114,0.001700316113828489,5.050663645854373e-06,2.9339466853934192e-05,0.011104969599517612,133
fru-F-100052,622,175,447,3267,175,447,0.0020822162966829577,0.00016315848902851267,8.526482332483318e-05,0.03125471081855183,233
fru-F-100053,719,454,265,4879,454,265,0.00782454589973039,4.841823005014402e-05,0.00011525347082969861,0.036128837746846894,301
fru-F-100054,133,51,82,420,51,82,0.0008773137641126131,1.6942262582449776e-06,1.0254533093465761e-05,0.006683081252198382,122
fru-F-100055,179,119,60,1170,119,60,0.0003399914916902137,4.1816928464576674e-07,2.8612121400104955e-05,0.008994522888297071,138
fru-F-100056,481,167,314,2549,167,314,0.004098923698589439,5.953060519769951e-05,2.481860260753511e-05,0.024169639716597156,316
fru-F-100057,669,120,549,2845,120,549,0.0018344121130595996,6.572323445546986e-06,1.7504793013498645e-05,0.03361640118587006,271
fru-F-100058,195,137,58,1298,137,58,0.0004845102825961042,8.221537288234701e-07,6.163708768737833e-05,0.009798502587809657,119
fru-F-100059,2390,2282,108,18706,2282,108,0.06168539827502964,0.00015581477711395256,0.0002993042884992359,0.12009446761469272,352
fru-F-100060,117,76,41,670,76,41,0.00030098334833077335,3.61479652086466e-07,3.629371470627266e-05,0.005879101552685795,101
fru-F-100061,153,97,56,596,97,56,0.000767912009297298,3.3937277831896806e-06,1.9609709253787308e-05,0.0076880558765891165,128
fru-F-100062,513,184,329,6184,184,329,0.002782768945115318,0.00010156406974886931,4.5806625636532566e-05,0.02577759911562233,261
fru-F-100063,110,91,19,643,91,19,0.0018154480817641958,1.3004088982227133e-05,1.692377232024614e-05,0.005527360434149038,104
fru-F-100064,180,152,28,697,152,28,0.0027258033967051645,8.406578340962826e-06,3.536140424015841e-05,0.009044771619516606,172
fru-F-100065,441,105,336,2608,105,336,0.00304259855687407,8.375375253379363e-06,1.6357698301638047e-05,0.022159690467815688,293
fru-F-100066,233,177,56,2101,177,56,0.0003465855895883652,1.2449569399543672e-06,0.0001448015933200631,0.011707954374152053,109
fru-F-100067,323,88,235,1268,88,235,0.00022015860636082605,2.986398976238221e-07,1.3267310850653046e-05,0.016230340183910355,175
fru-F-100068,114,47,67,454,47,67,0.0005038197603788934,1.357273601110369e-06,1.8466765811306112e-05,0.005728355359027185,96
fru-F-100069,579,376,203,4397,376,203,0.006688600040257312,4.7727412400702894e-05,8.565602335889248e-05,0.029094015376111754,253
fru-F-100070,330,67,263,2045,67,263,0.0008274465360253341,1.8514377244853644e-05,2.0470325087605475e-05,0.016582081302447114,229
fru-F-100071,70,24,46,345,24,46,0.00023369287811032848,5.898135335494304e-07,1.013729907639574e-05,0.0035174111853675696,63
fru-F-100072,219,128,91,690,128,91,0.0010501120279364183,1.6805005035640507e-05,1.812358044382753e-05,0.011004472137078539,168
fru-F-100073,304,116,188,2181,116,188,0.0009041605637862256,1.1788785943012894e-05,0.00014753670879376758,0.015275614290739158,199
fru-F-100074,433,138,295,4454,138,295,0.0013057536990143024,3.879455453324344e-06,2.9017298437681323e-05,0.021757700618059393,231
fru-F-100075,797,261,536,7247,261,536,0.005061828288400893,0.00017367794912059983,8.148532200727182e-05,0.04004823878197075,352
fru-F-100076,119,79,40,413,79,40,0.0007561107695959784,2.5857631917705966e-06,1.3599222140420284e-05,0.005979599015124868,116
fru-F-100077,827,173,654,6521,173,654,0.007943046610210882,6.849503519631814e-05,3.248721418005767e-05,0.041555700718556854,290
fru-F-100078,271,196,75,2072,196,75,0.0018075474526227796,6.227541093824981e-05,3.210158919628712e-05,0.013617406160494448,211
fru-F-100079,185,84,101,627,84,101,0.0009256319891996351,1.0281764306916678e-05,1.4812919382076664e-05,0.009296015275614291,154
fru-F-100080,781,575,206,4781,575,206,0.01695972946061485,1.9781421568780277e-05,6.15380927527452e-05,0.03924425908245817,352
fru-F-100081,1402,444,958,7983,444,958,0.0020104982968962314,4.798810711328763e-06,0.00012728636145042298,0.07044872116979047,186
fru-F-100082,614,193,421,3293,193,421,0.00536135688560072,6.975749120264909e-05,3.0401625299590704e-05,0.030852720968795537,331
fru-F-100083,969,15,954,7553,15,954,8.175475648598204e-05,2.6977190489029525e-07,1.5607313461198768e-05,0.04869102055173107,327
fru-F-100084,604,173,431,3294,173,431,0.004845664303023155,3.50864039660896e-05,2.783349168157378e-05,0.03035023365660017,329
fru-F-100085,382,278,104,2054,278,104,0.0030664682527274095,7.969104234760615e-06,5.70498604821805e-05,0.019195015325863023,226
fru-F-100086,541,243,298,3126,243,298,0.005440972254791831,6.880844250772158e-05,3.5685551741013217e-05,0.027184563589769357,310
fru-F-100087,390,34,356,3462,34,356,0.000443043641639045,5.102808612183103e-07,9.17565739749507e-06,0.019597005175619315,231
fru-F-100088,134,40,94,1306,40,94,0.00021998508076682318,3.003369135023618e-07,2.0768953182935276e-05,0.006733329983417919,109
fru-F-100091,443,161,282,2617,161,282,0.0041233676949938,0.00016671460885306472,2.851969935364255e-05,0.02226018793025476,298
fru-F-100092,54,48,6,395,48,6,7.611654228497506e-05,5.3548469331846635e-08,4.553689149905787e-05,0.002713431485854982,49
fru-F-100093,210,126,84,711,126,84,0.0021444428752562562,5.4248142540984654e-06,1.9703525177210894e-05,0.010552233556102708,186
fru-F-100094,476,78,398,2522,78,398,0.001516298367597746,3.981630377009046e-05,1.4138196755668848e-05,0.02391839606049947,312
fru-F-100095,307,181,126,2421,181,126,0.00037584685617359035,8.166422216666354e-07,0.00019191850548460484,0.015426360484397768,121
fru-F-100096,233,97,136,1373,97,136,0.0012920747033937016,3.6679487289485793e-06,3.2391519530332216e-05,0.011707954374152053,124
fru-F-100097,378,190,188,1849,190,188,0.002627420898440155,1.0533099271213065e-05,3.0856233391402976e-05,0.018994020400984874,209
fru-F-100098,441,184,257,2868,184,257,0.002341054230686902,8.612191689573699e-06,6.259594156192869e-05,0.022159690467815688,232
fru-F-100099,67,46,21,485,46,21,0.00040986555318338856,4.445000201705108e-06,2.0954039601984587e-05,0.0033666649917089594,64
fru-F-100100,265,69,196,1015,69,196,0.0005472921486490677,1.1432622281902234e-05,1.0687992524282633e-05,0.013315913773177228,193
fru-F-100101,161,143,18,714,143,18,0.0007109670458101954,1.3116998640714663e-06,5.775373534268275e-05,0.00809004572634541,113
fru-F-100102,356,273,83,1857,273,83,0.004192242590470779,2.1860089886418035e-05,3.8444465594871244e-05,0.017888548314155067,232
fru-F-100103,443,208,235,2662,208,235,0.002294105779411496,1.443456875218941e-05,4.274434471007087e-05,0.02226018793025476,231
fru-F-100104,1216,268,948,8948,268,948,0.004017799994456286,9.739322756738848e-05,0.00011106597372997505,0.06110245716295663,352
fru-F-100105,176,167,9,550,167,9,0.0020075594728458847,3.461462788710025e-05,2.2257322690777237e-05,0.00884377669463846,141
fru-F-100107,434,216,218,2247,216,218,0.004095008595639784,2.0150587467921333e-05,2.3736692438297724e-05,0.021807949349278932,290
fru-F-100108,179,167,12,787,167,12,0.0015416773306128652,2.7874302770395782e-05,6.763683038940074e-05,0.008994522888297071,147
fru-F-100109,230,77,153,745,77,153,0.0005698142894668437,2.4035194324671398e-05,1.1542616355044548e-05,0.011557208180493442,186
fru-F-100110,424,332,92,2329,332,92,0.0036838563191639293,4.3545582201725365e-05,9.187470221649863e-05,0.021305462037083563,231
fru-F-100111,710,475,235,6115,475,235,0.008999060728513586,0.0001708016500025122,0.0001563418226399588,0.03567659916587106,295
fru-F-100112,850,68,782,3988,68,782,0.0012275047833649605,3.233790782573159e-06,1.3010664661741323e-05,0.0427114215366062,352
fru-F-100113,658,161,497,4060,161,497,0.0038133152368615684,5.162418152287094e-05,3.059164481780083e-05,0.03306366514245515,337
fru-F-100114,241,194,47,886,194,47,0.003660368332445154,2.219073656866215e-05,2.3391165971357453e-05,0.012109944223908346,150
fru-F-100115,410,150,260,1701,150,260,0.0033569763004964405,1.4300785671452978e-05,1.9749569611472515e-05,0.02060197980001005,290
fru-F-100116,341,125,216,3522,125,216,0.0010369534116227905,4.325020726388901e-06,2.6002287252507682e-05,0.017134817345862016,230
fru-F-100117,1156,265,891,9098,265,891,0.0032822714325112206,9.699505670163101e-05,0.00013365596910007004,0.058087533289784436,352
fru-F-100118,1168,259,909,7522,259,909,0.0034241751286437395,8.031436638615955e-05,0.00010936925744147294,0.05869051806441887,352
fru-F-100119,1285,116,1169,12140,116,1169,0.0011705724817208827,1.2880258345537148e-05,3.5749867613286126e-05,0.06456961961710467,352
fru-F-100120,124,33,91,762,33,91,0.0002966945609898855,3.4456356343021186e-07,1.0244721795565748e-05,0.006230842671222552,97
fru-F-100121,553,34,519,2731,34,519,0.0007128931923964624,9.801900350336302e-06,1.215097296421836e-05,0.027787548364403798,294
fru-F-100122,2000,1278,722,17508,1278,722,0.02521914771777372,4.488660578650878e-05,0.00016315193570643106,0.10049746243907341,352
fru-F-100123,491,116,375,2365,116,375,0.003192067111420463,3.181539132912619e-05,2.1846600291844106e-05,0.024672127028792522,318
fru-F-100124,943,491,452,5463,491,452,0.006594274677123689,4.516510604993604e-05,0.00013121586179645252,0.04738455354002311,331
fru-F-100125,719,281,438,4920,281,438,0.0035112095831020583,8.697777566974594e-05,4.598434473503465e-05,0.036128837746846894,263
fru-F-100126,360,95,265,2687,95,265,0.0005996950456713461,3.975640214987485e-06,1.520182043920332e-05,0.018089543239033213,229
fru-F-100127,221,188,33,636,188,33,0.0012754498127952626,8.098168619686796e-06,4.894908396655994e-05,0.011104969599517612,131
fru-F-100128,633,271,362,3173,271,362,0.004857769321301814,5.2029682987284295e-05,4.454822166891926e-05,0.03180744686196674,331
fru-F-100129,136,79,57,939,79,57,0.00027213799942138255,7.905898247771618e-07,3.331857827804398e-05,0.006833827445856992,106
fru-F-100130,41,14,27,154,14,27,0.00010160977442826825,9.701709910256447e-08,8.064667205893105e-06,0.002060197980001005,41
fru-F-100131,249,174,75,1079,174,75,0.0006830638352213157,2.9811149862841563e-06,2.897345656992791e-05,0.01251193407366464,179
fru-F-100132,510,129,381,2607,129,381,0.0021746468272757892,1.2027366906821052e-05,1.907682244915866e-05,0.02562685292196372,325
fru-F-100133,443,240,203,3354,240,203,0.003930198768026223,2.9002494731755255e-05,0.00011707921916461022,0.02226018793025476,298
fru-F-100134,228,70,158,869,70,158,0.0006902679584083978,1.169418214959652e-05,1.077430422829805e-05,0.01145671071805437,182
fru-F-100135,119,50,69,538,50,69,0.000125261957971573,2.536175773863575e-07,2.3678936094059095e-05,0.005979599015124868,95
fru-F-100136,775,487,288,3808,487,288,0.009025950347590675,6.420018577295037e-05,0.00010199131462643782,0.03894276669514095,331
fru-F-100137,238,182,56,1536,182,56,0.0003948625233595425,7.573937844213313e-07,0.00011414685354756679,0.011959198030249736,121
fru-F-100138,627,259,368,4297,259,368,0.0033042774339469977,4.241816334046264e-05,6.028632645045147e-05,0.03150595447464952,292
fru-F-100139,454,276,178,3302,276,178,0.003539072146836652,5.10321876120725e-05,4.413916217464246e-05,0.022812923973669665,261
fru-F-100140,343,110,233,1942,110,233,0.002034137330982473,3.218408581240139e-05,2.1493931636552818e-05,0.01723531480830109,231
fru-F-100141,446,229,217,3180,229,217,0.002842539046475895,2.4271851886954477e-05,5.6944473534600755e-05,0.02241093412391337,224
fru-F-100142,262,192,70,1868,192,70,0.0004011262668948209,4.836140280093467e-07,0.00021423823499254913,0.013165167579518617,122
fru-F-100143,197,101,96,838,101,96,0.0012300056139774578,1.361027853114453e-06,2.0550092622937333e-05,0.009899000050248732,169
fru-F-100144,396,261,135,2732,261,135,0.004810321012492459,1.0136625789158978e-05,9.991926341989807e-05,0.019898497562936535,204
fru-F-100145,547,416,131,3878,416,131,0.0045166448888216,0.00019768350422339392,8.441076528254399e-05,0.027486055977086577,238
fru-F-100147,318,61,257,1345,61,257,0.00030548868818582156,2.1966717651343305e-07,1.8417930674837187e-05,0.015979096527812674,150
fru-F-200000,896,95,801,5302,95,801,0.0022684437471464395,1.973201670050838e-06,1.4392350328703471e-05,0.04502286317270489,352
fru-F-200001,93,82,11,233,82,11,0.0007949865892163894,3.492240941338473e-06,9.872323005180016e-06,0.0046731320034169134,93
fru-F-200002,340,238,102,2314,238,102,0.0002939754862777084,5.48533010259687e-07,0.00024982634432634703,0.01708456861464248,109
fru-F-200003,409,174,235,1921,174,235,0.0026416794253274417,5.6091028170075846e-05,4.565013112687697e-05,0.02055173106879051,291
fru-F-200004,110,72,38,369,72,38,0.0011630067981769797,7.249909462236829e-06,1.1846132928345106e-05,0.005527360434149038,108
fru-F-200005,114,65,49,482,65,49,0.0006035557508800269,4.597006080070361e-07,2.3869076726685763e-05,0.005728355359027185,100
fru-F-200006,127,55,72,346,55,72,0.0008357671983093406,1.289788643396356e-06,9.5709863578074e-06,0.006381588864881162,120
fru-F-200007,333,91,242,1231,91,242,0.0010851975039195454,1.2517186432174349e-05,2.8817982783456902e-05,0.016732827496105725,181
fru-F-200008,154,89,65,536,89,65,0.0011978462995177496,1.8073538072366737e-05,1.2386183123522398e-05,0.007738304607808653,147
fru-F-200009,368,116,252,2227,116,252,0.0013608282536630954,1.4257415562992864e-05,1.3955874660880695e-05,0.018491533088789508,226
fru-F-200010,120,96,24,414,96,24,0.001108183551360547,1.1520301941885821e-05,1.482658398755417e-05,0.006029847746344405,115
fru-F-200011,151,78,73,466,78,73,0.0011631058048554672,3.2293589156803518e-06,1.2746158703483331e-05,0.007587558414150043,140
fru-F-200012,536,318,218,2999,318,218,0.0049194018699511306,8.539369943804513e-05,6.451999877363949e-05,0.026933319933671675,266
fru-F-200013,167,96,71,603,96,71,0.001534467968243391,4.413234087414648e-06,1.4322041604005485e-05,0.00839153811366263,154
fru-F-200014,160,61,99,404,61,99,0.0010648722110732248,1.7940190006264122e-06,1.1046053778427658e-05,0.008039796995125872,149
fru-F-200015,129,82,47,423,82,47,0.0007993121298002081,2.7796800408333185e-06,1.1555235197489028e-05,0.006482086327320235,125
fru-F-200017,80,41,39,192,41,39,0.0004526930539402906,1.2492287947106861e-06,9.501984484140605e-06,0.004019898497562936,80
fru-F-200018,224,56,168,1226,56,168,0.0005365109737058076,2.6507598588696127e-06,1.059558061031668e-05,0.011255715793176222,195
fru-F-200019,1133,335,798,6721,335,798,0.003150558762870068,3.260404045586711e-05,0.00011213871164686758,0.05693181247173509,352
fru-F-200020,126,74,52,456,74,52,0.0005321266998718261,1.2168410326632926e-05,1.1734566510315331e-05,0.006331340133661625,123
fru-F-200021,209,32,177,605,32,177,0.00011329410214427052,6.843154864539853e-06,8.924490055028678e-06,0.010501984824883171,142
fru-F-200022,114,77,37,392,77,37,0.0007943159443545754,1.0873201972927375e-05,1.1893337672663136e-05,0.005728355359027185,112
fru-F-200023,232,218,14,810,218,14,0.002548629101097872,1.152386976450397e-05,3.2053703650887875e-05,0.011657705642932515,144
fru-F-200024,406,167,239,1655,167,239,0.0034120989369716332,7.438947791667739e-05,2.0891897360464534e-05,0.0204009848751319,302
fru-F-200025,368,122,246,1905,122,246,0.0016768037319016321,2.3357602493295865e-05,2.0032836760406184e-05,0.018491533088789508,234
fru-F-200027,154,89,65,706,89,65,0.0009556276940195576,1.7410603531647416e-06,1.6732353758421277e-05,0.007738304607808653,124
fru-F-200028,444,70,374,2253,70,374,0.0013470815708040353,0.00013568822408607518,1.6944077610683006e-05,0.0223104366614743,310
fru-F-200029,645,398,247,3561,398,247,0.006877836345512581,5.71166888479465e-05,5.82737205736786e-05,0.03241043163660118,329
fru-F-200030,165,20,145,396,20,145,0.00010730405699515487,1.267961651430742e-06,7.977977765175718e-06,0.008291040651223557,142
fru-F-200031,3343,2475,868,24889,2475,868,0.06549003030458454,0.00012665184350807912,0.0002933377608214428,0.1679815084669112,352
fru-F-200032,25,22,3,71,22,3,0.00017599041637921117,3.6066291471346176e-07,8.415817064118202e-06,0.0012562182804884176,25
fru-F-200033,612,513,99,5919,513,99,0.0058730539482408604,8.345356822982284e-05,0.00012439426897574925,0.030752223506356466,241
fru-F-200034,1377,417,960,10051,417,960,0.005804811957007275,0.00013636581264171146,0.00018830747327777848,0.06919250288930205,352
fru-F-200035,314,205,109,1524,205,109,0.0021926025617474646,5.236060322547412e-06,3.926962116111849e-05,0.015778101602934524,221
fru-F-200036,405,36,369,1423,36,369,0.00031426141332024227,8.754664037194657e-07,9.022671338146032e-06,0.020350736143912366,159
fru-F-200037,137,83,54,440,83,54,0.0011462897903573915,1.0396242879777666e-05,1.2466794693153343e-05,0.006884076177076529,129
fru-F-200038,271,94,177,1126,94,177,0.001068218945424873,3.0923302164652645e-06,3.513448154042205e-05,0.013617406160494448,217
fru-F-200039,19,4,15,61,4,15,4.84598496545692e-06,3.6875665906488063e-10,8.960528548864692e-06,0.0009547258931711974,19
fru-F-200040,83,42,41,244,42,41,0.00010790380824852186,1.8458536192032842e-07,8.966609225459762e-06,0.004170644691221546,83
fru-F-200041,304,152,152,1737,152,152,0.00045669225257049953,8.4274468493301e-07,5.452808064448797e-05,0.015275614290739158,131
fru-F-200042,574,343,231,2678,343,231,0.007436089912624348,2.7369599443010134e-05,4.3383546836389505e-05,0.02884277172001407,320
fru-F-200043,174,44,130,479,44,130,0.000519887029960783,1.3326033996497548e-06,1.1878669315408173e-05,0.008743279232199388,126
fru-F-200044,50,36,14,135,36,14,0.0004842304218634178,8.6587216592189e-07,8.878219245581949e-06,0.002512436560976835,50
fru-F-200045,101,32,69,257,32,69,0.0003435071564626095,5.227038933417727e-07,9.338017146475332e-06,0.005075121853173208,100
fru-F-200046,161,71,90,568,71,90,0.0009189068839826198,9.820005868970456e-06,1.3037600543771735e-05,0.00809004572634541,155
fru-F-200047,208,48,160,624,48,160,0.00044445273831446227,9.66271521205063e-07,1.0138064190130398e-05,0.010451736093663636,131
fru-F-200048,78,56,22,190,56,22,0.0005013583352289139,1.4810893917510322e-06,1.0135831017581084e-05,0.003919401035123863,78
fru-F-200050,474,305,169,2051,305,169,0.004251751094311786,2.8638346157151926e-05,9.784552442466183e-05,0.0238178985980604,290
fru-F-200051,1038,276,762,6596,276,762,0.0041930440124477745,7.393812238754783e-05,0.0001223738309048194,0.0521581830058791,352
fru-F-200052,297,94,203,1166,94,203,0.0011929484269376824,1.5216515274860924e-05,1.2772727982567605e-05,0.014923873172202402,186
fru-F-200053,16,15,1,37,15,1,3.0159164252952067e-05,1.4857950776179768e-08,1.1922681712826789e-05,0.0008039796995125873,16
fru-F-200054,445,97,348,3147,97,348,0.00103582623766077,8.249678116583988e-05,4.665318291983597e-05,0.022360685392693834,231
fru-F-200055,276,196,80,1029,196,80,0.00338872763539136,0.00012882414612024856,2.3691005917248117e-05,0.013868649816592131,199
fru-F-200056,797,479,318,3718,479,318,0.010373846132659247,0.0001302449574716363,5.5611777022694085e-05,0.04004823878197075,334
fru-F-200058,517,270,247,3231,270,247,0.002602202729938404,1.0265143275304704e-05,3.981284223164334e-05,0.02597859404050048,232
fru-F-200060,70,37,33,378,37,33,0.0003531254636569657,9.698230880403606e-07,1.221276003981468e-05,0.0035174111853675696,66
fru-F-200061,100,46,54,463,46,54,0.00014228457255093245,1.7524662821624651e-07,2.6274173386509648e-05,0.00502487312195367,82
fru-F-200062,321,104,217,1812,104,217,0.0001644150909464939,1.6348070908192316e-07,6.764681521916108e-05,0.016129842721471284,122
fru-F-200064,1256,278,978,9765,278,978,0.00392378572750399,0.0001024589677657036,0.00013864184584095644,0.0631124064117381,352
fru-F-200065,188,70,118,614,70,118,0.0006937230108071102,2.0086901236863177e-05,1.072838949194329e-05,0.009446761469272901,164
fru-F-200066,174,53,121,992,53,121,0.00044439728101690194,7.358645168965034e-06,1.1742850578027337e-05,0.008743279232199388,164
fru-F-200068,65,22,43,195,22,43,0.0002057400454968585,1.3191324195813328e-07,9.850511922581856e-06,0.003266167529269886,63
fru-F-200069,138,110,28,527,110,28,0.0007285623383055732,5.980447917756313e-07,4.1372927488332965e-05,0.0069343249082960655,99
fru-F-200070,208,118,90,723,118,90,0.0009446045973078534,3.877318165627666e-06,1.816098458271187e-05,0.010451736093663636,187
fru-F-200071,127,75,52,473,75,52,0.000563901139231266,5.257558913862943e-06,1.401350767967639e-05,0.006381588864881162,118
fru-F-200072,474,258,216,2824,258,216,0.005473181801179199,5.315471292836917e-05,5.533912437433721e-05,0.0238178985980604,314
fru-F-200073,463,104,359,1877,104,359,0.002168274483047167,3.159451287517723e-05,1.5061276864814058e-05,0.023265162554645495,304
fru-F-200074,287,237,50,835,237,50,0.0033269189968158394,5.197774076677294e-05,3.706884424026081e-05,0.014421385860007034,164
fru-F-200075,156,6,150,428,6,150,0.00022513636309103556,2.9066265655086102e-08,7.727264719933685e-06,0.007838802070247727,124
fru-F-200076,73,47,26,319,47,26,0.0004762713349547437,8.009469351075546e-07,1.0497756554641933e-05,0.0036681573790261794,71
fru-F-200077,552,72,480,3585,72,480,0.001241178046021926,2.453037115219328e-06,1.7224289898242235e-05,0.027737299633184262,269
fru-F-200078,178,75,103,1103,75,103,0.00028095273017876706,1.5786412964408725e-06,3.818953838970055e-05,0.008944274157077534,109
fru-F-200080,111,86,25,407,86,25,0.0018016095014422903,3.792744899497071e-05,1.3496177719426741e-05,0.005577609165368575,110
fru-F-200081,616,341,275,5074,341,275,0.004479895698963062,0.00012029690039387444,7.69497515518543e-05,0.03095321843123461,290
fru-F-200082,537,175,362,2660,175,362,0.0033084663993005487,1.4885605540221248e-05,2.4021653575648005e-05,0.02698356866489121,329
fru-F-200083,375,225,150,1645,225,150,0.004505459150320051,7.732238396469977e-05,2.7855835956793825e-05,0.018843274207326264,231
fru-F-200084,268,150,118,1207,150,118,0.0018773157858386206,6.315558878941582e-06,3.424171603878989e-05,0.013466659966835838,211
fru-F-200085,198,88,110,1196,88,110,0.001281419426358747,2.397827692692523e-06,4.082343349927634e-05,0.009949248781468268,121
fru-F-200086,89,49,40,326,49,40,0.0005518611350355646,1.6930700655422464e-06,1.1321020792863708e-05,0.004472137078538767,80
fru-F-200087,119,65,54,540,65,54,0.0005058130245029484,4.201730660099104e-06,1.483755198574633e-05,0.005979599015124868,99
fru-F-200088,131,109,22,607,109,22,0.0006718925308488665,4.242000747797323e-06,2.9022524693738704e-05,0.006582583789759309,98
fru-F-200089,275,74,201,1336,74,201,0.0016766109602654664,3.0066923774926223e-05,1.2517946989177646e-05,0.013818401085372594,205
fru-F-200091,160,121,39,487,121,39,0.0015403434114609662,1.2071712562443812e-05,1.4112013825969312e-05,0.008039796995125872,142
fru-F-200092,602,68,534,3044,68,534,0.0015427672175063513,1.0019972272030324e-05,1.1662688766259685e-05,0.030249736194161096,318
fru-F-200093,294,111,183,1307,111,183,0.002236582839584312,7.173099812475154e-06,2.4692378046728444e-05,0.014773126978543792,202
fru-F-200094,719,528,191,5324,528,191,0.01673080229194588,3.2583680449225174e-05,7.554369135507337e-05,0.036128837746846894,352
fru-F-200095,522,136,386,2386,136,386,0.0036395014869230477,3.380170349709268e-05,2.1413538316915993e-05,0.02622983769659816,312
fru-F-200096,304,233,71,3640,233,71,0.0026839708343240924,0.00015469454704367526,0.00010496071664719287,0.015275614290739158,223
fru-F-200097,1217,403,814,7120,403,814,0.00611888810589765,9.035640205762825e-05,0.00014455659554466773,0.06115270589417617,352
fru-F-200098,196,19,177,536,19,177,0.00040414420805906113,7.625661052876984e-07,8.309429802090587e-06,0.009848751319029195,138
fru-F-200099,166,146,20,518,146,20,0.0011008465199219683,5.896843840122307e-06,2.9619200181611063e-05,0.008341289382443093,127
fru-F-200100,222,139,83,1180,139,83,0.001599195774152114,3.602597905063187e-06,2.5958665825305197e-05,0.01115521833073715,194
fru-F-200101,234,137,97,1349,137,97,0.0017776828988158668,5.251859572841472e-06,4.476993078820451e-05,0.01175820310537159,156
fru-F-200102,228,21,207,662,21,207,9.043139635312761e-05,9.650396746596114e-08,7.916918805684473e-06,0.01145671071805437,131
fru-F-200103,487,303,184,3819,303,184,0.005407754619865057,2.5086397008161965e-05,6.419860656070142e-05,0.024471132103914377,235
fru-F-200104,159,122,37,493,122,37,0.0011795762392517908,1.0191185112188513e-05,1.4199265896933487e-05,0.007989548263906337,142
fru-F-200106,355,197,158,1337,197,158,0.0023076302746486772,1.8531251655596704e-05,2.879888443531183e-05,0.01783829958293553,202
fru-F-200107,175,123,52,912,123,52,0.0003472896778337091,3.668964734563126e-07,4.3389267352291815e-05,0.008793527963418923,134
fru-F-200108,130,63,67,830,63,67,0.00021764247237028215,7.258669450317285e-07,2.818081882090713e-05,0.006532335058539772,105
fru-F-200109,222,81,141,688,81,141,0.0009304153175183273,2.2235502881980806e-06,1.235567961554606e-05,0.01115521833073715,151
fru-F-200110,199,147,52,1611,147,52,0.00033944176162707006,1.1465583762716875e-06,8.662745961598744e-05,0.009999497512687805,121
fru-F-200111,537,264,273,4437,264,273,0.00395281895572141,9.269682455937433e-05,7.318248823008016e-05,0.02698356866489121,255
fru-F-200112,237,125,112,855,125,112,0.001910414084763985,3.422018814177981e-05,1.4572813844549375e-05,0.0119089492990302,188
fru-F-200114,665,298,367,3692,298,367,0.0038073851286212703,5.205923430205541e-05,8.988032116451081e-05,0.03341540626099191,296
fru-F-200115,158,71,87,444,71,87,0.0019156144059308865,1.4312149975732037e-05,1.3106619526168355e-05,0.0079392995326868,137
fru-F-200116,301,26,275,1943,26,275,0.0014475068235374642,6.847313481249721e-07,8.713775757075695e-06,0.015124868097080548,298
fru-F-200117,85,13,72,210,13,72,0.00010727680761332125,5.4900921908125524e-08,7.835519824201859e-06,0.00427114215366062,85
fru-F-200118,206,153,53,773,153,53,0.002267525923992043,1.9518822758579655e-05,1.9307628208044605e-05,0.010351238631224561,158
fru-F-200119,357,172,185,1498,172,185,0.0011577954264469007,1.806530097039887e-05,2.2847930350365113e-05,0.017938797045374603,186
fru-F-200120,448,67,381,2003,67,381,0.0010811926447304887,9.395644029020584e-06,1.2005410500304905e-05,0.022511431586352444,210
fru-F-200121,148,121,27,572,121,27,0.0014761592332369704,2.8488321077943857e-05,1.6721369791965723e-05,0.0074368122204914325,143
fru-F-200122,291,174,117,2152,174,117,0.0007712560806542902,4.3744064676777024e-06,2.268698595115226e-05,0.014622380784885182,211
fru-F-200123,109,58,51,545,58,51,0.0002370424961160463,1.008145059076864e-06,2.6071278137396336e-05,0.005477111702929501,94
fru-F-200124,488,115,373,2905,115,373,0.0011232437884690194,5.080969926069923e-06,3.1094298670588896e-05,0.024521380835133912,234
fru-F-200125,922,284,638,5535,284,638,0.004132614417602671,2.3061550322165234e-05,0.000156607785038909,0.04632933018441284,331
fru-F-200126,361,111,250,1985,111,250,0.0017370083624030073,6.744484812155823e-05,2.0158706020058415e-05,0.018139791970252752,205
fru-F-200127,642,414,228,4982,414,228,0.012558519730716847,2.979821444762769e-05,6.5752531588882e-05,0.03225968544294257,352
fru-F-200128,72,34,38,239,34,38,0.00013937197539659515,4.553109188564486e-07,1.6907365524231823e-05,0.003617908647806643,71
fru-F-200129,181,139,42,1246,139,42,0.00026065134398556777,7.921868249162413e-07,9.215097896433077e-05,0.009095020350736144,109
fru-F-200130,71,22,49,299,22,49,0.0001650698577913667,1.125717318836819e-06,8.748164494329951e-06,0.003567659916587106,68
fru-F-200131,67,49,18,244,49,18,0.00043163845262020735,4.1847917534448486e-07,2.6864420672167872e-05,0.0033666649917089594,64
fru-F-200133,105,44,61,573,44,61,6.864147419784281e-05,1.2602040795606573e-07,3.885075846747003e-05,0.005276116778051354,66
fru-F-200134,380,292,88,4520,292,88,0.0034710273994801575,4.411342792069799e-05,9.695184191892211e-05,0.01909451786342395,231
fru-F-200136,165,116,49,899,116,49,0.0003625366618145253,5.663039708782693e-07,4.9834336872544424e-05,0.008291040651223557,122
fru-F-200137,156,91,65,662,91,65,0.00046047379490132454,4.369882704385334e-06,1.5134996090535392e-05,0.007838802070247727,115
fru-F-200138,27,5,22,118,5,22,1.6161769019221527e-06,1.691473191319074e-10,8.499066032779843e-06,0.001356715742927491,27
fru-F-200139,208,76,132,1076,76,132,0.0009676312744777319,4.774251940343167e-06,1.2317174524000467e-05,0.010451736093663636,190
fru-F-200141,96,53,43,863,53,43,0.0008307556635430177,2.194857632447388e-06,2.1532797241795143e-05,0.004823878197075524,82
fru-F-200142,404,267,137,2030,267,137,0.0009716348701000031,3.1605207456455423e-06,5.974113668284841e-05,0.02030048741269283,183
fru-F-200143,329,188,141,1761,188,141,0.001526613703877454,3.335966214350949e-05,4.5306984857107965e-05,0.016531832571227575,221
fru-F-200144,119,65,54,492,65,54,0.00037852550934852587,5.226846667290679e-06,1.2425514173862472e-05,0.005979599015124868,100
fru-F-200145,2056,965,1091,12199,965,1091,0.00829546257501086,9.378554707949055e-05,0.0004142886874345216,0.10331139138736747,351
fru-F-200146,473,151,322,2791,151,322,0.0026561697555376423,6.991244782399362e-05,2.567162188075431e-05,0.02376764986684086,298
fru-F-200147,573,241,332,3805,241,332,0.004111327301672357,6.302831377823497e-05,2.7064887546973454e-05,0.028792522988794533,241
fru-F-200148,1324,1120,204,10170,1120,204,0.021948412814200537,2.499391743156353e-05,0.00011188458177501732,0.0665293201346666,352
fru-F-200149,618,260,358,4765,260,358,0.006820985005283338,7.494738169935887e-05,6.283218933324025e-05,0.031053715893673686,352
fru-F-200150,107,62,45,818,62,45,0.0005424624058536876,1.970289256683856e-06,1.620137681999243e-05,0.005376614240490428,95
fru-F-200151,224,187,37,1081,187,37,0.00297340578474056,1.7327380913590047e-05,4.887678306842332e-05,0.011255715793176222,192
fru-F-200152,470,211,259,3330,211,259,0.004691048853210919,5.52164924949287e-05,3.706691198199456e-05,0.02361690367318225,296
fru-F-200153,275,113,162,2202,113,162,0.0017900777679906244,5.14594635780191e-06,3.849752493571234e-05,0.013818401085372594,135
fru-F-200154,525,149,376,3278,149,376,0.003768773208982375,6.854615861371334e-05,2.6649743313961867e-05,0.02638058389025677,331
fru-F-200155,559,261,298,2891,261,298,0.006200330532300275,3.576802553161421e-05,3.3902377053473786e-05,0.028089040751721018,329
fru-F-200156,267,127,140,1468,127,140,0.001780279846476091,2.1864733139021462e-05,2.0363483112025145e-05,0.0134164112356163,205
fru-F-200157,473,159,314,2456,159,314,0.004010051530719584,2.1847709240098467e-05,2.3574395627182133e-05,0.02376764986684086,303
fru-F-200158,1134,292,842,8275,292,842,0.0039186395618348155,0.00013728796406562008,0.0001492774502879424,0.056982061202954626,352
fru-F-200159,299,108,191,1708,108,191,0.0018523736517559479,1.65375243062389e-06,1.5605120567021133e-05,0.015024370634641475,200
fru-F-200160,70,36,34,535,36,34,0.0003510845779480884,1.0155411610744442e-06,1.4563730623675429e-05,0.0035174111853675696,66
fru-F-200162,476,344,132,2587,344,132,0.0030073510983062808,3.9379679478136974e-05,7.548572979656902e-05,0.02391839606049947,254
fru-F-200163,161,52,109,478,52,109,0.0006138597276540122,5.4261339562308855e-06,1.0878245422764364e-05,0.00809004572634541,137
fru-F-200164,867,457,410,15766,457,410,0.006482674721390396,0.0003078217685189283,0.00022996158228056574,0.043565649967338325,331
fru-F-200165,44,16,28,174,16,28,5.656631327291925e-05,8.241443071276398e-08,1.0433652167282668e-05,0.002210944173659615,44
fru-F-200166,252,216,36,2053,216,36,0.00046302079824300893,2.1596942225379246e-06,0.0001646528613370667,0.01266268026732325,109
fru-F-200167,142,74,68,887,74,68,0.00025912389991596715,1.1181511739307899e-06,3.61947016076772e-05,0.007135319833174212,108
fru-F-200168,175,112,63,1642,112,63,0.00031442363131377836,3.1328559788128326e-06,0.00010316488056950836,0.008793527963418923,109
fru-F-200169,404,38,366,2009,38,366,0.0012324483032991325,1.9075783679953816e-06,9.865843928819268e-06,0.02030048741269283,290
fru-F-200170,676,252,424,3321,252,424,0.005273954778610262,5.42413662242268e-06,2.508926201208196e-05,0.03396814230440681,352
fru-F-200171,497,353,144,2666,353,144,0.005587758303695455,2.852075448747997e-05,7.472495875678646e-05,0.024973619416109743,211
fru-F-200172,107,74,33,905,74,33,0.000705394116493316,3.0254422272435307e-06,2.1531703513382757e-05,0.005376614240490428,97
fru-F-200174,144,98,46,1427,98,46,0.0003547097103402581,2.326126648979444e-06,5.581790806095804e-05,0.007235817295613286,108
fru-F-200175,527,203,324,4567,203,324,0.0016323326837798646,4.654593022101183e-06,4.0682934141030114e-05,0.026481081352695845,232
fru-F-200176,189,146,43,1778,146,43,0.0007961846437967497,1.7734007924543764e-06,0.00010408641279169599,0.009497010200492437,127
fru-F-200177,156,87,69,1350,87,69,0.0002717569904027569,1.4392820775367142e-06,3.962670068561282e-05,0.007838802070247727,121
fru-F-200178,694,273,421,7822,273,421,0.006193921942573584,0.0002871414303857611,8.075046453365115e-05,0.03487261946635847,294
fru-F-200179,778,412,366,3592,412,366,0.008382752769703312,6.16436588857488e-05,4.4942777203396656e-05,0.03909351288879956,350
fru-F-200180,61,10,51,152,10,51,7.910826292935116e-05,3.978110474907857e-07,8.028673814094766e-06,0.003065172604391739,61
fru-F-200181,195,121,74,1755,121,74,0.0003203614279544,1.514774307920853e-06,6.502421341269552e-05,0.009798502587809657,121
fru-F-200182,79,32,47,462,32,47,0.00028486932654797815,5.028082877298538e-07,1.196820519636521e-05,0.0039696497663434,72
fru-F-200183,933,257,676,6087,257,676,0.0033028171726719345,3.2783164264104795e-05,0.00014546796360053008,0.04688206622782775,352
fru-F-200184,203,148,55,1700,148,55,0.0003706059755916533,2.9844398216404786e-06,9.583749008009732e-05,0.01020049243756595,121
fru-F-200185,579,239,340,4381,239,340,0.0026016715256752475,3.281543400166363e-05,5.469286785524837e-05,0.029094015376111754,271
fru-F-200186,1501,313,1188,10491,313,1188,0.003966226550488139,4.622155814563136e-05,0.0001989945864995269,0.0754233455605246,352
fru-F-200187,163,83,80,1082,83,80,0.0005055624702710947,9.193403651273932e-06,2.415642259000242e-05,0.008190543188784483,119
fru-F-200188,544,299,245,3731,299,245,0.003972361807925658,1.0348178753357222e-05,6.10432617712871e-05,0.027335309783427967,209
fru-F-200189,97,68,29,434,68,29,0.0005530527717984903,1.1275903389695335e-06,2.4786102583510313e-05,0.004874126928295061,81
fru-F-200190,130,58,72,1049,58,72,0.0005320793751617566,2.871665867296273e-06,1.9054589635922998e-05,0.006532335058539772,107
fru-F-200191,751,413,338,3406,413,338,0.008703870438683316,6.421703338870776e-05,7.219701243689812e-05,0.03773679714587207,331
fru-F-200192,475,289,186,3574,289,186,0.004849162996293675,0.00013585382374565024,0.000119908096124697,0.023868147329279936,298
fru-F-200193,563,58,505,3065,58,505,0.0010331626164114878,1.5528206819589613e-06,1.1334810923563142e-05,0.028290035676599167,311
fru-F-200194,541,205,336,2907,205,336,0.002757336141267399,2.8242612401662223e-05,3.34032245863948e-05,0.027184563589769357,241
fru-F-200196,231,73,158,1068,73,158,0.0007933775837270586,1.6653113740869616e-05,1.1360330119254174e-05,0.01160745691171298,179
fru-F-200197,852,294,558,6517,294,558,0.005388935686771282,9.862594560251864e-05,9.204278433304358e-05,0.042811918999045274,349
fru-F-200198,213,23,190,1620,23,190,0.00034508645043694933,1.8919449376192335e-07,9.50768826773456e-06,0.010702979749761319,193
fru-F-200199,696,344,352,4763,344,352,0.00791568885509962,5.516527475350022e-05,4.902328352418008e-05,0.03497311692879755,262
fru-F-200200,404,161,243,5634,161,243,0.0012757672973304594,1.5431914785252338e-05,5.344517755931653e-05,0.02030048741269283,156
fru-F-200201,54,42,12,252,42,12,0.00032842487543207813,7.54756556899345e-07,2.0212865680861402e-05,0.002713431485854982,53
fru-F-200202,444,191,253,1988,191,253,0.0006877029717673017,2.355375074691457e-06,2.9559897572776676e-05,0.0223104366614743,183
fru-F-200203,209,72,137,1294,72,137,0.0009440459290224615,2.0285124997287425e-06,1.773816523717942e-05,0.010501984824883171,152
fru-F-200206,1456,1112,344,20148,1112,344,0.014112820734163315,0.0011722668513846498,0.00042367008314753103,0.07316215265564545,331
fru-F-200207,50,26,24,185,26,24,0.0002752201934026552,7.078501489429458e-06,9.977876395218388e-06,0.002512436560976835,49
fru-F-200208,132,79,53,473,79,53,0.0003962293393016424,9.662468863933776e-07,1.246145794125494e-05,0.006632832520978845,104
fru-F-200210,353,220,133,1915,220,133,0.0023482530992191383,3.0539046746231845e-05,3.107928687185075e-05,0.017737802120496457,231
fru-F-200211,965,625,340,4718,625,340,0.011796718021845273,6.862385195434255e-05,0.0001188401484991999,0.04849002562685292,331
fru-F-200212,143,92,51,953,92,51,0.00028028091549286944,2.8724691358167744e-06,6.782353069096936e-05,0.0071855685643937494,104
fru-F-200213,852,505,347,6078,505,347,0.008160117836911689,0.0001671149248278511,0.0001547139774465036,0.042811918999045274,316
fru-F-200214,91,38,53,672,38,53,0.00034285419852088503,1.165782973893761e-06,1.3113777363351978e-05,0.0045726345409778405,79
fru-F-200215,383,114,269,2232,114,269,0.002183587712364672,3.234303937727564e-05,1.773547117103318e-05,0.01924526405708256,274
fru-F-200216,320,204,116,1430,204,116,0.0012844939040730964,4.087263596768616e-05,2.662509019314309e-05,0.016079593990251745,186
fru-F-200217,72,15,57,150,15,57,6.649602511024649e-05,7.163296440540469e-08,7.947920858502372e-06,0.003617908647806643,72
fru-F-200218,1259,367,892,10391,367,892,0.003758578619541097,6.675845453530746e-05,0.0002264043580729902,0.06326315260539671,352
fru-F-200219,1174,327,847,8181,327,847,0.0028438577433158013,3.4634613990011266e-05,0.00019678490227033603,0.05899201045173609,352
fru-F-200220,354,147,207,1236,147,207,0.0020024291907628036,1.6065741961371302e-05,4.998047300569319e-05,0.017788050851715993,198
fru-F-200221,1413,207,1206,7588,207,1206,0.0070029756311905346,7.301172392725715e-06,3.129999379958676e-05,0.07100145721320536,352
fru-F-200222,115,92,23,571,92,23,0.0004266149928401399,3.565005702519461e-07,3.8998442845735914e-05,0.005778604090246721,93
fru-F-200223,171,90,81,825,90,81,0.000641679396048071,1.6169518576813632e-05,1.5364027719685475e-05,0.008592533038540778,123
fru-F-200224,138,86,52,468,86,52,0.0005648491549283651,1.0583876961185758e-05,1.2293812352025606e-05,0.0069343249082960655,108
fru-F-200225,76,64,12,320,64,12,0.0005746005592910976,7.340304453362643e-07,3.428999671483741e-05,0.0038189035726847896,74
fru-F-300000,62,38,24,233,38,24,0.00015720549190837997,1.9893206458385766e-07,1.4912366699702473e-05,0.003115421335611276,59
fru-F-300001,71,30,41,241,30,41,7.460810503554661e-05,2.4103437623356544e-07,1.4149094212279487e-05,0.003567659916587106,64
fru-F-300002,94,24,70,294,24,70,0.00011800178287493663,2.1731795065643787e-07,1.0964256700373291e-05,0.004723380734636451,86
fru-F-300003,146,135,11,500,135,11,0.0003137579564291833,1.9320070834788475e-07,4.089860091981429e-05,0.007336314758052359,102
fru-F-300004,540,145,395,2584,145,395,0.0023301097874933482,8.786380626220321e-05,3.282080447055203e-05,0.02713431485854982,331
fru-F-300005,67,47,20,185,47,20,0.0005435486916142137,1.5048267314238928e-06,1.0298097297700731e-05,0.0033666649917089594,67
fru-F-300006,126,63,63,430,63,63,0.0005553868694052742,8.149667098849362e-06,1.0981523832911633e-05,0.006331340133661625,121
fru-F-300007,165,94,71,836,94,71,0.0004595311466296784,1.0417197839662889e-05,2.1759530202246324e-05,0.008291040651223557,122
fru-F-300008,105,55,50,566,55,50,0.0005725390512067473,2.8333043441079795e-06,1.2978131420729319e-05,0.005276116778051354,94
fru-F-300009,219,71,148,930,71,148,0.000714558189837299,1.3792360335210223e-06,1.2625737017353897e-05,0.011004472137078539,186
fru-F-300010,103,65,38,312,65,38,0.0006514456441936545,7.204213844505064e-06,1.1965565990189818e-05,0.0051756193156122805,102
fru-F-300011,118,103,15,374,103,15,0.0005847076659756758,3.860138535168654e-07,3.308002268686161e-05,0.0059293502839053314,96
fru-F-300012,176,121,55,935,121,55,0.00030576733656194875,1.1133454398105391e-06,8.547609261621847e-05,0.00884377669463846,106
fru-F-300013,580,487,93,3192,487,93,0.008836122517273037,0.00019740088282263843,6.903996853199407e-05,0.02914426410733129,253
fru-F-300014,113,100,13,339,100,13,0.0021352587496408348,2.765488538927061e-05,1.330462881076558e-05,0.0056781066278076475,113
fru-F-300016,331,140,191,1735,140,191,0.0013086473080579117,7.132868382394636e-06,2.5601854800423374e-05,0.01663233003366665,223
fru-F-300017,307,241,66,1684,241,66,0.0011296310389281154,7.5135670111414395e-06,3.607684259231396e-05,0.015426360484397768,200
fru-F-300018,500,323,177,2382,323,177,0.0034650818963664954,4.495014793799772e-05,6.193415025652584e-05,0.025124365609768353,199
fru-F-300020,87,70,17,347,70,17,0.0002917604166542655,3.536072114154848e-07,3.781258490914801e-05,0.004371639616099694,81
fru-F-300021,33,29,4,99,29,4,0.00015147659236037502,6.460865101218921e-08,1.627339073290984e-05,0.0016582081302447113,33
fru-F-300022,630,340,290,3544,340,290,0.005228562627527517,3.3627098165615985e-05,4.9855610957380495e-05,0.03165670066830813,292
fru-F-300023,767,418,349,9360,418,349,0.005984406070304144,0.0001697767098973886,0.00016742447619579848,0.03854077684538466,331
fru-F-300024,153,71,82,486,71,82,0.0007203388739018936,1.8794621783622648e-06,1.0793487537437159e-05,0.0076880558765891165,148
fru-F-300025,481,128,353,2418,128,353,0.0026426441695115194,5.4098485071294055e-05,1.883490674440927e-05,0.024169639716597156,324
fru-F-300026,278,270,8,849,270,8,0.004829381800535964,3.127004395159473e-05,4.8741405421051765e-05,0.013969147279031204,163
fru-F-300027,326,140,186,1695,140,186,0.002177420394087873,2.31821856878208e-06,2.3118654878892672e-05,0.016381086377568965,202
fru-F-300028,234,158,76,1017,158,76,0.0008466766935076481,9.360534234698416e-06,2.0890401929395177e-05,0.01175820310537159,157
fru-F-300029,50,33,17,148,33,17,0.000165554803003103,1.474276950088914e-07,1.197851043247618e-05,0.002512436560976835,48
fru-F-300030,48,31,17,240,31,17,0.00022931423163385386,2.8208097771028974e-07,1.6157137055142735e-05,0.002411939098537762,48
fru-F-300031,162,156,6,519,156,6,0.001250284024858776,6.2028934815794145e-06,3.390029792472924e-05,0.008140294457564947,123
fru-F-300035,132,129,3,464,129,3,0.0009283293375277231,2.4110283102880715e-06,1.5580266864864564e-05,0.006632832520978845,123
fru-F-300036,231,167,64,1803,167,64,0.0010491644862272043,1.3098760583387862e-05,1.7627330743389208e-05,0.01160745691171298,205
fru-F-300037,102,35,67,468,35,67,5.8323072737631934e-05,3.519360501795685e-08,5.987524329221669e-05,0.005125370584392744,70
fru-F-300038,39,28,11,215,28,11,4.4373460781262325e-05,6.286060326630794e-08,2.4313809949521646e-05,0.0019597005175619317,39
fru-F-300039,152,88,64,455,88,64,0.001324861488150392,1.1341473669253192e-05,1.4134508364357235e-05,0.007637807145369579,137
fru-F-300041,463,284,179,2300,284,179,0.004355743775404935,6.844296403554237e-05,4.5295839988799145e-05,0.023265162554645495,241
fru-F-300042,254,14,240,2279,14,240,0.00013190440643751146,8.081364530111076e-07,8.859322666025915e-06,0.012763177729762324,204
fru-F-300043,231,149,82,1572,149,82,0.00028119409750524896,4.878729591045295e-07,8.340974845017959e-05,0.01160745691171298,121
fru-F-300044,1203,304,899,8584,304,899,0.004293672322178734,0.00016127812136243467,9.634436549016264e-05,0.06044922365710266,352
fru-F-300045,604,381,223,4205,381,223,0.009959091659987528,6.88991270007925e-05,6.598923355162398e-05,0.03035023365660017,266
fru-F-300046,119,74,45,321,74,45,0.001112689081393507,5.977929538113595e-06,1.1105348904358406e-05,0.005979599015124868,115
fru-F-300047,373,135,238,3471,135,238,0.001166303238412278,5.786080827906264e-06,2.8411426788852963e-05,0.018742776744887193,231
fru-F-300048,411,39,372,2036,39,372,0.0003369795998429624,7.249155545554874e-07,1.3824054106137927e-05,0.020652228531229586,293
fru-F-300049,702,322,380,5407,322,380,0.003942871119770703,6.983694984439395e-05,7.618486043604295e-05,0.035274609316114765,292
fru-F-300050,82,36,46,482,36,46,0.00032127126664962126,8.633132436116047e-07,1.587408679398605e-05,0.00412039596000201,75
fru-F-300051,590,395,195,2822,395,195,0.008259288653983668,3.445771796086585e-05,4.753755824934761e-05,0.029646751419526655,331
fru-F-300052,336,178,158,1559,178,158,0.0031251111576439555,5.784542993243534e-06,2.6004986163189524e-05,0.016883573689764335,209
fru-F-300053,264,85,179,1027,85,179,0.0007324661992229752,1.6048157627266019e-06,1.3848683135882787e-05,0.01326566504195769,204
fru-F-300054,247,127,120,1711,127,120,0.0016814081313209401,6.8087781363120235e-06,4.3965825579220205e-05,0.012411436611225566,150
fru-F-300055,268,125,143,1938,125,143,0.001357329929095625,4.51479624357852e-06,3.5524440705528915e-05,0.013466659966835838,132
fru-F-300056,295,125,170,1082,125,170,0.0014770915820193622,3.5541791916858275e-06,2.0992348915211263e-05,0.014823375709763328,219
fru-F-300057,226,221,5,705,221,5,0.0025618124237917366,1.5721387551568227e-05,3.105736193153748e-05,0.011356213255615295,143
fru-F-300058,935,581,354,4349,581,354,0.010814752119920017,8.001122105375191e-05,7.907507232301801e-05,0.04698256369026682,352
fru-F-300059,115,42,73,314,42,73,0.00015126591053263828,3.542747413751208e-06,8.918058343088856e-06,0.005778604090246721,115
fru-F-300060,1345,330,1015,11981,330,1015,0.005131129368103302,0.00013448803416013402,0.0001043760601191388,0.06758454349027687,352
fru-F-300061,386,183,203,1826,183,203,0.0028245389215910536,3.74636106513945e-06,2.9732099219811128e-05,0.01939601025074117,209
fru-F-300062,155,139,16,431,139,16,0.0021895607652055848,5.462263380711244e-06,1.4384194192937978e-05,0.007788553339028189,131
fru-F-300063,236,111,125,743,111,125,0.0007583839731281129,8.595238331907844e-07,3.655393639992765e-05,0.011858700567810663,175
fru-F-300064,18,14,4,30,14,4,0.00016203445658541336,7.327879398171005e-07,7.884811487450185e-06,0.0009044771619516607,18
fru-F-300065,408,178,230,1777,178,230,0.0037650258685034527,2.10106401982863e-05,3.100867733445599e-05,0.020501482337570976,290
fru-F-300067,204,21,183,482,21,183,0.00011211068863332206,5.3097567261522965e-08,8.199935344322266e-06,0.010250741168785488,142
fru-F-300068,100,33,67,431,33,67,0.00040723036609338024,8.046170596744594e-07,1.9404504949460604e-05,0.00502487312195367,83
fru-F-300069,76,50,26,231,50,26,0.0006157325728814918,4.858129093513349e-06,1.0885901894050016e-05,0.0038189035726847896,76
fru-F-300070,293,168,125,1492,168,125,0.0020391919787915865,2.4312441811575535e-05,2.0053969903293025e-05,0.014722878247324255,225
fru-F-300071,285,101,184,1422,101,184,0.0013456900412882717,1.0945158513045002e-06,1.8962492123202817e-05,0.014320888397567962,199
fru-F-300072,304,106,198,1731,106,198,0.005411756223238341,6.004134688968072e-06,2.2707082335427448e-05,0.015275614290739158,231
fru-F-300073,419,96,323,2356,96,323,0.0017835917624609596,6.09342748742662e-06,2.2608338835223006e-05,0.02105421838098588,234
fru-F-300074,173,104,69,944,104,69,0.00032133199441726,5.512012200440822e-07,7.19584831608469e-05,0.00869303050097985,122
fru-F-300075,627,17,610,3884,17,610,0.0002510236876726605,1.1704395161004418e-05,8.939893932768727e-06,0.03150595447464952,349
fru-F-300076,424,64,360,2959,64,360,0.0011656117537735952,0.00016442901494101658,1.2542919982274808e-05,0.021305462037083563,298
fru-F-300077,191,153,38,635,153,38,0.001074328812482818,2.3815652349181003e-05,2.6218897345100134e-05,0.009597507662931512,142
fru-F-300078,167,100,67,968,100,67,0.00031278576555328704,1.340656423987954e-06,3.457826700008445e-05,0.00839153811366263,121
fru-F-300079,186,131,55,861,131,55,0.00036952445002730105,3.167057703480317e-07,3.405235929839598e-05,0.009346264006833827,140
fru-F-300080,299,151,148,1579,151,148,0.002073055963791393,2.9389295646493167e-05,3.0516802311459813e-05,0.015024370634641475,192
fru-F-300081,592,116,476,3766,116,476,0.0033444411452189463,1.8394768313205006e-05,2.5045219008160364e-05,0.02974724888196573,334
fru-F-300083,214,196,18,662,196,18,0.0012149812130003044,1.6808829624653988e-06,4.5249994265188776e-05,0.010753228480980856,131
fru-F-300084,258,218,40,941,218,40,0.0011489268140563115,3.041295247394337e-06,4.469984413247265e-05,0.01296417265464047,141
fru-F-300085,262,21,241,3244,21,241,0.0006494475895037424,3.576186939969215e-07,8.994987881478303e-06,0.013165167579518617,212
fru-F-300086,466,133,333,2628,133,333,0.002112026350575001,2.2947627473323996e-06,2.785132712861628e-05,0.023415908748304105,209
fru-F-300087,449,213,236,2986,213,236,0.0035784275548864865,1.2968164141123967e-05,3.9288169842351745e-05,0.02256168031757198,209
fru-F-300088,618,241,377,5421,241,377,0.005617567314704033,7.329906945447963e-06,3.2445009581335154e-05,0.031053715893673686,352
fru-F-300089,834,412,422,4221,412,422,0.006832205939803489,4.9275747815043876e-05,0.00010809922350093408,0.04190744183709361,301
fru-F-300090,309,222,87,1766,222,87,0.001680304628021203,2.422981272463008e-05,2.168183087283207e-05,0.015526857946836843,211
fru-F-300091,85,46,39,516,46,39,0.0004692733668411542,8.08702485469629e-07,1.201908498307426e-05,0.00427114215366062,76
fru-F-300092,208,123,85,1061,123,85,0.0017787336987348731,6.336456467182947e-06,3.6280252411430094e-05,0.010451736093663636,149
fru-F-300093,192,150,42,1103,150,42,0.0010292797483212913,3.986331831039321e-06,1.9418555795079152e-05,0.009647756394151047,176
fru-F-300094,296,34,262,1518,34,262,0.0019842739479010913,4.805812785191447e-06,8.863735107812712e-06,0.014873624440982865,280
fru-F-300095,500,90,410,2858,90,410,0.0017042475490101246,3.516242185046111e-06,1.5404233868985318e-05,0.025124365609768353,317
fru-F-300096,76,68,8,249,68,8,0.0016628387984145376,3.0147876325256915e-06,1.2560478522299759e-05,0.0038189035726847896,76
fru-F-300097,238,68,170,1270,68,170,0.0006968698982338925,1.0204573062406545e-06,1.4961019668216215e-05,0.011959198030249736,193
fru-F-300098,107,32,75,281,32,75,0.00023797970742748593,2.10411204346692e-07,8.971572768654457e-06,0.005376614240490428,106
fru-F-300099,209,64,145,964,64,145,0.0006695429741269334,4.420897525779565e-06,1.126473812212909e-05,0.010501984824883171,183
fru-F-300100,264,99,165,988,99,165,0.0008293440347014919,3.8066653935439264e-05,1.3551139706608362e-05,0.01326566504195769,189
fru-F-300101,437,137,300,6422,137,300,0.002053484032257832,0.00011903443256455943,5.501325864711738e-05,0.021958695542937542,328
fru-F-300102,515,224,291,3106,224,291,0.003417500158395376,3.5800912318948965e-06,3.3274062065768297e-05,0.025878096578061404,209
fru-F-300103,127,50,77,602,50,77,0.00023117934313832578,1.7595999643886972e-06,1.7588250876499054e-05,0.006381588864881162,96
fru-F-300104,71,48,23,450,48,23,0.0003449528709058993,3.100460543500463e-07,3.3845821156753745e-05,0.003567659916587106,66
fru-F-300105,110,51,59,544,51,59,0.00010351860146456955,1.2328971746857806e-07,0.00014778101767175744,0.005527360434149038,71
fru-F-300106,255,130,125,1013,130,125,0.0007170581402158785,5.791162334833306e-07,2.735363917743408e-05,0.01281342646098186,191
fru-F-300108,1088,798,290,5536,798,290,0.024621166967711543,3.9467662158037426e-05,6.886104615658527e-05,0.054670619566855934,352
fru-F-300109,367,170,197,3091,170,197,0.00178369464740384,7.731640155946143e-06,6.402631945991389e-05,0.018441284357569972,231
fru-F-300110,89,66,23,445,66,23,0.0005988992684161764,5.934614311273266e-07,2.6524568358031824e-05,0.004472137078538767,83
fru-F-300111,269,113,156,1707,113,156,0.00165049991564875,5.731993643740383e-06,3.9979938083546584e-05,0.013516908698055373,136
fru-F-300112,176,96,80,620,96,80,0.0016112942296485492,2.7106204487162454e-05,1.3077351601612565e-05,0.00884377669463846,159
fru-F-300113,186,161,25,1605,161,25,0.0003750243191528781,2.8316110067364007e-06,0.00011950230656454505,0.009346264006833827,109
fru-F-300114,166,95,71,1757,95,71,0.000304532701960685,1.7353169292824713e-06,5.6103555279633155e-05,0.008341289382443093,109
fru-F-300115,263,168,95,1239,168,95,0.0018093098490004926,9.862452567949627e-05,4.381215953216122e-05,0.013215416310738155,211
fru-F-300116,90,76,14,342,76,14,0.0006672805198319335,2.386865196683848e-06,3.263220711281741e-05,0.004522385809758303,79
fru-F-300117,492,339,153,4470,339,153,0.0018995792625348187,1.2679596291678676e-05,0.0002014244046565214,0.024722375760012058,164
fru-F-300118,664,148,516,3717,148,516,0.0037701931682194824,3.198785149668802e-05,2.183259096120799e-05,0.03336515752977237,331
fru-F-300119,319,95,224,1228,95,224,0.0012172466757869617,7.111592992032811e-06,4.4340934199038506e-05,0.01602934525903221,209
fru-F-300120,260,135,125,1469,135,125,0.0018934772779662348,6.566534347405311e-06,3.715810447562208e-05,0.013064670117079544,152
fru-F-300121,207,77,130,695,77,130,0.0005901566382841416,1.7410805128257375e-06,1.1716101805194453e-05,0.010401487362444098,173
fru-F-300122,61,28,33,368,28,33,0.0002937343789460164,8.236243461416853e-07,1.1529530512165625e-05,0.003065172604391739,59
fru-F-300123,60,32,28,337,32,28,0.0003074073430045422,6.839717348715257e-07,1.1642294094943793e-05,0.0030149238731722026,58
fru-F-300124,695,214,481,5099,214,481,0.0030340031183533254,1.94334947824913e-05,3.2388221701099e-05,0.03492286819757801,237
fru-F-300125,35,3,32,203,3,32,6.260680197893719e-07,5.049450287053951e-10,7.95218767837765e-06,0.0017587055926837848,32
fru-F-300126,558,243,315,4926,243,315,0.0062136267754413325,1.672511816438279e-05,2.3060938709957526e-05,0.028038792020501482,352
fru-F-300127,554,255,299,3039,255,299,0.00532626440344096,6.560018092406805e-05,2.889846301402529e-05,0.027837797095623337,314
fru-F-300128,891,168,723,4057,168,723,0.0018904174435834936,1.3539432270540616e-05,1.9199098135423284e-05,0.04477161951660721,314
fru-F-300129,609,298,311,5354,298,311,0.003138038792425515,4.765371496698449e-05,7.017580428211256e-05,0.030601477312697856,255
fru-F-300130,281,151,130,1563,151,130,0.002226208565482747,6.209492856049973e-06,3.956357218646533e-05,0.014119893472689814,166
fru-F-300131,586,87,499,3222,87,499,0.0020044375276077487,1.2443453679984552e-05,1.3067520631529105e-05,0.02944575649464851,331
fru-F-300132,228,187,41,2066,187,41,0.0004067295243085634,2.0564364974594197e-06,0.00015876485648134953,0.01145671071805437,121
fru-F-300134,135,67,68,501,67,68,0.00046453581457357593,1.3146055265586487e-05,1.2426147754175203e-05,0.006783578714637455,130
fru-F-300135,552,197,355,3481,197,355,0.0049063001678136325,0.00014250881262127765,3.092793372223294e-05,0.027737299633184262,325
fru-F-300136,445,158,287,2713,158,287,0.0012132461065930337,5.690461656976693e-06,2.739767436592901e-05,0.022360685392693834,231
fru-F-300137,450,171,279,3846,171,279,0.004087112606509437,6.48839177290771e-06,1.70376843067662e-05,0.02261192904879152,352
fru-F-300138,55,19,36,247,19,36,0.00011880409710521953,4.468576641608454e-06,8.193564199535801e-06,0.002763680217074519,54
fru-F-300139,991,282,709,6097,282,709,0.0039001545809132917,8.730191786487107e-05,0.00016251964213076628,0.049796492638560876,352
fru-F-300140,1481,486,995,8349,486,995,0.002683287154068953,6.705059392446435e-06,0.0001329601924851812,0.07441837093613386,231
fru-F-300141,954,666,288,5295,666,288,0.001177632753264804,1.5913192358577745e-06,0.00048284219140660626,0.04793728958343802,204
fru-F-300142,143,23,120,744,23,120,0.00020476235405144137,6.165176772272134e-07,1.4228419760541542e-05,0.0071855685643937494,133
fru-F-300143,54,15,39,224,15,39,0.0001773989892093397,1.473572547920072e-07,8.588848858260302e-06,0.002713431485854982,53
fru-F-300144,206,159,47,1341,159,47,0.0003063006611394063,7.281868929182644e-07,0.00011214002121124693,0.010351238631224561,109
fru-F-300146,168,111,57,1362,111,57,0.0003429690438293132,1.9312315945612503e-06,6.469048784896757e-05,0.008441786844882167,109
fru-F-300147,368,151,217,1969,151,217,0.0022883876028338295,1.63407959282643e-05,3.94876689167771e-05,0.018491533088789508,233
fru-F-300148,416,150,266,3405,150,266,0.0010399230317349806,4.543704325114599e-06,3.173963633517032e-05,0.02090347218732727,231
fru-F-300149,804,388,416,4404,388,416,0.010946315558107414,3.8562587225075336e-05,4.2264740873754273e-05,0.04039997990050751,352
fru-F-300150,676,66,610,3485,66,610,0.001000206610078534,2.3383137479093203e-05,1.093029051679956e-05,0.03396814230440681,331
fru-F-300151,853,423,430,4621,423,430,0.008735692447065953,0.00011135801362117065,5.455688586447694e-05,0.042862167730264814,331
fru-F-300152,229,182,47,1836,182,47,0.00035069961637600064,9.587772186767975e-07,0.00013159644554134483,0.011506959449273905,109
fru-F-300153,175,86,89,626,86,89,0.001182083444222447,1.4080912419374193e-05,1.2682119104195016e-05,0.008793527963418923,163
fru-F-300154,456,236,220,2434,236,220,0.004163032629923341,1.1887347552838498e-05,3.7574159797876025e-05,0.02291342143610874,209
fru-F-300155,561,247,314,4777,247,314,0.0046067467058095585,5.790470066033628e-05,7.571679995353918e-05,0.028189538214160093,298
fru-F-300156,642,342,300,5451,342,300,0.005365467445229586,4.207488807635675e-05,6.120925297566525e-05,0.03225968544294257,266
fru-F-300157,646,386,260,5265,386,260,0.010826068686848654,1.6801250517347383e-05,4.1738627432979927e-05,0.03246068036782071,352
fru-F-300158,227,25,202,1113,25,202,0.0002307424892201062,5.804729223919382e-07,9.050135458408572e-06,0.011406461986834832,189
fru-F-300159,609,168,441,2982,168,441,0.0029956419695591555,5.5716700764844305e-05,2.265892352719951e-05,0.030601477312697856,331
fru-F-300160,523,244,279,2562,244,279,0.004288826132049771,3.646603816886126e-05,2.9182960733294355e-05,0.0262800864278177,318
fru-F-300161,390,49,341,2859,49,341,9.048559833369773e-05,6.556528200398076e-08,6.068518480662561e-05,0.019597005175619315,205
fru-F-300163,80,59,21,207,59,21,0.0005144144732238167,3.476792151598299e-07,1.07558284781127e-05,0.004019898497562936,80
fru-F-300164,171,90,81,1032,90,81,0.00028599047698628415,1.4257936678797792e-06,4.605888047197558e-05,0.008592533038540778,109
fru-F-300165,426,187,239,2583,187,239,0.0025649705277622083,6.34495758996969e-06,2.158272340709758e-05,0.021405959499522637,236
fru-F-300166,382,154,228,2509,154,228,0.0010965965983642811,3.706779447564736e-05,3.102530743274967e-05,0.019195015325863023,183
fru-F-300167,493,102,391,2859,102,391,0.002208618200739576,4.784442057925144e-05,1.7693733182767416e-05,0.024772624491231597,325
fru-F-300168,828,517,311,5494,517,311,0.008519993147605546,5.430184826890426e-05,0.00011079424484357786,0.04160594944977639,312
fru-F-300169,273,175,98,1532,175,98,0.0011386313943487893,3.771368430685927e-05,2.5339886033896313e-05,0.01371790362293352,206
fru-F-300170,199,80,119,991,80,119,0.0002521766236548823,9.579156509573276e-07,2.7286680585657377e-05,0.009999497512687805,121
fru-F-300171,241,151,90,1659,151,90,0.0005772740171667826,1.2267968433325792e-06,5.933116507290809e-05,0.012109944223908346,113
fru-F-300172,646,101,545,2758,101,545,0.0006745756566233407,9.05340923349802e-06,1.4219009650609952e-05,0.03246068036782071,248
fru-F-300174,465,151,314,4009,151,314,0.0010284387561721826,4.9113589097161325e-06,3.238670418104037e-05,0.02336566001708457,231
fru-F-300176,488,94,394,2497,94,394,0.0023039305670202273,9.713042504383263e-06,1.5917457780392563e-05,0.024521380835133912,310
fru-F-300177,742,223,519,4807,223,519,0.003509479941934925,2.5511353485145397e-05,0.0001155471805176763,0.037284558564896236,325
fru-F-300178,660,103,557,3685,103,557,0.0020695119884565085,3.165001988167841e-05,1.9444706989472234e-05,0.03316416260489423,331
fru-F-300180,169,115,54,970,115,54,0.0002625881236943608,5.909115852728318e-07,3.928984992349379e-05,0.008492035576101703,94
fru-F-300181,399,153,246,1938,153,246,0.00474412742890791,2.6152909371456564e-05,2.767431345483189e-05,0.020049243756595145,221
fru-F-300182,169,119,50,938,119,50,0.0004246402278794594,3.679799204812991e-07,6.207143383046387e-05,0.008492035576101703,109
fru-F-300183,60,37,23,227,37,23,0.00012125126211608933,2.082234808312247e-07,1.650530331482856e-05,0.0030149238731722026,60
fru-F-300184,221,66,155,1157,66,155,0.00029912854870038614,6.735455880680811e-07,1.3863127164165665e-05,0.011104969599517612,159
fru-F-300185,1457,470,987,8324,470,987,0.003444946169882463,8.167721625738873e-06,0.00013459329818526868,0.07321240138686498,232
fru-F-300187,665,131,534,3267,131,534,0.0018100561448066445,0.00011442418972334843,2.7229273011574383e-05,0.03341540626099191,272
fru-F-300188,1315,320,995,9230,320,995,0.004438256901390054,6.175204037415873e-05,0.00014895851471764953,0.06607708155369077,352
fru-F-300189,196,108,88,1186,108,88,0.0011946421664599414,6.602214688049329e-06,2.233225529732415e-05,0.009848751319029195,179
fru-F-300190,247,96,151,1334,96,151,0.0012558834837805963,4.016002442494852e-05,1.93681954725825e-05,0.012411436611225566,205
fru-F-300191,155,105,50,753,105,50,0.0010186204493451891,4.391116185235344e-06,4.0391599360000155e-05,0.007788553339028189,115
fru-F-300192,439,133,306,1911,133,306,0.0016810857681845764,5.12956894724725e-05,2.226042159746513e-05,0.022059193005376614,232
fru-F-300193,855,500,355,5188,500,355,0.007845255351994585,0.00015079940370730344,8.922459530395729e-05,0.042962665192703885,294
fru-F-300194,532,182,350,2739,182,350,0.004271556842102038,4.266533569611952e-05,3.3854248154319764e-05,0.02673232500879353,325
fru-F-300195,426,307,119,2913,307,119,0.0029330316502239836,5.680960531909023e-05,5.5879914507447124e-05,0.021405959499522637,230
fru-F-300196,213,78,135,1680,78,135,0.00025206715711866907,9.701965402314687e-07,3.916604322029396e-05,0.010702979749761319,109
fru-F-300197,148,56,92,973,56,92,0.0002161876816794158,8.798532245270269e-07,2.8451530159932996e-05,0.0074368122204914325,108
fru-F-300198,710,488,222,2938,488,222,0.0090815215763299,4.204315671120833e-05,7.041356202542768e-05,0.03567659916587106,331
fru-F-300199,78,52,26,357,52,26,0.00014908228375020737,1.9190696373003768e-07,2.4526281059086776e-05,0.003919401035123863,76
fru-F-300200,247,124,123,801,124,123,0.000530125383646396,1.0910055863250162e-06,1.701994909940765e-05,0.012411436611225566,177
fru-F-300201,120,53,67,307,53,67,0.00041949254641779603,3.7582687297095545e-06,9.317402031318766e-06,0.006029847746344405,117
fru-F-300202,504,221,283,5546,221,283,0.0023630652635078537,0.00010074571888871254,7.226020009442615e-05,0.0253253605346465,185
fru-F-300203,217,165,52,1756,165,52,0.0003559576669216105,1.7485023372609029e-06,0.00012238896188886337,0.010903974674639466,109
fru-F-300204,135,66,69,551,66,69,0.0007615642344034564,2.0988487545797692e-06,1.7222184333167117e-05,0.006783578714637455,99
fru-F-300205,291,205,86,1855,205,86,0.0009700979479526197,7.702460779449898e-06,2.384131857551147e-05,0.014622380784885182,211
fru-F-300206,338,172,166,1928,172,166,0.0011732477565062982,3.469000415801595e-05,2.6608142051747803e-05,0.016984071152203406,183
fru-F-300207,458,183,275,2902,183,275,0.0031380356248736866,1.5733962481928352e-05,3.2877165039301856e-05,0.02301391889854781,240
fru-F-300208,177,153,24,823,153,24,0.0011230309386458643,6.597180673404917e-06,4.417620192735914e-05,0.008894025425857996,123
fru-F-300209,338,186,152,1709,186,152,0.0024784959470976397,2.710740925592543e-06,2.5884929211199998e-05,0.016984071152203406,205
fru-F-300210,200,109,91,1072,109,91,0.00037287527063479495,6.195050656221035e-07,7.611902634884781e-05,0.01004974624390734,127
fru-F-300211,776,508,268,3460,508,268,0.00853459910041563,0.0001752460925905582,0.00010172399366791234,0.03899301542636049,331
fru-F-300212,163,155,8,525,155,8,0.0006129182306556218,9.842581705595042e-07,3.334142780468337e-05,0.008190543188784483,123
fru-F-300213,458,176,282,1867,176,282,0.0019849643823359477,3.8025512911355725e-06,2.8892323988234035e-05,0.02301391889854781,230
fru-F-300214,488,257,231,2781,257,231,0.0035745427347402326,9.325788122592512e-06,4.550383477932236e-05,0.024521380835133912,209
fru-F-300215,190,166,24,1057,166,24,0.0032261644005548936,2.195119482317901e-05,3.0409523667413272e-05,0.009547258931711974,163
fru-F-300216,155,106,49,626,106,49,0.002462152242006713,1.6103841891677193e-05,1.5440322611706004e-05,0.007788553339028189,126
fru-F-300217,147,61,86,1212,61,86,0.0001780400589110729,6.964611648091772e-07,2.195053154220589e-05,0.007386563489271896,116
fru-F-300218,320,191,129,1854,191,129,0.0012995927365265852,5.408882928563247e-05,3.059943313277297e-05,0.016079593990251745,183
fru-F-300219,496,33,463,2979,33,463,0.0024207518017766443,1.1094183062915215e-06,9.777648966788055e-06,0.024923370684890207,352
fru-F-300220,78,20,58,526,20,58,0.00019992997413943126,4.459249548926564e-07,9.85810696891138e-06,0.003919401035123863,69
fru-F-300221,111,61,50,796,61,50,0.000652785659354376,1.634365037851782e-06,1.5105813578195643e-05,0.005577609165368575,94
fru-F-300222,289,73,216,1391,73,216,0.0005286099905842249,2.3168959723801988e-07,1.225069116658515e-05,0.014521883322446109,198
fru-F-300223,168,92,76,1202,92,76,0.0003370603552401391,1.8966985766220058e-06,4.9751639933333624e-05,0.008441786844882167,109
fru-F-300224,368,336,32,4115,336,32,0.0018082429186777947,5.453735532750973e-05,0.00010417378962180721,0.018491533088789508,183
fru-F-300225,548,350,198,3571,350,198,0.0035518302824896083,5.9160338112579956e-05,9.295250370998509e-05,0.027536304708306116,233
fru-F-300226,1030,224,806,5416,224,806,0.0029539068090841934,3.4970793093591586e-05,9.463430626387493e-05,0.05175619315612281,352
fru-F-300227,177,156,21,524,156,21,0.0014621334708815432,2.4638468133149187e-06,6.956356013504433e-05,0.008894025425857996,130
fru-F-300228,244,88,156,1304,88,156,0.001003067797214622,1.0181415137732563e-05,1.569029167544594e-05,0.012260690417566956,199
fru-F-400000,125,97,28,631,97,28,0.0002645513368204966,4.642331913521891e-07,3.3747292339233564e-05,0.006281091402442088,89
fru-F-400001,135,86,49,486,86,49,0.0014121382378145192,1.2216479486809352e-05,1.5523039756672025e-05,0.006783578714637455,130
fru-F-400002,189,142,47,558,142,47,0.0007783937236104933,8.588305935377768e-06,2.0547369302303285e-05,0.009497010200492437,143
fru-F-400003,223,12,211,940,12,211,0.000994830844062748,4.5175210049086285e-07,8.563340558546449e-06,0.011205467061956685,196
fru-F-400004,147,51,96,360,51,96,0.0004126053884893183,5.717640644176398e-06,9.204745870389086e-06,0.007386563489271896,144
fru-F-400005,123,85,38,594,85,38,0.0002528720693528259,4.1556936854082153e-07,2.888064175304053e-05,0.0061805939400030145,99
fru-F-400006,212,137,75,629,137,75,0.002866062904475131,6.195655613405394e-05,1.722079755082021e-05,0.010652731018541781,188
fru-F-400007,127,85,42,648,85,42,0.0002696152967494301,4.038566816598147e-07,4.840854140609433e-05,0.006381588864881162,103
fru-F-400008,51,42,9,172,42,9,0.0005678567037299898,4.35165385664177e-07,1.0511946619971032e-05,0.002562685292196372,51
fru-F-400009,478,242,236,2836,242,236,0.003427405845805801,4.943805105180436e-06,4.44290622474915e-05,0.024018893522938546,209
fru-F-400010,374,52,322,1594,52,322,0.0007027547433017602,3.3978861924076744e-06,1.2014382948179681e-05,0.01879302547610673,199
fru-F-400011,194,75,119,897,75,119,0.00038253910615328575,1.630226608366931e-06,9.896067502297714e-06,0.009748253856590122,189
fru-F-400012,161,68,93,537,68,93,0.0005087651349450036,1.5946034667583668e-06,1.1594976560299563e-05,0.00809004572634541,141
fru-F-400013,345,73,272,1804,73,272,0.0010846311323721423,1.2935340087928539e-06,1.9852563736051345e-05,0.017335812270740165,200
fru-F-400014,582,411,171,3782,411,171,0.01327544515448997,1.441448441766732e-05,4.6360843150062894e-05,0.029244761569770364,352
fru-F-400015,310,86,224,1440,86,224,0.0014171604472475938,3.430049615018893e-05,1.955863625113475e-05,0.015577106678056379,209
fru-F-400017,93,77,16,364,77,16,0.000731360336653568,2.8009167343407783e-05,1.1117586542044101e-05,0.0046731320034169134,93
fru-F-400018,622,234,388,2646,234,388,0.0025630012730567292,5.143437465208075e-05,2.4152033476228783e-05,0.03125471081855183,258
fru-F-400019,176,88,88,672,88,88,0.0011809446759447587,2.2413724605622985e-05,1.1797245135140313e-05,0.00884377669463846,156
fru-F-400020,207,113,94,890,113,94,0.0005933827660576385,6.720127052635368e-06,1.5632558631659566e-05,0.010401487362444098,139
fru-F-400021,119,84,35,540,84,35,0.00030225127469374433,3.180235055254608e-07,3.083842961017404e-05,0.005979599015124868,101
fru-F-400022,122,66,56,559,66,56,0.00011699494545418277,1.3973251201170062e-07,7.046904216608229e-05,0.006130345208783478,69
fru-F-400023,294,34,260,1574,34,260,0.0003278802302459549,1.057912122217669e-06,1.5008105724932972e-05,0.014773126978543792,188
fru-F-400024,90,57,33,249,57,33,0.0005554034845689222,1.1097913448077674e-06,1.0292177168093405e-05,0.004522385809758303,88
fru-F-400025,450,27,423,2346,27,423,0.00036811178406744477,1.1896426598077178e-06,1.2101529003433047e-05,0.02261192904879152,317
fru-F-400027,120,66,54,484,66,54,0.00023449647724730287,1.8807285775983456e-07,2.3523286692470235e-05,0.006029847746344405,98
fru-F-400028,81,64,17,274,64,17,0.0004733338973058253,1.0388715856374601e-05,9.9307106377165e-06,0.0040701472287824735,81
fru-F-400029,332,116,216,1159,116,216,0.0023188215036823202,1.0624704840240722e-05,1.3996255903637036e-05,0.016682578764886186,205
fru-F-400030,406,136,270,2382,136,270,0.0027464888236371564,2.3426953024413542e-05,1.904574017877955e-05,0.0204009848751319,298
fru-F-400033,259,61,198,1160,61,198,0.0003853261136541991,7.157849787565001e-07,1.3266306638924997e-05,0.013014421385860007,197
fru-F-400034,36,20,16,107,20,16,6.470929728012687e-05,4.708962347934367e-08,9.423766991438781e-06,0.0018089543239033215,34
fru-F-400035,145,106,39,421,106,39,0.00072562920415738,6.968524547400095e-06,1.2883457646223443e-05,0.007286066026832822,125
fru-F-400036,50,29,21,188,29,21,0.00013693410913457045,2.6318179905152657e-07,1.6260088486665146e-05,0.002512436560976835,49
fru-F-400037,91,49,42,275,49,42,0.00047720365843710935,5.562852557498999e-07,9.099532082758689e-06,0.0045726345409778405,90
fru-F-400038,410,181,229,2268,181,229,0.0014174857432251472,3.1299817968488135e-05,3.05157121329847e-05,0.02060197980001005,186
fru-F-400039,238,66,172,1018,66,172,0.000604921994619799,5.165775496699145e-06,1.1996917163208695e-05,0.011959198030249736,204
fru-F-400040,429,173,256,2227,173,256,0.0014214420649912988,2.5943831987339725e-05,3.82529994161692e-05,0.021556705693181247,196
fru-F-400041,319,280,39,1503,280,39,0.0014148359246924547,8.513693567038357e-06,4.191103485214252e-05,0.01602934525903221,200
fru-F-400042,370,213,157,1940,213,157,0.0024529649902470655,3.657093120531378e-06,3.7022486368158515e-05,0.018592030551228583,209
fru-F-400044,92,55,37,321,55,37,0.00024068776160514476,3.947609162818879e-07,1.1002221033460568e-05,0.004622883272197377,89
fru-F-400045,27,16,11,54,16,11,2.9387633182232572e-05,3.374066267284465e-08,7.840585784379524e-06,0.001356715742927491,27
fru-F-400046,32,13,19,61,13,19,3.654392369791247e-05,1.813636173566495e-08,8.977109493827104e-06,0.0016079593990251746,32
fru-F-400047,563,493,70,5071,493,70,0.0024371094336979996,1.0178241869827463e-05,0.0003166059171039079,0.028290035676599167,186
fru-F-400048,381,53,328,2121,53,328,0.000715337155697039,8.873496031777767e-06,9.657626146005365e-06,0.019144766594643484,179
fru-F-400049,308,168,140,1271,168,140,0.001894127419577778,0.00017050291826945763,2.9133294447195596e-05,0.015476609215617306,229
fru-F-400050,257,173,84,1721,173,84,0.0008204843866606205,5.298488328611681e-06,1.786980049015029e-05,0.012913923923420934,211
fru-F-400051,264,203,61,1333,203,61,0.0009704612854964895,6.897267579725798e-06,2.289064741801941e-05,0.01326566504195769,198
fru-F-400052,69,52,17,303,52,17,0.00019155778852930004,1.8107816319119173e-07,1.7206837317519615e-05,0.0034671624541480327,68
fru-F-400053,131,77,54,395,77,54,0.001022391406428735,5.3317742704245426e-05,1.3207239980564779e-05,0.006582583789759309,125
fru-F-400054,125,52,73,360,52,73,0.0007101294386785294,1.4185377439150512e-06,1.089417579578961e-05,0.006281091402442088,123
fru-F-400055,233,192,41,675,192,41,0.005115961139866769,6.19766881393948e-05,1.9627048293744445e-05,0.011707954374152053,158
fru-F-400056,135,77,58,492,77,58,0.0005317937582194647,4.540960940796933e-06,1.4172657764111393e-05,0.006783578714637455,102
fru-F-400057,174,94,80,683,94,80,0.001281812685397117,3.365425700497944e-06,2.775495339529584e-05,0.008743279232199388,121
fru-F-400058,81,45,36,525,45,36,0.0005802993321616658,1.2601400823229687e-06,1.5092595827957126e-05,0.0040701472287824735,81
fru-F-400059,201,115,86,756,115,86,0.0018524145326196603,5.945413749087296e-06,1.586773003141935e-05,0.010099994975126878,169
fru-F-400060,438,157,281,2292,157,281,0.0029521583778834744,0.0005531401581175665,1.8409624964462498e-05,0.022008944274157078,304
fru-F-400062,471,339,132,1950,339,132,0.005325671362367972,0.000236315902088869,5.3873700105070086e-05,0.02366715240440179,261
fru-F-400063,195,77,118,1245,77,118,0.0010440394091681747,2.640748013683716e-06,2.136919653686808e-05,0.009798502587809657,143
fru-F-400064,370,219,151,2055,219,151,0.0031857569827452733,1.6532134696898655e-05,3.4445529229416455e-05,0.018592030551228583,225
fru-F-400065,131,42,89,550,42,89,0.00021187645529959677,6.536085174071731e-07,1.3234694306667802e-05,0.006582583789759309,114
fru-F-400066,48,37,11,106,37,11,0.0003977998531327733,1.9265821628608174e-07,8.668365385588485e-06,0.002411939098537762,48
fru-F-400067,259,74,185,1616,74,185,0.0007675522440999963,3.843659162701594e-06,1.9258470468302975e-05,0.013014421385860007,203
fru-F-400068,790,320,470,4618,320,470,0.00951245690419075,2.469830079758554e-05,4.6026487424849285e-05,0.039696497663434,352
fru-F-400069,257,141,116,915,141,116,0.0018336044552449203,9.478791912703169e-05,2.7267556505973033e-05,0.012913923923420934,210
fru-F-400070,261,27,234,672,27,234,0.00017537660830627282,3.55415998940972e-06,8.480736958936228e-06,0.01311491884829908,143
fru-F-400071,376,20,356,1321,20,356,0.00010620012666002624,1.2355858299716775e-06,9.945853315618383e-06,0.018893522938545803,231
fru-F-400072,290,76,214,1424,76,214,0.005489310489635628,9.53288800843307e-06,2.159554898642006e-05,0.014572132053665645,260
fru-F-400073,284,43,241,1297,43,241,0.0003762101952110046,9.444071516057446e-06,8.747077391263602e-06,0.014270639666348424,154
fru-F-400074,367,86,281,1704,86,281,0.004099146616423504,1.7090633786325905e-05,1.4746727235974293e-05,0.018441284357569972,328
fru-F-400075,296,25,271,1198,25,271,0.00024783238832624396,2.744870121186049e-07,8.159496799572657e-06,0.014873624440982865,165
fru-F-400076,248,246,2,751,246,2,0.0023932697178441933,1.4838113374513942e-05,4.3594823624001245e-05,0.012461685342445104,136
fru-F-400077,459,89,370,1927,89,370,0.0034852569908704273,1.5850971386477554e-05,1.2267230239421408e-05,0.02306416762976735,352
fru-F-400078,166,94,72,649,94,72,0.0010738162102670375,3.387051592800254e-05,1.3878645187359378e-05,0.008341289382443093,150
fru-F-400079,313,121,192,1373,121,192,0.00184093217988771,5.546453088792207e-05,1.7415004737767868e-05,0.01572785287171499,210
fru-F-400080,177,143,34,494,143,34,0.003086393111252203,1.760850422774577e-05,1.5012505992059475e-05,0.008894025425857996,144
fru-F-400085,299,192,107,1245,192,107,0.0022389344692598802,9.999884044374384e-05,2.8668512720609588e-05,0.015024370634641475,227
fru-F-400086,321,236,85,1669,236,85,0.0012017075194309763,7.567753143490206e-06,3.3248321176344523e-05,0.016129842721471284,203
fru-F-400087,756,181,575,3615,181,575,0.006356158230751442,2.6283389317700574e-05,3.379878287110671e-05,0.03798804080196975,349
fru-F-400088,163,104,59,500,104,59,0.0007973058210421412,1.0026468357812523e-05,1.2435471552734422e-05,0.008190543188784483,142
fru-F-400089,317,178,139,1429,178,139,0.003437937828869826,2.850757632681745e-05,2.5597572177845925e-05,0.015928847796593135,205
fru-F-400090,164,47,117,499,47,117,0.00034428619007039537,9.150129794099854e-07,1.0933514448175271e-05,0.00824079192000402,142
fru-F-400092,278,31,247,1118,31,247,0.00020611562211806004,4.35337861794783e-06,8.546866268964973e-06,0.013969147279031204,165
fru-F-400094,82,66,16,427,66,16,0.0005269385639823126,3.497100506038097e-06,2.1551228044788366e-05,0.00412039596000201,74
fru-F-400096,103,82,21,414,82,21,0.0008747989093256172,3.0735508678859523e-06,2.3467184404762603e-05,0.0051756193156122805,94
fru-F-400097,116,54,62,484,54,62,0.00023587973380133345,5.08899145374619e-07,2.5790487624348847e-05,0.005828852821466258,93
fru-F-400098,49,38,11,210,38,11,0.00012524421552655363,2.3783703552720197e-07,2.106307250110292e-05,0.0024621878297572987,49
fru-F-400100,52,27,25,291,27,25,0.00030851983248882803,8.277763691631857e-07,1.198958852514096e-05,0.002612934023415909,52
fru-F-400101,709,35,674,4240,35,674,0.0020392114987653363,9.119271645053758e-07,9.312485119445993e-06,0.035626350434651524,352
fru-F-400102,75,63,12,245,63,12,0.0009975597292901828,1.7363501164279248e-06,1.1084985295897027e-05,0.003768654841465253,75
fru-F-400103,290,163,127,1018,163,127,0.0023849047136460075,3.6667116252656034e-05,2.184018157453226e-05,0.014572132053665645,218
fru-F-400104,100,81,19,368,81,19,0.0007814962412736961,2.5729669910437463e-06,2.118522317698951e-05,0.00502487312195367,92
fru-F-400105,376,92,284,1703,92,284,0.002980498896380794,0.0001279981647985032,1.8099125601373564e-05,0.018893522938545803,223
fru-F-400106,155,99,56,785,99,56,0.0010316388738393365,6.351501139991254e-06,1.477028252449228e-05,0.007788553339028189,151
fru-F-400107,110,52,58,425,52,58,0.0002773236133793041,3.358043737869729e-06,1.2064258606243189e-05,0.005527360434149038,93
fru-F-400108,678,444,234,3208,444,234,0.005731319706423616,0.00011361760162152841,0.0001371135591664142,0.03406863976684589,296
fru-F-400109,763,183,580,3525,183,580,0.0026629899209204525,2.54633896225765e-05,2.499266167346764e-05,0.03833978192050651,352
fru-F-400110,774,89,685,4097,89,685,0.006134998536950203,3.3485697437443747e-06,1.3904398113130523e-05,0.03889251796392141,352
fru-F-400111,712,23,689,5810,23,689,0.00034502256046070877,4.787437909937512e-06,1.0115356200196626e-05,0.035777096628310134,298
fru-F-400112,291,139,152,1285,139,152,0.0028168024693549015,3.917231673204259e-06,2.2233125146832257e-05,0.014622380784885182,202
fru-F-400113,146,103,43,397,103,43,0.0010174040550870057,2.8918426833530966e-06,1.3872015753904466e-05,0.007336314758052359,131
fru-F-400114,186,140,46,849,140,46,0.0008052204045421532,1.1653013126498872e-05,0.00010464297943908881,0.009346264006833827,121
fru-F-400115,166,88,78,554,88,78,0.0020300161657779434,3.769030664706357e-05,1.5320238126384966e-05,0.008341289382443093,159
fru-F-400116,190,186,4,565,186,4,0.0019169513043392407,9.295938078180064e-06,3.046117868672434e-05,0.009547258931711974,131
fru-F-400117,1279,330,949,11291,330,949,0.004703827894483253,0.00015977311280393326,0.00012003353363556051,0.06426812722978745,352
fru-F-400118,434,224,210,2610,224,210,0.0034522184190107713,6.855566268848114e-06,3.116454100687213e-05,0.021807949349278932,231
fru-F-400119,436,196,240,2012,196,240,0.002947760572667344,4.516981997150082e-06,2.9703366289660082e-05,0.021908446811718003,209
fru-F-400120,125,97,28,398,97,28,0.0010245461085866693,3.0449590682569964e-06,1.410159270486927e-05,0.006281091402442088,116
fru-F-400121,270,118,152,1185,118,152,0.0012869275030341653,4.810124957268291e-06,1.6756495876120226e-05,0.01356715742927491,205
fru-F-400122,250,211,39,1627,211,39,0.0028538624175863,1.9133783525299215e-05,2.8783257131822947e-05,0.012562182804884177,213
fru-F-400124,359,278,81,1643,278,81,0.002749847435855938,1.4136137815547248e-05,6.168705839126985e-05,0.018039294507813677,219
fru-F-400125,274,210,64,1422,210,64,0.001039636383147245,5.225816904028742e-06,3.0357811486022222e-05,0.013768152354153058,198
fru-F-400126,775,699,76,4290,699,76,0.015054122453501559,2.103241478352761e-05,5.085608100829898e-05,0.03894276669514095,352
fru-F-400127,213,37,176,834,37,176,0.00037306124461400613,1.1357778509871989e-05,1.008113082456478e-05,0.010702979749761319,144
fru-F-400129,114,51,63,315,51,63,0.0006155836253001058,9.116112436394552e-07,1.0173796014825509e-05,0.005728355359027185,114
fru-F-400130,347,50,297,1252,50,297,0.0004581440473388966,6.043002004227768e-06,1.0583951508753516e-05,0.017436309733179237,157
fru-F-400131,233,198,35,969,198,35,0.002954043924463847,3.0674036310067466e-05,2.6175772359908773e-05,0.011707954374152053,196
fru-F-400133,362,76,286,1070,76,286,0.0013590183082767095,5.551016069942296e-06,1.5383812122942237e-05,0.018190040701472288,225
fru-F-400134,164,112,52,550,112,52,0.0009471920215800126,2.7083984193994015e-06,1.3838933538237882e-05,0.00824079192000402,140
fru-F-400135,604,324,280,3021,324,280,0.008717913602776002,3.920135263745074e-05,3.202103750334678e-05,0.03035023365660017,352
fru-F-400136,708,530,178,3055,530,178,0.014349368691462389,4.474499143590187e-05,3.480172385739676e-05,0.035576101703431985,352
fru-F-400137,271,65,206,1381,65,206,0.0004193633106602623,1.0876450890662792e-06,1.2896185952658179e-05,0.013617406160494448,156
fru-F-400138,341,136,205,1272,136,205,0.0015619511776008635,1.3381654284799167e-06,1.6944613636470442e-05,0.017134817345862016,202
fru-F-400139,270,92,178,1436,92,178,0.0005492336333257354,2.664186611427282e-06,1.7152633966888447e-05,0.01356715742927491,212
fru-F-400140,162,148,14,827,148,14,0.0017025369513812532,2.0921826247880084e-05,2.550342540373968e-05,0.008140294457564947,153
fru-F-400141,346,64,282,1365,64,282,0.001865194717708075,8.078102157751252e-06,1.3432114193134011e-05,0.0173860610019597,194
fru-F-400142,361,154,207,1412,154,207,0.0009860680980121306,4.898282689897237e-06,2.854903809904966e-05,0.018139791970252752,186
fru-F-400143,213,80,133,898,80,133,0.0015501450847201143,1.536128237590047e-06,1.48693711081036e-05,0.010702979749761319,186
fru-F-400144,434,146,288,2899,146,288,0.0012420064146561741,1.6596717506195827e-05,3.524573236925779e-05,0.021807949349278932,236
fru-F-400145,154,79,75,775,79,75,0.00027758977481101923,3.13281860057457e-07,2.8564743249841765e-05,0.007738304607808653,120
fru-F-400146,101,45,56,561,45,56,9.536395321412315e-05,6.946026103944857e-08,3.735327887843225e-05,0.005075121853173208,66
fru-F-400147,245,108,137,1166,108,137,0.0010898320522815315,1.2324642332487094e-06,3.65621939840476e-05,0.012310939148786493,187
fru-F-400148,188,76,112,715,76,112,0.0008949671322817446,2.5088967010829502e-05,1.260935127988069e-05,0.009446761469272901,163
fru-F-400149,606,558,48,2717,558,48,0.006342650504013884,0.0030526745466856655,5.42681047836494e-05,0.030450731119039245,322
fru-F-400150,556,184,372,3031,184,372,0.0037239494493379543,9.258425743373495e-07,1.226153680117869e-05,0.027938294558062408,352
fru-F-400151,264,239,25,1808,239,25,0.0020414694209248737,1.0688225521619754e-05,4.705543002437856e-05,0.01326566504195769,211
fru-F-400152,987,832,155,10906,832,155,0.02204671615040088,5.5442334772488806e-05,0.00014371447203763985,0.049595497713682726,352
fru-F-400153,198,89,109,1294,89,109,0.0009672904742418571,3.372139745744759e-06,2.0461313240028235e-05,0.009949248781468268,141
fru-F-400154,354,162,192,1748,162,192,0.006577057012600163,2.5269663730898206e-05,2.472500527842228e-05,0.017788050851715993,209
fru-F-400155,531,386,145,2820,386,145,0.0038097561028879474,0.00014699049702388714,0.00010881719040804497,0.02668207627757399,233
fru-F-400156,89,35,54,481,35,54,0.0007217799388880515,1.0747804043234212e-06,1.4148753796511092e-05,0.004472137078538767,78
fru-F-400157,246,70,176,1430,70,176,0.00088304451805703,2.2452447572027303e-06,1.8518931163524184e-05,0.012361187880006029,194
fru-F-400158,217,65,152,1104,65,152,0.0004868946071479355,2.064192817084618e-06,1.83602858620622e-05,0.010903974674639466,187
fru-F-400159,211,95,116,1038,95,116,0.0008064037435850335,7.149195181233958e-05,4.6648467601963095e-05,0.010602482287322246,184
fru-F-400160,489,292,197,2560,292,197,0.004936299005963972,8.278805254475432e-05,5.742557400476942e-05,0.024571629566353448,248
fru-F-400161,83,53,30,205,53,30,0.00045450543399035143,7.893596596334006e-06,1.0070680419445874e-05,0.004170644691221546,83
fru-F-400162,417,230,187,2335,230,187,0.00257352166554888,2.8293171726463014e-05,7.196907853751283e-05,0.020953720918546807,231
fru-F-400163,151,9,142,478,9,142,0.0002202989063656549,5.372539356343232e-08,7.86740629513552e-06,0.007587558414150043,122
fru-F-400164,232,15,217,948,15,217,0.0002433995701332095,3.332686325742071e-07,7.963695054359655e-06,0.011657705642932515,189
fru-F-400165,347,14,333,2545,14,333,0.0005484451810663874,2.215878440510556e-07,8.332038758993047e-06,0.017436309733179237,316
fru-F-400166,112,48,64,663,48,64,0.00046692143270703077,1.422539341176053e-06,1.560415174320323e-05,0.005627857896588111,98
fru-F-400167,194,54,140,745,54,140,0.0004813468616389855,3.7415210314118875e-07,3.079160258419595e-05,0.009748253856590122,170
fru-F-400168,190,111,79,913,111,79,0.0011222187487234445,3.155335265532458e-06,1.795102321619301e-05,0.009547258931711974,171
fru-F-400169,73,38,35,406,38,35,0.0003299355763958487,6.574638597204283e-07,1.1130383510249211e-05,0.0036681573790261794,67
fru-F-400170,203,90,113,1308,90,113,0.0015659409477959251,2.6958210735667207e-06,1.825221678292007e-05,0.01020049243756595,158
fru-F-400171,286,93,193,1804,93,193,0.0007929803353076715,2.2489310312303452e-05,3.9848726357189316e-05,0.014371137128787499,213
fru-F-400172,474,334,140,2059,334,140,0.00937796074613273,9.258554693479019e-06,2.94204034331016e-05,0.0238178985980604,352
fru-F-400173,1215,269,946,10431,269,946,0.003810375769921837,8.599220972100559e-05,0.00011711421346894798,0.0610522084317371,352
fru-F-400174,434,189,245,2807,189,245,0.00258639120140169,3.1854241685431705e-06,3.257628893855143e-05,0.021807949349278932,209
fru-F-400175,334,245,89,1660,245,89,0.003982498270504449,3.417599289797634e-05,7.18805252325578e-05,0.01678307622732526,248
fru-F-400176,628,301,327,2839,301,327,0.003919619264782423,1.9698688904782097e-05,6.789007155850336e-05,0.03155620320586905,296
fru-F-400177,1239,293,946,9279,293,946,0.003950647901747896,9.44851502786563e-05,0.00011890770636983683,0.06225817798100598,352
fru-F-400178,196,98,98,986,98,98,0.0003798463779553111,8.363068852448292e-07,3.619746655330275e-05,0.009848751319029195,110
fru-F-400180,275,194,81,1472,194,81,0.0008441381515930019,2.32999537489356e-06,1.929999083644201e-05,0.013818401085372594,211
fru-F-400181,26,14,12,63,14,12,4.752495906566236e-05,1.706118460821528e-08,8.072190459057229e-06,0.0013064670117079544,26
fru-F-400182,299,94,205,1575,94,205,0.0011248466803444785,1.2569450006561837e-06,1.387950727631048e-05,0.015024370634641475,201
fru-F-400183,185,142,43,737,142,43,0.0015243985173170273,1.4862586632159996e-05,1.8209979037089617e-05,0.009296015275614291,171
fru-F-400184,438,9,429,2279,9,429,7.301230329378726e-05,1.8649051972763532e-07,8.96724878856939e-06,0.022008944274157078,298
fru-F-400185,116,46,70,414,46,70,3.428736512279085e-05,6.38657990376887e-09,2.5832375991354007e-05,0.005828852821466258,79
fru-F-400186,57,20,37,230,20,37,0.00020660751377963915,2.565843915064709e-07,9.420141873213621e-06,0.0028641776795135924,54
fru-F-400187,92,80,12,264,80,12,0.0003866103225994977,2.6786211532369514e-07,2.715905095431526e-05,0.004622883272197377,77
fru-F-400188,184,139,45,758,139,45,0.002316473129898144,8.07778398582486e-05,1.8997223281323214e-05,0.009245766544394754,174
fru-F-400189,236,78,158,1366,78,158,0.0008979156144094348,2.697730640167169e-06,1.7318023604974867e-05,0.011858700567810663,168
fru-F-400190,260,75,185,1315,75,185,0.0012147932050832785,1.8202316300085806e-06,1.662740811318015e-05,0.013064670117079544,186
fru-F-400191,437,281,156,2568,281,156,0.0011674778703838504,5.095760388537115e-06,6.438856427000757e-05,0.021958695542937542,186
fru-F-400192,494,77,417,2101,77,417,0.0008463748750202354,1.967852220519863e-06,1.2325901641160535e-05,0.024822873222451133,206
fru-F-400193,64,35,29,247,35,29,6.780433970681533e-05,5.801919283839094e-08,1.5129043020402392e-05,0.0032159187980503492,62
fru-F-400194,285,123,162,1696,123,162,0.0016371074768120985,5.157692571896599e-06,2.707763577506933e-05,0.014320888397567962,186
fru-F-400195,156,65,91,523,65,91,0.0010192129577781676,6.895038120379586e-06,1.0557017513892482e-05,0.007838802070247727,143
fru-F-400196,455,70,385,1962,70,385,0.0012039310249747001,2.160910662146187e-06,1.1231613926411922e-05,0.0228631727048892,206
fru-F-400197,269,76,193,1779,76,193,0.0009737144892581095,9.969349608475625e-07,1.555027532888987e-05,0.013516908698055373,198
fru-F-400198,276,65,211,1421,65,211,0.0006352008702481709,2.167973796509887e-06,1.600794443607984e-05,0.013868649816592131,207
fru-F-400199,286,87,199,1654,87,199,0.0012125806041297135,2.1074784082316294e-06,2.125818138856206e-05,0.014371137128787499,209
fru-F-400200,264,98,166,1019,98,166,0.0009150811546869975,1.6326604701314174e-06,4.448723641428887e-05,0.01326566504195769,224
fru-F-400201,471,213,258,3125,213,258,0.0030115373050766947,1.0428516274366693e-05,7.112256481980654e-05,0.02366715240440179,245
fru-F-400202,342,159,183,1619,159,183,0.0029384985978455538,2.866067959234797e-05,3.28099327548314e-05,0.017185066077081555,209
fru-F-400203,185,71,114,964,71,114,0.0007593045700069667,2.1557872963284064e-06,1.42299714919155e-05,0.009296015275614291,166
fru-F-400204,53,32,21,240,32,21,0.00025425656072029074,2.1279715030287104e-07,1.383044681688631e-05,0.0026631827546354453,53
fru-F-400205,484,43,441,2454,43,441,0.0005805373139260888,4.773752696284722e-07,1.1547813854933556e-05,0.024320385910255767,295
fru-F-400206,374,215,159,2031,215,159,0.0038152988146842354,0.00011553469936567848,2.7249610610457995e-05,0.01879302547610673,235
fru-F-400207,71,56,15,320,56,15,0.0004991789702385016,1.0711255611202366e-06,2.9621088388532082e-05,0.003567659916587106,66
fru-F-400208,421,207,214,2390,207,214,0.0031838147443055847,6.2103673273221635e-06,3.257452571758798e-05,0.021154715843424952,209
fru-F-400209,76,42,34,554,42,34,0.0003534050302057385,1.1618040422880527e-06,1.5685451886398455e-05,0.0038189035726847896,75
fru-F-400210,103,81,22,487,81,22,0.001046677048410622,8.021752666109034e-07,3.631419782774195e-05,0.0051756193156122805,94
fru-F-400211,112,30,82,652,30,82,0.0002754278226804411,6.381818471255325e-07,1.2844718768119067e-05,0.005627857896588111,93
fru-F-400212,26,13,13,87,13,13,3.458369388600865e-05,1.59430781850822e-08,1.8280375435345072e-05,0.0013064670117079544,24
fru-F-400213,138,115,23,820,115,23,0.0008232073764782174,1.762845511462631e-06,3.248700417589699e-05,0.0069343249082960655,106
fru-F-400214,443,139,304,2067,139,304,0.0050723719014601,1.7276822046919988e-05,2.0649752399756226e-05,0.02226018793025476,245
fru-F-400215,307,6,301,2333,6,301,0.0002745127352046622,1.594151308567056e-07,7.859551128251252e-06,0.015426360484397768,296
fru-F-400216,169,122,47,929,122,47,0.001175187073776369,5.920630465728141e-06,2.2125681437409327e-05,0.008492035576101703,165
fru-F-400217,126,100,26,525,100,26,0.0007881760873729856,1.5225743140933494e-06,3.257605969859007e-05,0.006331340133661625,97
fru-F-400218,102,33,69,649,33,69,0.00031217140952655327,6.112427054481567e-07,1.0948286302470959e-05,0.005125370584392744,88
fru-F-400219,390,110,280,2021,110,280,0.0008336037874882772,2.1043573067445414e-05,1.855317415913932e-05,0.019597005175619315,205
fru-F-400220,472,261,211,3168,261,211,0.0038026464301363647,6.199538717635134e-06,5.079871954550056e-05,0.023717401135621326,209
fru-F-400221,212,156,56,1909,156,56,0.0002223494146513037,3.741173139134413e-07,0.00023974840154564745,0.010652731018541781,109
fru-F-400222,453,160,293,1977,160,293,0.004414435097408341,1.705703049212474e-05,1.9157849322663295e-05,0.02276267524245013,220
fru-F-400223,492,109,383,2237,109,383,0.001378013802507841,2.5781704862149445e-05,2.022027731932051e-05,0.024722375760012058,235
fru-F-400224,589,314,275,2670,314,275,0.004157381653492999,2.799891413226822e-05,7.397883190771389e-05,0.02959650268830712,277
fru-F-400225,478,316,162,2962,316,162,0.009203020072536226,1.1474551917607857e-05,3.148073869435864e-05,0.024018893522938546,352
fru-F-400226,376,151,225,1630,151,225,0.0035040839791047086,3.6563523868699894e-05,2.076429908754763e-05,0.018893522938545803,206
fru-F-400227,348,69,279,2463,69,279,0.0006673424561251261,2.814783360998687e-05,2.935973659715941e-05,0.017486558464398776,226
fru-F-400228,312,144,168,1772,144,168,0.002063342765695644,5.342845765723832e-06,2.7898645296520648e-05,0.015677604140495453,189
fru-F-400229,539,17,522,2823,17,522,0.00015405094169679596,8.622108857152292e-07,8.713974376448491e-06,0.027084066127330286,227
fru-F-400230,327,244,83,1617,244,83,0.0012455393000811344,5.90729018244759e-06,3.0434592887744772e-05,0.016431335108788504,211
fru-F-400231,606,212,394,4552,212,394,0.0035695478212379272,1.6671763742656225e-05,4.333757222216081e-05,0.030450731119039245,235
fru-F-400232,240,129,111,1325,129,111,0.0007485008093632523,1.5081139438857205e-05,2.5868384233747352e-05,0.01205969549268881,145
fru-F-400233,166,123,43,1316,123,43,0.00043057850668757486,9.117251609739366e-07,6.688978842063499e-05,0.008341289382443093,106
fru-F-400234,384,111,273,2150,111,273,0.001452409604185689,1.2568405457845636e-06,2.468494772512548e-05,0.019295512788302095,201
fru-F-400235,663,461,202,3748,461,202,0.002060971001100419,2.508999236878358e-05,8.93790084117365e-05,0.03331490879855284,227
fru-F-400236,444,76,368,3122,76,368,0.0016521409494394985,3.3191351081077934e-05,1.5098644314005276e-05,0.0223104366614743,304
fru-F-400237,138,73,65,683,73,65,0.00027924547328612916,4.931717663462576e-07,3.493639133886178e-05,0.0069343249082960655,91
fru-F-400238,562,185,377,3212,185,377,0.002556129067377389,5.079694936932696e-05,2.8941357333105288e-05,0.028239786945379628,240
fru-F-400239,85,65,20,351,65,20,0.0005803362276632356,6.708558647793548e-07,2.423290671246189e-05,0.00427114215366062,78
fru-F-400240,117,75,42,677,75,42,0.0003042370109004319,4.394429921517421e-07,3.715755413512907e-05,0.005879101552685795,99
fru-F-400241,324,226,98,1955,226,98,0.0023964796506090132,1.9015990901537303e-05,2.7762488018470252e-05,0.016280588915129894,231
fru-F-400242,611,502,109,5115,502,109,0.005446787736290542,0.00016428981578756185,0.00018000998646344998,0.030701974775136927,287
fru-F-400243,514,241,273,4058,241,273,0.003423955491462229,0.00012658550252452172,5.372520483844691e-05,0.02582784784684187,282
fru-F-400244,237,204,33,1295,204,33,0.0006289988018349298,9.945206619205877e-07,5.8804280465716496e-05,0.0119089492990302,135
fru-F-400245,453,82,371,2497,82,371,0.003211374741704127,9.940180239269085e-06,1.5762352849959465e-05,0.02276267524245013,241
fru-F-400246,503,104,399,3443,104,399,0.001302673688071757,4.9489101627106395e-05,2.82366792186834e-05,0.025275111803426963,239
fru-F-400247,471,303,168,3156,303,168,0.0032101090746585598,2.4860332768355175e-05,4.66951197033988e-05,0.02366715240440179,236
fru-F-400248,548,257,291,3463,257,291,0.003051556316061091,1.794121524108609e-05,6.973454653737252e-05,0.027536304708306116,265
fru-F-400249,252,113,139,1512,113,139,0.0015559928416306332,5.1262517712008874e-06,4.173639717444103e-05,0.01266268026732325,136
fru-F-400250,485,232,253,2710,232,253,0.0028894888587706253,3.4986059070547973e-06,4.005341634574015e-05,0.024370634641475302,209
fru-F-400251,119,72,47,490,72,47,0.0004822341934432268,3.8233140375977404e-06,2.084610409172805e-05,0.005979599015124868,96
fru-F-400252,596,348,248,3944,348,248,0.005233571812803861,8.593184699665582e-05,5.651927441550649e-05,0.029948243806843876,262
fru-F-400254,59,12,47,376,12,47,5.5428925444995036e-05,9.211352919713966e-08,8.553627936218606e-06,0.0029646751419526657,55
fru-F-400255,367,146,221,2090,146,221,0.002194098220597,2.839898126057766e-06,2.1310151664319393e-05,0.018441284357569972,209
fru-F-400256,101,49,52,758,49,52,0.00039145945268608657,1.8394172407711786e-06,1.802962436297658e-05,0.005075121853173208,88
fru-F-400257,81,64,17,335,64,17,0.0007298739204606166,6.514679708709603e-07,1.7133334281070062e-05,0.0040701472287824735,78
fru-F-400258,224,15,209,1202,15,209,0.00016354622988430707,5.087891179276215e-08,9.807617729729688e-06,0.011255715793176222,150
fru-F-400259,359,297,62,2324,297,62,0.003952346333156801,2.3467795083227474e-05,3.914761509391968e-05,0.018039294507813677,231
fru-F-400260,414,163,251,2559,163,251,0.002115046886457716,1.1024636899764146e-05,3.5594707273198353e-05,0.020802974724888196,226
fru-F-400261,242,79,163,1306,79,163,0.0006776667789946334,1.1678639378923882e-06,1.3778653940222855e-05,0.012160192955127883,181
fru-F-400262,495,281,214,2704,281,214,0.0038126105727700104,2.9923567316453985e-05,3.809041478602623e-05,0.024873121953670668,241
fru-F-400264,914,175,739,3684,175,739,0.00260360773130162,0.00010163682291137084,2.6434521613199964e-05,0.04592734033465655,348
fru-F-400265,466,253,213,4125,253,213,0.0043291421274135305,2.8420908326616944e-05,6.219866822241801e-05,0.023415908748304105,209
fru-F-400266,533,242,291,4196,242,291,0.004366870935009512,0.00011010529574219343,6.941320525796841e-05,0.026782573740013065,290
fru-F-400267,300,87,213,1562,87,213,0.0009396895786553184,7.608233190258219e-07,1.393090536235289e-05,0.015074619365861013,201
fru-F-400268,241,238,3,929,238,3,0.0031282659718372898,1.896216771812283e-05,4.59652906862564e-05,0.012109944223908346,146
fru-F-400269,202,89,113,750,89,113,0.001169484153697614,9.175715344542954e-06,1.2543699925786019e-05,0.010150243706346415,174
fru-F-400270,368,174,194,2185,174,194,0.0027537950189114057,1.49209806870345e-05,9.109481038263223e-05,0.018491533088789508,266
fru-F-400271,287,98,189,1702,98,189,0.000599626439326467,1.970837455872526e-06,2.986294290910399e-05,0.014421385860007034,190
fru-F-400272,258,54,204,1541,54,204,0.00042066250093091207,7.230364731502853e-07,1.2063785303137808e-05,0.01296417265464047,206
fru-F-400273,405,216,189,2592,216,189,0.0030110774303374567,1.2228226329626743e-05,3.459441661094966e-05,0.020350736143912366,209
fru-F-400274,416,234,182,2843,234,182,0.003020757620296467,9.439755694248625e-06,4.9435478693993566e-05,0.02090347218732727,209
fru-F-400275,125,85,40,920,85,40,0.000334820881038292,6.532008018072093e-07,4.804149858487289e-05,0.006281091402442088,102
fru-F-400276,415,169,246,2451,169,246,0.000868078717807479,6.306116096011911e-06,2.0641382517281614e-05,0.020853223456107732,205
fru-F-400277,157,73,84,581,73,84,0.0004671139137691029,2.85470320587928e-06,1.4646556478354228e-05,0.007889050801467262,107
fru-F-400278,240,54,186,1488,54,186,0.0005016054242363882,3.0155335873149046e-06,1.6801728372625564e-05,0.01205969549268881,177
fru-F-400279,342,229,113,1586,229,113,0.0030065922269101883,1.490885983366936e-05,5.509965159853146e-05,0.017185066077081555,235
fru-F-400280,390,245,145,1997,245,145,0.0011496707100805642,2.1831151885332783e-06,4.270114722767246e-05,0.019597005175619315,211
fru-F-400281,427,217,210,3214,217,210,0.0033703337581013604,8.87699550014353e-06,4.326143387087311e-05,0.021456208230742173,209
fru-F-400282,171,141,30,921,141,30,0.0009561307573582459,8.053771687807155e-06,6.466538013097118e-05,0.008592533038540778,115
fru-F-400283,652,134,518,4006,134,518,0.001625599868677189,5.257340020384125e-05,5.601781151509813e-05,0.03276217275513793,296
fru-F-400284,84,59,25,378,59,25,0.0005582778078381049,8.996853192537048e-07,2.8872496259181437e-05,0.004220893422441084,72
fru-F-400285,319,134,185,1915,134,185,0.0014617849911033242,4.905758820347753e-06,4.8656591594695645e-05,0.01602934525903221,222
fru-F-400286,545,148,397,3156,148,397,0.003327161137791909,1.9998493101214253e-05,2.6411023667179634e-05,0.027385558514647506,331
fru-F-400287,884,164,720,4580,164,720,0.007188058064276351,1.690445997978182e-05,2.4484270520320325e-05,0.04441987839807045,352
fru-F-400288,102,82,20,436,82,20,0.0007949855251113617,1.0940794844090461e-06,3.671803741731582e-05,0.005125370584392744,92
fru-F-400289,394,199,195,1912,199,195,0.002368979149329372,7.919482206886176e-06,5.3442238628088204e-05,0.019798000100497464,248
fru-F-400290,646,125,521,3294,125,521,0.0018009522441053288,6.002767054386716e-06,2.7952326103875856e-05,0.03246068036782071,349
fru-F-400291,75,21,54,418,21,54,0.00042187380044127974,4.279949744207288e-07,9.667744842712062e-06,0.003768654841465253,69
fru-F-400292,62,41,21,258,41,21,0.00011819023617088781,1.991457264486087e-07,1.7027225415206708e-05,0.003115421335611276,62
fru-F-400293,121,42,79,786,42,79,0.00037186524706419455,1.188015054499772e-06,1.2821577664877971e-05,0.006080096477563942,100
fru-F-400294,144,99,45,1037,99,45,0.0003273096611324254,7.251272201762653e-07,3.950327620003088e-05,0.007235817295613286,99
fru-F-400295,160,93,67,1327,93,67,0.00030753110084392554,1.3761173377965245e-06,5.56433434285805e-05,0.008039796995125872,109
fru-F-400296,484,258,226,3809,258,226,0.0035109912044093768,5.395592243514047e-06,5.1246798223944635e-05,0.024320385910255767,209
fru-F-400297,564,378,186,3427,378,186,0.005170865050518721,0.00011708384373279833,5.467913064370413e-05,0.028340284407818703,236
fru-F-400298,86,42,44,441,42,44,8.354498280160481e-05,7.81752322902962e-08,4.323844152759126e-05,0.004321390884880157,66
fru-F-400299,299,125,174,1237,125,174,0.0005130302880469023,2.15894531096551e-06,1.9107190969909e-05,0.015024370634641475,182
fru-F-400300,117,33,84,871,33,84,7.604645813021498e-05,3.339817926921307e-08,1.4175188851838795e-05,0.005879101552685795,105
fru-F-400301,664,282,382,3298,282,382,0.0023089861724648287,9.640125301016944e-06,8.793500481454955e-05,0.03336515752977237,251
fru-F-400302,694,4,690,4335,4,690,0.00028056450332285645,5.183319394419344e-08,7.755291777546903e-06,0.03487261946635847,352
fru-F-400303,2344,2209,135,16421,2209,135,0.05979360289138946,0.00012760633026142598,0.0002636691119270431,0.11778302597859404,352
fru-F-400304,447,232,215,2427,232,215,0.003494020145097201,6.422411092941554e-06,4.2159689366570854e-05,0.02246118285513291,209
fru-F-400305,516,159,357,3422,159,357,0.002300202984491351,2.894601385544479e-05,3.076151205157284e-05,0.02592834530928094,241
fru-F-400306,104,42,62,722,42,62,0.00038013608494759805,9.838188342374781e-07,1.5827407750158873e-05,0.005225868046831818,90
fru-F-400307,521,75,446,3269,75,446,0.0017621072869511277,1.168260897576347e-05,1.4299639890992086e-05,0.026179588965378624,317
fru-F-400308,586,297,289,3051,297,289,0.004107918446317862,1.8038417029887595e-05,4.422554350409692e-05,0.02944575649464851,248
fru-F-400309,639,193,446,4531,193,446,0.005968034938970209,3.5401290458617684e-05,4.8410170134521826e-05,0.03210893924928396,326
fru-F-400310,202,54,148,1311,54,148,0.00020624042917962408,2.5756115838691677e-07,2.6991922623161236e-05,0.010150243706346415,121
fru-F-400311,111,46,65,660,46,65,0.00040057285239134476,1.19390957730832e-06,1.2520384462081685e-05,0.005577609165368575,94
fru-F-400312,373,71,302,2357,71,302,0.0007364455172396209,2.1344559643539962e-06,1.3745211921609728e-05,0.018742776744887193,225
fru-F-400313,1195,360,835,8912,360,835,0.005155266402146395,0.00020404889911858874,0.0002224504195653458,0.06004723380734636,352
fru-F-400314,288,105,183,1971,105,183,0.00111788301964554,2.373394770990228e-06,1.8571956933298754e-05,0.014471634591226572,205
fru-F-400315,273,230,43,1600,230,43,0.002869945841524177,2.0140086117086373e-05,2.7652160825188005e-05,0.01371790362293352,225
fru-F-400316,300,156,144,1762,156,144,0.0021554658988377864,6.640098198678631e-06,4.623143141392275e-05,0.015074619365861013,169
fru-F-400317,727,265,462,4078,265,462,0.005883292648464455,5.0731440038696696e-05,4.42765929814309e-05,0.036530827596603185,345
fru-F-400318,227,221,6,1484,221,6,0.0022719553363428316,5.364740687199686e-05,7.904251930784456e-05,0.011406461986834832,184
fru-F-400319,523,94,429,3909,94,429,0.0011104262063591193,6.547606217110246e-05,2.2536309141511204e-05,0.0262800864278177,205
fru-F-400320,92,39,53,428,39,53,0.00036829216895318796,7.096165070490211e-07,1.1534553109039508e-05,0.004622883272197377,82
fru-F-400321,81,38,43,350,38,43,0.00021226804437873804,1.8950770465170235e-07,1.887323123142223e-05,0.0040701472287824735,80
fru-F-400322,96,74,22,499,74,22,0.0005757915600524816,7.786893848537901e-07,4.487816766264731e-05,0.004823878197075524,89
fru-F-400323,141,75,66,638,75,66,0.00038245096627608334,3.421844747794393e-06,1.5086348419388146e-05,0.007085071101954676,106
fru-F-400324,246,98,148,1270,98,148,0.0016547780490718004,1.4363740734366324e-06,2.3969849042591892e-05,0.012361187880006029,191
fru-F-400325,216,59,157,1487,59,157,0.0005601245217129502,4.820637170519287e-06,1.1076753386573362e-05,0.010853725943419929,181
fru-F-400326,267,77,190,1086,77,190,0.0009827397164070216,2.3525906340588174e-06,2.013168928124338e-05,0.0134164112356163,176
fru-F-400327,280,254,26,2453,254,26,0.0004606142129546624,2.0260371846534054e-06,0.0002037131555481027,0.014069644741470278,121
fru-F-400328,930,466,464,5113,466,464,0.00910567662222298,0.00016877209429428885,6.984024608209365e-05,0.04673132003416914,310
fru-F-400329,82,68,14,292,68,14,0.0008137579654010732,1.4642624675764256e-05,1.1293980494073679e-05,0.00412039596000201,81
fru-F-400330,500,235,265,3584,235,265,0.0025011706649104752,5.66951912192943e-06,5.716838469688623e-05,0.025124365609768353,209
fru-F-400331,465,324,141,7230,324,141,0.004831106721296479,0.00013135403071294348,0.0003126288724830322,0.02336566001708457,249
fru-F-400332,1307,201,1106,6038,201,1106,0.0027552644432702754,0.00010504921307223202,3.80210662705475e-05,0.06567509170393447,352
fru-F-400333,342,196,146,1670,196,146,0.0032512416387305222,1.672150225428893e-05,6.627699782905311e-05,0.017185066077081555,263
fru-F-400334,588,193,395,3371,193,395,0.003161182932659728,2.9496127243704255e-05,2.9516419749595328e-05,0.029546253957087584,325
fru-F-400335,285,40,245,1973,40,245,0.00033056081949700685,1.6513835138744702e-06,1.1535283419476094e-05,0.014320888397567962,191
fru-F-400336,396,218,178,2288,218,178,0.004789077933366384,4.0111144667576397e-05,3.3087900751054464e-05,0.019898497562936535,236
fru-F-400337,350,230,120,1495,230,120,0.0015171912417326955,1.6618053688629852e-05,5.7701996121671024e-05,0.017587055926837847,199
fru-F-400338,522,244,278,2708,244,278,0.006839408960468108,6.109033011223608e-05,4.174775039704377e-05,0.02622983769659816,241
fru-F-400339,230,41,189,1116,41,189,0.00029656034568939944,4.89812865011821e-07,1.1601899811778742e-05,0.011557208180493442,187
fru-F-400340,86,67,19,509,67,19,0.0004655417839365075,2.7451590904328546e-06,3.7435860563147486e-05,0.004321390884880157,73
fru-F-400341,190,49,141,1259,49,141,0.0004552916232342207,5.966853958727797e-07,1.6786191414273214e-05,0.009547258931711974,121
fru-F-400342,144,112,32,425,112,32,0.0027209194861045867,1.8396921668169815e-05,1.6494066756621723e-05,0.007235817295613286,131
fru-F-400343,39,5,34,193,5,34,5.891721251775983e-05,5.98043829580959e-08,7.790876497502995e-06,0.0019597005175619317,39
fru-F-400344,439,241,198,3268,241,198,0.004151623638941709,1.613380391618458e-05,5.145742005630232e-05,0.022059193005376614,209
fru-F-400345,119,36,83,361,36,83,0.0004844427768465164,1.0316880429172482e-05,9.19118867495355e-06,0.005979599015124868,115
fru-F-400346,391,75,316,2566,75,316,0.000922698613556015,7.771657965844908e-07,3.155649810216375e-05,0.019647253906838854,201
fru-F-400347,528,259,269,2431,259,269,0.002599310881357205,1.1042990539795466e-05,5.5112664816239844e-05,0.02653133008391538,263
fru-F-400348,439,69,370,2530,69,370,0.0007720318715771141,8.273369668356305e-06,1.2630154386868162e-05,0.022059193005376614,229
fru-F-400349,67,49,18,333,49,18,0.0004063889023845983,3.6800987662993094e-07,3.12833827234371e-05,0.0033666649917089594,63
fru-F-400350,118,15,103,384,15,103,7.573669124421333e-05,7.150662506090754e-06,8.508571858026441e-06,0.0059293502839053314,115
fru-F-400351,410,251,159,2474,251,159,0.004105729436876733,2.3086691944331706e-05,4.079686616793419e-05,0.02060197980001005,209
fru-F-400352,449,220,229,2721,220,229,0.0034476923489912183,1.6366529138786077e-05,3.7527965468848486e-05,0.02256168031757198,209
fru-F-400354,357,158,199,1339,158,199,0.0015098752230113712,5.224295365137591e-06,3.8327471649413766e-05,0.017938797045374603,211
fru-F-400355,103,40,63,629,40,63,0.00036759247527858713,1.0754160482863974e-06,1.2791895633813987e-05,0.0051756193156122805,93
fru-F-400356,38,28,10,109,28,10,8.333762724702086e-05,1.2885451514067683e-07,1.267779062066095e-05,0.0019094517863423948,38
fru-F-400357,361,140,221,2116,140,221,0.0010313438097854363,5.956109485163945e-06,2.1956962823900328e-05,0.018139791970252752,205
fru-F-400358,119,97,22,620,97,22,0.0009119979201901454,1.448793100907918e-06,4.531422189106298e-05,0.005979599015124868,100
fru-F-400359,126,99,27,692,99,27,0.0004580911415220121,7.282338075298676e-07,5.546843226036495e-05,0.006331340133661625,103
fru-F-400360,294,124,170,1484,124,170,0.0027388164634477388,3.868101852485435e-06,2.8000930199757688e-05,0.014773126978543792,200
fru-F-400361,284,212,72,1741,212,72,0.0033438845823351914,4.6262426608273405e-05,3.6596309198434536e-05,0.014270639666348424,205
fru-F-400362,469,240,229,3117,240,229,0.003027641579524759,6.115907730698985e-06,4.850332729700322e-05,0.023566654941962716,209
fru-F-400363,329,234,95,2589,234,95,0.0013557045684760495,1.7474985473474853e-05,3.117187019452638e-05,0.016531832571227575,205
fru-F-400364,185,60,125,1041,60,125,0.0007274681902684249,3.772009966258478e-06,2.0216490646780147e-05,0.009296015275614291,170
fru-F-400365,564,108,456,3267,108,456,0.0026984746422189163,1.6443524577032608e-05,1.6732388393816706e-05,0.028340284407818703,331
fru-F-400366,284,135,149,2167,135,149,0.0020590432209359306,9.294903546247697e-06,3.1101655700867354e-05,0.014270639666348424,153
fru-F-400367,347,176,171,1879,176,171,0.0008101387556699748,5.997263094762548e-06,1.9203156560899504e-05,0.017436309733179237,205
fru-F-400368,94,47,47,440,47,47,0.0004539533301924946,1.2307974025707452e-06,1.169377889256631e-05,0.004723380734636451,88
fru-F-400369,98,70,28,421,70,28,0.0002237519745663259,2.6645638495080844e-07,2.3528042677840038e-05,0.004924375659514597,89
fru-F-400370,74,56,18,349,56,18,0.00040693544964612505,1.5987570608611563e-06,3.3092764628740127e-05,0.0037184061102457163,66
fru-F-400371,701,150,551,5019,150,551,0.0034849632215871334,3.008732475599847e-05,3.271945408563748e-05,0.03522436058489523,345
fru-F-400372,56,40,16,248,40,16,0.00033530571897555893,3.3595358779455706e-07,1.83470526493447e-05,0.0028139289482940555,56
fru-F-400373,325,173,152,1632,173,152,0.0006270815077883557,1.3402076726300292e-06,1.9071745045439074e-05,0.01633083764634943,211
fru-F-400374,421,306,115,2080,306,115,0.0038598503676047606,7.579725701244787e-05,5.766523283463482e-05,0.021154715843424952,249
fru-F-400375,427,102,325,1681,102,325,0.0018007451712544274,5.082687672561138e-05,1.4464984423821333e-05,0.021456208230742173,231
fru-F-400376,293,99,194,2056,99,194,0.0009304374562028535,2.402009083570192e-06,1.7132445802773438e-05,0.014722878247324255,226
fru-F-400377,204,58,146,1042,58,146,0.0004755701667758012,1.553474451877149e-06,1.255691642025571e-05,0.010250741168785488,161
fru-F-400378,450,209,241,2593,209,241,0.002446750416956728,7.2797656368117985e-06,3.0123067652995828e-05,0.02261192904879152,209
fru-F-400379,418,202,216,2201,202,216,0.0025401325547885225,3.2554166231831493e-06,2.8017600537762845e-05,0.021003969649766342,209
fru-F-400380,961,199,762,6967,199,762,0.008669534676069835,1.6707958268131236e-05,3.6474517737884306e-05,0.048289030701974774,352
fru-F-400381,584,367,217,4274,367,217,0.011799087986596096,2.007686643953093e-05,6.312633762249029e-05,0.029345259032209435,352
fru-F-400382,113,102,11,497,102,11,0.0010554365867526344,1.6746915838324247e-05,1.3669487820584824e-05,0.0056781066278076475,111
fru-F-400383,206,108,98,1075,108,98,0.0011000055962681803,2.637591236413021e-05,3.884052668058161e-05,0.010351238631224561,185
fru-F-400384,252,65,187,1449,65,187,0.0008259393395307395,1.5214450853796371e-06,1.6445441839614943e-05,0.01266268026732325,186
fru-F-400385,547,191,356,2629,191,356,0.0023358057261033734,8.75491756321052e-06,5.237883616049719e-05,0.027486055977086577,218
fru-F-400386,141,85,56,708,85,56,0.00023521326971056962,2.865187254752025e-07,3.24028715929974e-05,0.007085071101954676,120
fru-F-400387,421,197,224,2030,197,224,0.0028084767716269506,7.523531132491685e-06,3.087735472807013e-05,0.021154715843424952,209
fru-F-400388,309,98,211,1686,98,211,0.0013798815614085521,1.3245699848192227e-05,1.607948257703704e-05,0.015526857946836843,204
fru-F-400389,513,262,251,2800,262,251,0.003439344128143505,1.5154053423339304e-05,4.767190685972856e-05,0.02577759911562233,209
fru-F-400390,213,126,87,901,126,87,0.001263889978412798,8.687652458114858e-05,5.649096988484492e-05,0.010702979749761319,185
fru-F-400391,447,238,209,3232,238,209,0.0029467974744495913,4.517966723211051e-06,5.291192882045924e-05,0.02246118285513291,209
fru-F-400392,188,97,91,732,97,91,0.0012473892612096566,3.0718556861432684e-05,2.650481285733209e-05,0.009446761469272901,173
fru-F-400393,214,164,50,817,164,50,0.001210587734901967,1.1716039901551356e-06,3.3805570102338526e-05,0.010753228480980856,180
fru-F-400394,185,55,130,790,55,130,0.00034453313120815133,5.068229099962761e-06,2.0768188752484195e-05,0.009296015275614291,174
fru-F-400395,408,95,313,2676,95,313,0.0008871056055939883,3.0507932519221e-06,3.210229264755852e-05,0.020501482337570976,222
fru-F-400396,262,65,197,1652,65,197,0.0006591261892165783,3.4083275359963145e-06,1.480693123106455e-05,0.013165167579518617,214
fru-F-400397,132,78,54,597,78,54,0.000594110876732336,9.911016473134736e-06,1.6167988085702237e-05,0.006632832520978845,108
fru-F-400398,282,103,179,1525,103,179,0.0012205171036350337,1.8468039683076488e-06,1.769925297926985e-05,0.014170142203909351,200
fru-F-400399,321,61,260,2089,61,260,0.0009764272951765315,1.8516568075787123e-06,1.3672652358270065e-05,0.016129842721471284,200
fru-F-400400,442,219,223,2375,219,223,0.004141842427905131,7.531565868479928e-06,3.2749000511239665e-05,0.022209939199035224,209
fru-F-400401,369,152,217,1670,152,217,0.0030519207643869943,8.791688554945475e-06,1.8832710918227568e-05,0.018541781820009044,209
fru-F-400402,248,47,201,1171,47,201,0.0007165352762105041,1.0486285998591894e-06,1.2025629780129137e-05,0.012461685342445104,194
fru-F-400403,45,4,41,169,4,41,0.00019015584815083137,7.634627306914986e-08,7.600818026044384e-06,0.0022611929048791516,44
fru-F-400404,413,217,196,2778,217,196,0.003662727277688876,1.8922825536511292e-05,4.1918808756589904e-05,0.02075272599366866,209
fru-F-400405,127,70,57,449,70,57,0.0006355389886372028,3.501614757233102e-06,1.138322918314936e-05,0.006381588864881162,121
fru-F-400406,375,182,193,2253,182,193,0.0016531421039776733,1.0293195558643904e-05,3.212364423426878e-05,0.018843274207326264,208
fru-F-400407,474,379,95,3197,379,95,0.0035996265055234272,4.219586133304555e-05,0.00011248601007123659,0.0238178985980604,248
fru-F-400408,202,146,56,1034,146,56,0.0012676974189003824,9.160004231844884e-06,2.280729292836436e-05,0.010150243706346415,189
fru-F-400409,409,176,233,2589,176,233,0.0012531992828113561,8.775626431220811e-06,2.6557323859974723e-05,0.02055173106879051,231
fru-F-400410,286,68,218,1633,68,218,0.0013106709314601333,1.2307714490619886e-06,1.638026057317311e-05,0.014371137128787499,191
fru-F-400411,265,56,209,1261,56,209,0.003700703805498995,9.94720154114142e-06,1.1072185185303268e-05,0.013315913773177228,260
fru-F-400412,333,50,283,1319,50,283,0.0009650863777292808,8.995748708490328e-06,1.0443947089037676e-05,0.016732827496105725,208
fru-F-400413,427,57,370,1749,57,370,0.0006811843629697312,1.5903176616946569e-06,1.0952671970601276e-05,0.021456208230742173,216
fru-F-400414,279,161,118,1360,161,118,0.0024443589975882978,4.6160282290367214e-05,3.126724513953765e-05,0.014019396010250741,225
fru-F-400415,424,130,294,2023,130,294,0.0016777702275993212,9.117571515113926e-05,1.6729739301861567e-05,0.021305462037083563,206
fru-F-400416,282,181,101,1756,181,101,0.0008112583056326069,8.20777293128722e-06,2.116917793303178e-05,0.014170142203909351,205
fru-F-400417,322,58,264,1854,58,264,0.0010050687136892462,5.279557397065717e-07,1.5567250418489197e-05,0.01618009145269082,200
fru-F-400418,437,193,244,3542,193,244,0.005670355363106583,1.2846656173349467e-05,3.787142184675943e-05,0.021958695542937542,214
fru-F-400419,1721,1417,304,9106,1417,304,0.032071750053081584,4.827048892161617e-05,0.00010692576021780854,0.08647806642882268,352
fru-F-400420,206,36,170,1483,36,170,0.000379253799829115,2.1566950882988565e-06,9.960567897290557e-06,0.010351238631224561,181
fru-F-400421,239,192,47,1856,192,47,0.0007445006624208722,2.3249804557451397e-06,8.66876206383274e-05,0.012009446761469273,119
fru-F-400422,368,174,194,2575,174,194,0.0015744049914007414,1.7599872719461204e-05,2.9894218966523487e-05,0.018491533088789508,231
fru-F-400423,360,75,285,2246,75,285,0.001387605001569861,1.0189397296404813e-06,1.7633153723863678e-05,0.018089543239033213,202
fru-F-400424,410,230,180,2498,230,180,0.0029772730742299498,1.0557866992803323e-05,4.007400859626709e-05,0.02060197980001005,209
fru-F-400425,182,104,78,746,104,78,0.0008049501162278372,8.93320177615688e-06,1.6638287930967808e-05,0.009145269081955681,135
fru-F-400426,74,60,14,271,60,14,0.00015149471989080152,3.093064597795894e-07,1.903549522396415e-05,0.0037184061102457163,72
fru-F-400427,336,81,255,1548,81,255,0.0012679294007204285,3.672115715700799e-05,2.9572310748358348e-05,0.016883573689764335,221
fru-F-400428,468,265,203,2586,265,203,0.0038270348724004366,1.8895444866165727e-05,0.00011276246375666289,0.02351640621074318,298
fru-F-400429,263,201,62,1286,201,62,0.0022976632299358053,1.4429765462960409e-05,2.09739977779056e-05,0.013215416310738155,213
fru-F-400430,162,92,70,552,92,70,0.0012802641405457546,3.2286629690269817e-06,1.8928082796453967e-05,0.008140294457564947,152
fru-F-400431,1236,163,1073,6324,163,1073,0.0021799410271498908,0.0001799119306051783,2.7745765116177052e-05,0.06210743178734737,352
fru-F-400432,480,198,282,3541,198,282,0.001954409958008864,4.381711419096218e-05,3.320055166517557e-05,0.02411939098537762,231
fru-F-400433,607,260,347,3709,260,347,0.0035238552485152962,7.225175744391024e-06,5.233900847703695e-05,0.03050097985025878,211
fru-F-400434,76,60,16,369,60,16,0.0005896065049799854,7.460148990748344e-07,3.1356658125755156e-05,0.0038189035726847896,75
fru-F-400435,472,171,301,1962,171,301,0.003850103903573428,0.00018434978462773826,2.1765630766786607e-05,0.023717401135621326,255
fru-F-400436,160,145,15,590,145,15,0.0010721112734598782,4.471958065119811e-06,2.9133913280291843e-05,0.008039796995125872,124
fru-F-400437,377,29,348,1679,29,348,0.00035658829607196417,6.613809508887564e-07,8.527007746080505e-06,0.01894377166976534,199
fru-F-400438,195,130,65,830,130,65,0.0006895711246952065,1.6337754509220422e-06,2.5871754184187487e-05,0.009798502587809657,169
fru-F-400439,771,306,465,4876,306,465,0.004383386123266458,4.580210096004329e-05,6.24258600748658e-05,0.0387417717702628,298
fru-F-400440,100,75,25,473,75,25,0.0009349864417458545,1.945143697193476e-06,4.600487255307274e-05,0.00502487312195367,90
fru-F-400441,116,55,61,633,55,61,0.0004851484534706011,4.7096552187244864e-07,3.0189118288231273e-05,0.005828852821466258,96
fru-F-400442,281,179,102,2169,179,102,0.0012461788522889383,3.759899571046719e-05,2.5888253965709323e-05,0.014119893472689814,205
fru-F-400443,86,42,44,395,42,44,0.0003739346767313197,3.6365223140185297e-07,1.7603632163786512e-05,0.004321390884880157,76
fru-F-400444,359,256,103,2310,256,103,0.0021468913292857165,5.104562378842655e-05,4.452449789468976e-05,0.018039294507813677,205
fru-F-400445,96,76,20,440,76,20,0.0008308754830954911,2.1684566949577256e-06,2.4390785760306774e-05,0.004823878197075524,90
fru-F-400446,38,24,14,125,24,14,9.370058995031794e-05,1.5819523290122565e-07,1.3798075426613491e-05,0.0019094517863423948,38
fru-F-400447,81,61,20,275,61,20,0.0005983297494414838,4.556752368588689e-07,3.154697120483196e-05,0.0040701472287824735,77
fru-F-400448,59,35,24,179,35,24,0.00033562484307423745,1.0750643518287627e-06,1.3057654506791636e-05,0.0029646751419526657,57
fru-F-400449,270,220,50,1872,220,50,0.002089126287045885,1.970670821537202e-05,3.61568845018378e-05,0.01356715742927491,216
fru-F-400450,602,312,290,2872,312,290,0.00470394542721501,1.7539556091125885e-05,7.878147638258466e-05,0.030249736194161096,293
fru-F-400451,336,220,116,2198,220,116,0.0008744887991596196,2.3325457288158807e-06,2.7973604766747533e-05,0.016883573689764335,211
fru-F-400452,947,457,490,7795,457,490,0.009870782979383253,0.0005053937944823521,0.00013744904558435635,0.04758554846490126,310
fru-F-400453,398,135,263,1873,135,263,0.0016665345890094828,2.8432928423514437e-05,3.401846934343192e-05,0.01999899502537561,294
fru-F-400454,325,219,106,1856,219,106,0.0020089532342220007,3.3020484102413916e-06,0.0001468613424850567,0.01633083764634943,202
fru-F-400455,391,178,213,2636,178,213,0.0020144406048637213,6.59260676805339e-06,7.141173078550653e-05,0.019647253906838854,231
fru-F-400457,191,116,75,786,116,75,0.002061321802010463,5.5625290938882425e-05,1.6917518177604704e-05,0.009597507662931512,165
fru-F-400458,363,219,144,1701,219,144,0.004296869031998029,7.1101573798615475e-06,4.18814212381711e-05,0.018240289432691823,209
fru-F-400459,62,30,32,156,30,32,0.00028622696524411656,3.390811668559188e-07,1.1315241929384364e-05,0.003115421335611276,59
fru-F-400460,78,51,27,427,51,27,0.00040064239959097776,6.675056002479066e-06,3.3396101563901444e-05,0.003919401035123863,70
fru-F-400461,465,93,372,2680,93,372,0.0011715859920247585,0.00010263690868413312,1.5475893402037097e-05,0.02336566001708457,231
fru-F-400462,488,239,249,2845,239,249,0.0027952307360984735,3.107670333489417e-06,4.761782228348182e-05,0.024521380835133912,209
fru-F-400463,434,207,227,2586,207,227,0.0027053059742167544,5.24131455342467e-06,3.663877301163771e-05,0.021807949349278932,209
fru-F-400464,527,383,144,2554,383,144,0.005645039903483663,0.000147634343754271,5.874173169564432e-05,0.026481081352695845,243
fru-F-400465,424,187,237,2232,187,237,0.0022333058527784504,5.018038580752558e-05,3.1610609316707364e-05,0.021305462037083563,236
fru-F-400466,363,150,213,1520,150,213,0.0019954398199088525,1.697364169164456e-06,2.131094160929125e-05,0.018240289432691823,209
fru-F-400467,168,156,12,1584,156,12,0.0015687093092760541,1.1302283634619295e-05,6.68320026357911e-05,0.008441786844882167,121
fru-F-400468,303,245,58,1716,245,58,0.0012712238441971654,8.545862050686809e-06,3.5674220417761094e-05,0.015225365559519623,205
fru-F-400471,313,159,154,1576,159,154,0.0026406387907405757,3.844525651219458e-06,2.1199280123205923e-05,0.01572785287171499,205
fru-F-400472,330,44,286,2428,44,286,0.003062584583484933,1.487267827143997e-06,1.065954365396325e-05,0.016582081302447114,318
fru-F-400473,61,50,11,211,50,11,0.0007425029860141655,4.063234776575973e-06,1.530671584981591e-05,0.003065172604391739,61
fru-F-400474,340,228,112,1963,228,112,0.0013610327953547806,9.870219193928462e-06,3.0811874983790114e-05,0.01708456861464248,211
fru-F-400475,447,82,365,1825,82,365,0.001170170539566824,7.079819233746675e-06,1.1869116039104775e-05,0.02246118285513291,206
fru-F-400476,44,40,4,108,40,4,0.0005148098833674792,3.912541366729383e-07,1.3355716148126295e-05,0.002210944173659615,44
fru-F-400477,142,82,60,661,82,60,0.00039902377325900043,3.9742396003495574e-06,1.3531950480414382e-05,0.007135319833174212,109
fru-F-400478,408,298,110,2021,298,110,0.004432065540593414,0.00010381808030952153,3.6221210216180425e-05,0.020501482337570976,241
fru-F-400479,107,64,43,784,64,43,0.0005835625957505906,1.7908489796118085e-06,1.6497276657564464e-05,0.005376614240490428,98
fru-F-400480,338,32,306,1758,32,306,0.0005458762558009312,6.660260402318264e-07,9.038720224334321e-06,0.016984071152203406,170
fru-F-400481,117,87,30,569,87,30,0.0010474614273706041,1.1212595886937906e-06,5.2061542568530775e-05,0.005879101552685795,104
fru-F-400482,491,55,436,2239,55,436,0.0006944636309330277,1.3428383846804406e-06,1.1299539034336362e-05,0.024672127028792522,331
fru-F-400483,864,164,700,4843,164,700,0.002392271753106654,8.371134116826612e-05,3.0875568019110776e-05,0.043414903773679715,285
fru-F-400484,93,37,56,777,37,56,0.0003234119490571917,9.461485967183664e-07,1.546765552923837e-05,0.0046731320034169134,84
fru-F-400485,515,221,294,2611,221,294,0.000808794572643451,2.761523211233489e-06,4.3556032322957375e-05,0.025878096578061404,186
fru-F-400486,154,22,132,654,22,132,0.00019709443174034346,2.8416051735072174e-06,9.003178376012166e-06,0.007738304607808653,153
fru-F-400487,299,12,287,2409,12,287,0.0007225403102582508,7.917853705067084e-07,8.551426916536946e-06,0.015024370634641475,292
fru-F-400488,313,233,80,1694,233,80,0.002742831314801351,2.361095189701445e-05,3.45991485493783e-05,0.01572785287171499,229
fru-F-400489,434,203,231,1616,203,231,0.0022317830831180517,4.125753510469492e-06,3.731141878188643e-05,0.021807949349278932,245
fru-F-400490,434,236,198,2867,236,198,0.0031063446567873615,7.452413730455651e-06,4.0763808144234565e-05,0.021807949349278932,209
fru-F-400491,96,30,66,560,30,66,0.00027370191405508504,4.5867240622461774e-07,1.3602388109751039e-05,0.004823878197075524,83
fru-F-400492,78,42,36,304,42,36,0.00017886297758543226,8.731893884986958e-08,1.8222285575009064e-05,0.003919401035123863,75
fru-F-400493,85,46,39,348,46,39,0.00045343157401636164,3.8879414890122123e-07,2.2974710626957832e-05,0.00427114215366062,79
fru-F-400494,250,118,132,1480,118,132,0.0010783041719122487,4.939638345441159e-06,2.427574473956373e-05,0.012562182804884177,183
fru-F-400495,501,368,133,4128,368,133,0.000962823381656824,3.0893763907177746e-06,0.00018322121970433357,0.02517461434098789,143
fru-F-400496,601,240,361,3301,240,361,0.004139674474080703,1.8022542959012496e-05,4.1479282951522205e-05,0.03019948746294156,244
fru-F-400497,671,262,409,5286,262,409,0.002974735916690508,3.880527286707037e-05,7.678257672271228e-05,0.03371689864830913,293
fru-F-400498,359,205,154,2153,205,154,0.003311232576735647,5.5366531882535024e-06,3.39173220132044e-05,0.018039294507813677,209
fru-F-400499,287,88,199,1685,88,199,0.0013634216437768975,9.715158422209206e-07,1.4854221747859965e-05,0.014421385860007034,200
fru-F-400500,627,240,387,5150,240,387,0.0027105035646288623,2.4665351838037056e-05,7.445418966240288e-05,0.03150595447464952,290
fru-F-400501,1104,25,1079,10485,25,1079,0.00047526853544719417,6.055115672049995e-07,8.308174609378415e-06,0.055474599266368524,331
fru-F-400502,71,52,19,287,52,19,0.00041643333429942697,4.452799498701994e-07,2.785421369072482e-05,0.003567659916587106,68
fru-F-400503,413,239,174,2599,239,174,0.004582084853251761,1.4704191452665179e-05,5.0742073716271575e-05,0.02075272599366866,209
fru-F-400505,89,65,24,417,65,24,0.0002739624441778879,1.7689878320701824e-06,2.1573799881015913e-05,0.004472137078538767,83
fru-F-400506,154,89,65,829,89,65,0.0003182047054185851,2.805451738049472e-07,3.49892168579801e-05,0.007738304607808653,124
fru-F-400507,547,299,248,2421,299,248,0.0047321473342912534,5.4511100846678956e-05,6.447567997116808e-05,0.027486055977086577,266
fru-F-400508,128,35,93,653,35,93,6.483082300325512e-05,7.26711361969269e-08,3.5074475331321934e-05,0.0064318375961006985,74
fru-F-400509,139,93,46,639,93,46,0.0002955283378582633,9.433503180652454e-07,3.431265572924522e-05,0.006984573639515602,100
fru-F-400510,165,102,63,816,102,63,0.0004135257338532006,6.573905039112671e-07,3.1020788740961735e-05,0.008291040651223557,126
fru-F-400511,37,16,21,69,16,21,5.8854493275717035e-05,4.954777415371218e-08,1.0192908231016107e-05,0.0018592030551228581,35
fru-F-400512,226,63,163,617,63,163,0.00023998552307586505,4.5036813749546805e-07,9.781260754312345e-06,0.011356213255615295,157
fru-F-400513,106,84,22,412,84,22,0.000982690937225053,1.987126911456273e-06,2.7389594084662783e-05,0.005326365509270891,88
fru-F-400514,536,138,398,2127,138,398,0.001672008236408265,2.9371025214715394e-06,2.2945701844138865e-05,0.026933319933671675,244
fru-F-400515,354,331,23,2821,331,23,0.0019119454853578077,6.0817464099743774e-05,6.745422878595468e-05,0.017788050851715993,183
fru-F-400516,480,269,211,3511,269,211,0.00346623651928226,6.560833231698036e-06,6.464638213784919e-05,0.02411939098537762,209
fru-F-400517,292,219,73,1577,219,73,0.0021530677942804347,7.907474479268103e-06,5.16462045001269e-05,0.014672629516104718,232
fru-F-400518,232,60,172,860,60,172,0.0006769726913090099,1.584157455587703e-06,1.4072998677625054e-05,0.011657705642932515,187
fru-F-400520,411,196,215,2662,196,215,0.0018507367572554538,2.9490613534670782e-05,4.604563072383726e-05,0.020652228531229586,231
fru-F-400521,594,402,192,2628,402,192,0.010366006837789002,2.397427050471616e-05,4.387416200079319e-05,0.029847746344404805,352
fru-F-400523,121,95,26,690,95,26,0.0008624031584700764,1.066683834583547e-06,5.0294426822614345e-05,0.006080096477563942,102
fru-F-400525,220,177,43,618,177,43,0.0017449971151622778,1.966891142029078e-06,4.861954442138731e-05,0.011054720868298076,135
fru-F-400526,235,101,134,881,101,134,0.0015947200694774479,2.982338142608096e-06,1.974020592559965e-05,0.011808451836591126,191
fru-F-400527,367,197,170,1671,197,170,0.0012132188044650407,9.493815953002691e-06,2.8655387861414108e-05,0.018441284357569972,186
fru-F-400528,318,116,202,1513,116,202,0.0016880687354083501,1.942532747379251e-06,1.660936409545891e-05,0.015979096527812674,202
fru-F-400529,346,275,71,2007,275,71,0.0012163211774061816,8.053366544490412e-06,3.421574818992363e-05,0.0173860610019597,211
fru-F-400530,407,120,287,2337,120,287,0.0017800064947062766,7.402985238301807e-05,2.4777075819877964e-05,0.02045123360635144,293
fru-F-400531,336,117,219,2711,117,219,0.0008391704973453926,4.3765914819519e-06,5.1293233301473746e-05,0.016883573689764335,225
fru-F-400532,324,211,113,2011,211,113,0.002602173572709908,1.912163976641576e-05,0.00010855386517511963,0.016280588915129894,217
fru-F-400533,146,98,48,912,98,48,0.0011282655846893551,2.284605592059128e-06,2.3446338340633314e-05,0.007336314758052359,119
fru-F-400534,134,55,79,593,55,79,0.00019472782727426933,3.5773759913575466e-07,2.7300888321896754e-05,0.006733329983417919,100
fru-F-400535,64,41,23,172,41,23,0.0001894734159721955,1.4203688330592066e-07,1.2489969064261685e-05,0.0032159187980503492,56
fru-F-400536,448,151,297,2259,151,297,0.0026704050383190912,4.431123695662136e-06,2.382815944381277e-05,0.022511431586352444,209
fru-F-400537,298,114,184,1349,114,184,0.0008510448626413851,5.3900871309363746e-05,2.0842424988319538e-05,0.014974121903421938,205
fru-F-400538,69,53,16,295,53,16,0.000499628657455861,6.031143502861623e-07,2.5616118416888593e-05,0.0034671624541480327,68
fru-F-400539,97,28,69,399,28,69,5.9970188361870274e-05,8.096055797754277e-08,1.2062450695991647e-05,0.004874126928295061,89
fru-F-400540,141,72,69,582,72,69,0.0002883320928549421,3.201037613794433e-07,2.3610718955412768e-05,0.007085071101954676,109
fru-F-400541,54,14,40,226,14,40,0.00012036527014276126,1.1741162454900745e-06,7.93076227507339e-06,0.002713431485854982,52
fru-F-400542,572,477,95,3509,477,95,0.005147538597373429,1.9152529927549588e-05,0.00029866558037189436,0.028742274257574998,209
fru-F-400543,369,181,188,1652,181,188,0.0024614190367425056,6.495741251384565e-06,2.5315527718785978e-05,0.018541781820009044,209
fru-F-400544,479,279,200,3017,279,200,0.0032597512548728567,4.390497466489557e-06,5.8114012331283516e-05,0.02406914225415808,209
fru-F-400545,436,201,235,2383,201,235,0.002476404773611735,4.086473244452647e-06,3.398212298998042e-05,0.021908446811718003,209
fru-F-400546,237,174,63,1130,174,63,0.0016792122092740172,1.601682615408972e-05,2.24416724429688e-05,0.0119089492990302,205
fru-F-400547,331,220,111,1721,220,111,0.0010968106477990446,6.986277474365114e-06,3.6770991172280016e-05,0.01663233003366665,205
fru-F-400548,349,262,87,1752,262,87,0.00249252312163878,1.4083095312799413e-05,5.5248348902931364e-05,0.01753680719561831,234
fru-F-400549,469,239,230,2161,239,230,0.002714832350387818,4.623930055768197e-06,4.27188445626369e-05,0.023566654941962716,209
fru-F-400550,66,42,24,212,42,24,0.0002897281279673936,2.5639005817130445e-07,1.5027055937789984e-05,0.0033164162604894225,63
fru-F-400551,366,154,212,1909,154,212,0.00253584307794065,4.4597260366687535e-06,3.015763836651548e-05,0.018391035626350433,209
fru-F-400552,1239,219,1020,5008,219,1020,0.0036141108234328976,0.00015910802513491494,3.4867850766775934e-05,0.06225817798100598,352
fru-F-400553,340,146,194,1696,146,194,0.0019714116523533035,3.5527447457443906e-06,1.9719649679020527e-05,0.01708456861464248,205
fru-F-500000,133,123,10,430,123,10,0.0011314826958893178,4.5000384150370445e-05,1.3833592564041492e-05,0.006683081252198382,128
fru-F-500001,463,262,201,2397,262,201,0.004220026533976914,3.189918825932857e-05,6.60670124794484e-05,0.023265162554645495,309
fru-F-500002,130,95,35,550,95,35,0.0009922666290960187,9.100638453433579e-06,1.4746615088739769e-05,0.006532335058539772,126
fru-F-500003,146,143,3,420,143,3,0.0008515058603672594,1.7279245810890697e-06,4.122216423533281e-05,0.007336314758052359,118
fru-F-500004,221,126,95,1684,126,95,0.00020383908192520112,3.70698238503711e-07,0.00022299715709799505,0.011104969599517612,121
fru-F-500005,170,84,86,1746,84,86,0.00027209748045107444,1.9397885358938862e-06,5.251457098529844e-05,0.00854228430732124,109
fru-F-500006,102,67,35,309,67,35,0.0003718300868078264,1.065372482420987e-05,1.049283834290869e-05,0.005125370584392744,101
fru-F-500007,96,84,12,291,84,12,0.0006053618963908155,9.083757222631662e-07,1.1276872383466627e-05,0.004823878197075524,94
fru-F-500008,194,119,75,798,119,75,0.0006877388676206764,3.864252623274325e-07,1.867069083269139e-05,0.009748253856590122,177
fru-F-500009,104,55,49,329,55,49,0.000606537620612184,4.5244392173310413e-07,2.7134008055904554e-05,0.005225868046831818,95
fru-F-500010,66,55,11,237,55,11,0.00022066530811374338,2.0278900707705769e-07,2.1275327299150387e-05,0.0033164162604894225,66
fru-F-500011,339,95,244,1490,95,244,0.0020134573641486745,9.768676250393938e-05,1.5677024641903097e-05,0.017034319883422945,205
fru-F-500013,120,86,34,383,86,34,0.0008842342590987322,5.449815311327159e-06,1.248522110267213e-05,0.006029847746344405,117
fru-F-500014,1055,790,265,5537,790,265,0.02301510394432765,2.7414331198405363e-05,8.01131444176908e-05,0.05301241143661123,352
fru-F-500015,367,114,253,1458,114,253,0.0018150096681853426,1.904730383133459e-05,1.3086361442359806e-05,0.018441284357569972,205
fru-F-500016,315,25,290,1860,25,290,0.0015610616046400558,6.080393426787356e-07,8.720375816018287e-06,0.015828350334154064,308
fru-F-500017,331,35,296,1995,35,296,0.003171551964202456,4.022400510454312e-06,9.18122614782015e-06,0.01663233003366665,322
fru-F-500018,430,257,173,2706,257,173,0.002409128234258293,1.0404894496725338e-05,6.178538962339353e-05,0.021606954424400783,231
fru-F-500020,232,30,202,669,30,202,8.575307527880315e-05,2.9083153863338922e-06,8.404492805665571e-06,0.011657705642932515,143
fru-F-500021,123,108,15,352,108,15,0.0013009094503825742,8.991957792432743e-06,1.3566980106226654e-05,0.0061805939400030145,122
fru-F-500022,170,112,58,617,112,58,0.0014541117940745061,1.3632156948181867e-06,1.680033396727211e-05,0.00854228430732124,130
fru-F-500023,119,57,62,367,57,62,0.00036677413605968055,8.831537326376148e-07,9.84089597419086e-06,0.005979599015124868,117
fru-F-500024,254,104,150,1083,104,150,0.0007250066569080939,3.8019884135649383e-06,1.635163794222319e-05,0.012763177729762324,165
fru-F-500025,217,33,184,556,33,184,0.00048044772387024055,5.514675743644754e-07,8.766723497020719e-06,0.010903974674639466,137
fru-F-500026,369,14,355,1058,14,355,9.587507237441339e-05,1.347245195163908e-07,1.2911533237610785e-05,0.018541781820009044,151
fru-F-500027,418,116,302,2091,116,302,0.0037776025160418214,7.641953727569511e-06,2.439154422538992e-05,0.021003969649766342,327
fru-F-500028,355,37,318,1513,37,318,0.00044668196814726054,1.3785928334291564e-06,9.297237963740266e-06,0.01783829958293553,179
fru-F-500029,895,53,842,5898,53,842,0.00039732748845032375,1.93842206064542e-06,1.022098154351488e-05,0.04497261444148535,298
fru-F-500030,129,98,31,363,98,31,0.0009720681518319152,1.0813886720242879e-05,1.1542209707562898e-05,0.006482086327320235,124
fru-F-500031,538,191,347,2606,191,347,0.004730642532199468,1.9388524591976892e-06,1.3250888584021309e-05,0.027033817396110747,352
fru-F-500032,282,152,130,1552,152,130,0.0008340441905790065,7.956462900886828e-06,1.985930120975066e-05,0.014170142203909351,211
fru-F-500033,247,25,222,906,25,222,0.00010278003763372261,9.52219973894862e-08,9.172065234903884e-06,0.012411436611225566,146
fru-F-500034,132,79,53,454,79,53,0.0008296561412931421,1.259495682519647e-05,1.3176662669205595e-05,0.006632832520978845,124
fru-F-500035,130,95,35,351,95,35,0.0015279230790197671,6.6351148630686686e-06,1.290926857966756e-05,0.006532335058539772,129
fru-F-500036,90,68,22,321,68,22,0.00015747099807332857,1.1935389024643296e-07,2.4778562228508662e-05,0.004522385809758303,75
fru-F-500037,138,95,43,493,95,43,0.0005223653103938199,9.799301974779236e-07,1.7344652171028294e-05,0.0069343249082960655,118
fru-F-500038,199,128,71,933,128,71,0.0010630983379460474,3.0284851200581388e-05,2.175818621407196e-05,0.009999497512687805,175
fru-F-500039,72,19,53,275,19,53,0.00015104452743348174,1.0786487695560707e-07,9.263013675646847e-06,0.003617908647806643,64
fru-F-500040,279,127,152,1473,127,152,0.0011472634688227273,2.964369005529115e-06,2.2879655505506526e-05,0.014019396010250741,196
fru-F-500041,578,21,557,3260,21,557,0.0014546972400748843,7.812677450829092e-07,1.0526470081948133e-05,0.029043766644892218,352
fru-F-500043,293,177,116,1225,177,116,0.003108040320892885,3.513776499022529e-05,2.382947635593102e-05,0.014722878247324255,230
fru-F-500044,474,267,207,2307,267,207,0.003805179473857126,2.3929260844723314e-05,6.169472127300575e-05,0.0238178985980604,284
fru-F-500045,332,227,105,2404,227,105,0.0014601662355061417,8.125899792807804e-05,4.4048524503972355e-05,0.016682578764886186,183
fru-F-500046,290,29,261,1628,29,261,0.0002819161592092581,2.5715442214865455e-06,8.937194474980183e-06,0.014572132053665645,166
fru-F-500047,493,188,305,3091,188,305,0.0014595864979862706,3.452740523154456e-05,3.4752653523018655e-05,0.024772624491231597,205
fru-F-500048,160,157,3,897,157,3,0.0008526738526204558,1.9532598946637575e-06,3.454094630807291e-05,0.008039796995125872,115
fru-F-500049,423,77,346,2424,77,346,0.005542909302115842,2.6839467148077006e-06,1.5882838406812486e-05,0.021255213305864027,352
fru-F-500050,345,132,213,1533,132,213,0.001420191439553325,1.65002333053288e-05,1.5910906657586717e-05,0.017335812270740165,205
fru-F-500051,328,7,321,1364,7,321,6.633603984006164e-05,1.7467348332514421e-06,7.66213905392182e-06,0.01648158384000804,165
fru-F-500052,123,75,48,921,75,48,0.0009140973035289252,2.2061231949386718e-06,2.0785314114983334e-05,0.0061805939400030145,101
fru-F-500053,307,215,92,1106,215,92,0.003627694362965515,2.07595678784214e-05,2.27180378626343e-05,0.015426360484397768,206
fru-F-500054,186,105,81,742,105,81,0.0008851330399063267,1.7561477282457437e-06,2.0790493103806078e-05,0.009346264006833827,173
fru-F-500055,159,130,29,482,130,29,0.0016670568683145707,5.4014035835773945e-05,1.3998007508577722e-05,0.007989548263906337,139
fru-F-500056,499,159,340,2029,159,340,0.006598362561582654,4.7412488394287726e-05,2.3765377694943785e-05,0.025074116878548817,231
fru-F-500059,110,51,59,880,51,59,0.0004371745459536643,2.1448285251977566e-06,1.8793218108512646e-05,0.005527360434149038,91
fru-F-500060,189,73,116,846,73,116,0.00024837407581272333,7.071468731085614e-07,2.5067604448642023e-05,0.009497010200492437,109
fru-F-500061,56,35,21,210,35,21,0.00016945947206576352,3.061871013060553e-07,1.4282534524734767e-05,0.0028139289482940555,55
fru-F-500062,90,33,57,386,33,57,0.0003089735091513664,6.85538495263029e-07,9.711572051477028e-06,0.004522385809758303,75
fru-F-500063,85,56,29,230,56,29,0.0001826304998878137,2.301716441821547e-07,9.088918292312e-06,0.00427114215366062,84
fru-F-500064,345,56,289,1344,56,289,0.0013315576626866375,1.0245902996093778e-05,1.0053879533328635e-05,0.017335812270740165,174
fru-F-500066,255,147,108,1456,147,108,0.0017563673756937714,0.0003312181313301986,4.102011003117838e-05,0.01281342646098186,211
fru-F-500068,269,78,191,1642,78,191,0.0008290540343441125,0.00015671750467787621,2.6652967822480207e-05,0.013516908698055373,216
fru-F-500069,421,132,289,1677,132,289,0.001149267124016661,2.643692384106299e-05,1.8327019034240017e-05,0.021154715843424952,181
fru-F-500070,70,53,17,258,53,17,0.00043488974995548616,4.937204759140335e-06,9.794054500302022e-06,0.0035174111853675696,70
fru-F-500071,116,97,19,325,97,19,0.0005690051302291766,1.057293445441738e-06,1.1316875503531619e-05,0.005828852821466258,112
fru-F-500072,117,84,33,307,84,33,0.0006859938624985069,4.9676048217109886e-06,1.0956292254203844e-05,0.005879101552685795,117
fru-F-500073,406,165,241,1865,165,241,0.001987100296926939,9.088625307592564e-05,2.8236651500557823e-05,0.0204009848751319,231
fru-F-500074,313,109,204,1376,109,204,0.0007609883536000106,3.920822249149566e-06,3.0190139411927844e-05,0.01572785287171499,186
fru-F-500075,329,134,195,1862,134,195,0.0017020251352521567,0.0002515825285739867,3.214319772849972e-05,0.016531832571227575,229
fru-F-500077,286,134,152,1304,134,152,0.00130899159259122,2.2976128647017663e-06,9.154277563670703e-05,0.014371137128787499,186
fru-F-500078,217,46,171,903,46,171,0.0004836918061494258,5.505961916518775e-06,1.2214646408082367e-05,0.010903974674639466,196
fru-F-500079,458,160,298,2056,160,298,0.0029062228055055264,2.2073712101683555e-05,2.1475371503017043e-05,0.02301391889854781,289
fru-F-500080,343,24,319,1369,24,319,0.0002226374009912606,2.711360138581736e-06,1.1510825782620852e-05,0.01723531480830109,219
fru-F-500081,638,246,392,2760,246,392,0.004803715808392265,0.00010381704915752011,2.2922109706380223e-05,0.03205869051806442,348
fru-F-500082,331,18,313,1385,18,313,0.0002693060843720111,3.1465285104141106e-07,8.173679389432305e-06,0.01663233003366665,176
fru-F-500083,317,43,274,1185,43,274,0.0004440154073142165,7.094052039395456e-07,9.795603109170627e-06,0.015928847796593135,199
fru-F-500084,139,72,67,347,72,67,0.0012039497523979497,1.1023599236610845e-06,1.1702966851571912e-05,0.006984573639515602,123
fru-F-500085,353,65,288,1325,65,288,0.00019357797407757552,2.5161989692349855e-07,1.0831905820103534e-05,0.017737802120496457,169
fru-F-500087,152,28,124,593,28,124,0.0001749892556395584,9.320938776190305e-07,1.2993833933031082e-05,0.007637807145369579,142
fru-F-500088,106,41,65,477,41,65,0.0003182003305679029,4.715044192749107e-07,9.616367390236781e-06,0.005326365509270891,94
fru-F-500089,269,141,128,1163,141,128,0.0020579044486481093,2.5527947476483916e-05,2.0439583062821232e-05,0.013516908698055373,205
fru-F-500090,80,39,41,415,39,41,0.000484475927665604,6.43482563421641e-07,1.2874865479330973e-05,0.004019898497562936,75
fru-F-500091,987,804,183,8830,804,183,0.0200664225174648,3.1607192509848324e-05,0.00010410241664132519,0.049595497713682726,352
fru-F-500092,244,196,48,1047,196,48,0.000996858894301122,8.861411013092974e-06,2.3118636296452845e-05,0.012260690417566956,183
fru-F-500093,236,95,141,841,95,141,0.0006298360628084183,1.3637709545291955e-06,1.0992692575403822e-05,0.011858700567810663,198
fru-F-500094,155,56,99,344,56,99,0.0009840417989293979,1.870932894168373e-06,1.1250839185577476e-05,0.007788553339028189,144
fru-F-500096,293,226,67,1273,226,67,0.0010619390011899126,5.44740539624401e-06,3.859168172485055e-05,0.014722878247324255,195
fru-F-500097,158,102,56,561,102,56,0.0018981368668639109,3.962637353295588e-05,1.4240745157833807e-05,0.0079392995326868,145
fru-F-500098,182,44,138,818,44,138,0.0003067746923165427,5.634234814011985e-07,8.981951983266603e-06,0.009145269081955681,170
fru-F-500099,281,93,188,1154,93,188,0.0008311774595633008,1.378180767787711e-06,1.2209748753656158e-05,0.014119893472689814,210
fru-F-500101,356,320,36,1944,320,36,0.004509196067148626,9.565475455300767e-05,5.057397718902726e-05,0.017888548314155067,231
fru-F-500102,931,426,505,5708,426,505,0.0223321006147913,8.426625164236303e-05,9.739065814985735e-05,0.04678156876538867,306
fru-F-500103,209,83,126,1060,83,126,0.0004293096594979549,2.017054683219025e-06,1.0526375568697302e-05,0.010501984824883171,197
fru-F-500104,622,48,574,4126,48,574,0.0029577463389464827,9.122846247337541e-07,9.092806413197337e-06,0.03125471081855183,352
fru-F-500105,106,57,49,363,57,49,0.0004225873243626375,3.3333400268022334e-06,1.0339037409701151e-05,0.005326365509270891,105
fru-F-500106,296,240,56,848,240,56,0.0025294367157768127,1.904550957317811e-05,3.6463656944177774e-05,0.014873624440982865,169
fru-F-500107,249,183,66,817,183,66,0.0008623623380215732,3.0513745447508868e-06,2.53355086120357e-05,0.01251193407366464,181
fru-F-500108,137,108,29,401,108,29,0.001379405184701999,9.964165618193165e-07,1.4570084360690286e-05,0.006884076177076529,126
fru-F-500109,434,233,201,1873,233,201,0.0010475855054432796,2.0224608562441052e-05,3.6688110805400376e-05,0.021807949349278932,186
fru-F-500110,306,51,255,1583,51,255,0.004468901992126888,2.3328055292865466e-06,1.3427185405253921e-05,0.015376111753178233,297
fru-F-500111,289,159,130,1322,159,130,0.001986452983762446,6.2845286548836626e-06,4.492896719829694e-05,0.014521883322446109,196
fru-F-500112,196,33,163,514,33,163,0.00021802395290814372,4.905596506417351e-07,8.5739804363447e-06,0.009848751319029195,131
fru-F-500113,502,88,414,2462,88,414,0.004750433513376025,5.5610354715724564e-06,1.2906411535483373e-05,0.025224863072207428,352
fru-F-500114,291,134,157,1082,134,157,0.0008375400998510341,8.61860527253688e-07,2.3637946081942135e-05,0.014622380784885182,197
fru-F-500115,563,132,431,2005,132,431,0.004844521701809331,4.852495372473894e-05,1.7901641573177567e-05,0.028290035676599167,284
fru-F-500116,159,73,86,883,73,86,0.0008804545145684229,1.7047954122554464e-05,1.3612308230491123e-05,0.007989548263906337,150
fru-F-500117,205,95,110,997,95,110,0.0007643740388373711,2.533309670948795e-06,1.3129872953206943e-05,0.010300989900005025,182
fru-F-500118,70,42,28,303,42,28,9.107893905960225e-05,1.1245165474076812e-07,2.0121702871510424e-05,0.0035174111853675696,68
fru-F-500119,87,65,22,436,65,22,0.000924167590318602,1.2411660056582002e-06,1.611313566407461e-05,0.004371639616099694,78
fru-F-500120,453,254,199,2617,254,199,0.0010547308011084255,3.7792313749372037e-06,7.322136639164846e-05,0.02276267524245013,183
fru-F-500121,150,81,69,810,81,69,0.00028963763775742725,3.2582382532672935e-07,3.1783103170270325e-05,0.007537309682930506,100
fru-F-500123,388,71,317,1790,71,317,0.002448495702260415,9.47765706447739e-06,1.1068225215428661e-05,0.019496507713180244,199
fru-F-500124,240,46,194,654,46,194,0.0008152597905676472,3.1734015515850357e-06,9.23987921786512e-06,0.01205969549268881,146
fru-F-500125,308,26,282,1309,26,282,0.0002511529075812282,7.568553395265896e-07,8.624552165980723e-06,0.015476609215617306,186
fru-F-500126,125,80,45,355,80,45,0.0005135426917399486,6.918453026795094e-07,1.1708081883188488e-05,0.006281091402442088,122
fru-F-500128,369,47,322,1688,47,322,0.000804935867347695,1.5618471669613924e-05,9.518315141045488e-06,0.018541781820009044,177
fru-F-500129,531,276,255,2197,276,255,0.010091287631943587,9.100766386087837e-06,2.48802100443157e-05,0.02668207627757399,352
fru-F-500130,345,102,243,1314,102,243,0.000704599288747435,7.370184837659939e-07,2.435972039046161e-05,0.017335812270740165,201
fru-F-500131,488,251,237,2833,251,237,0.0034482204065732257,3.506971740988884e-05,7.35949218847049e-05,0.024521380835133912,267
fru-F-500132,68,43,25,266,43,25,0.00034211374599171546,2.6595343804759778e-06,1.0254037474823622e-05,0.003416913722928496,66
fru-F-500133,44,23,21,143,23,21,4.893665146899388e-05,8.955617324959233e-08,1.4402538414577264e-05,0.002210944173659615,44
fru-F-500134,130,94,36,602,94,36,0.000444678339558311,9.53775479177511e-07,2.1292057420253125e-05,0.006532335058539772,109
fru-F-500135,306,95,211,1369,95,211,0.001325045723984153,2.6386878000977584e-05,1.5777273924755222e-05,0.015376111753178233,188
fru-F-500136,690,289,401,2749,289,401,0.006664939776000884,1.8515981297345073e-05,2.9221473388824817e-05,0.03467162454148033,349
fru-F-500137,239,106,133,750,106,133,0.0012043652439359452,1.3012425977963395e-06,1.8941804951303028e-05,0.012009446761469273,184
fru-F-500138,52,49,3,120,49,3,0.00040316101707471737,1.9394423047599797e-06,9.570514119739563e-06,0.002612934023415909,52
fru-F-500139,57,32,25,264,32,25,0.00025779212475593043,3.382714881972055e-07,9.975084701045353e-06,0.0028641776795135924,57
fru-F-500140,90,59,31,571,59,31,0.0008192286308736257,2.3056128059456612e-06,1.5013421195673195e-05,0.004522385809758303,83
fru-F-500141,373,86,287,2355,86,287,0.004752723361430823,3.3260506008490452e-06,1.4019557344005253e-05,0.018742776744887193,347
fru-F-500142,208,179,29,859,179,29,0.0020032136216582273,7.480899500991599e-05,2.3177568639093334e-05,0.010451736093663636,189
fru-F-500143,570,387,183,4006,387,183,0.007480810975715973,0.000299607781475742,7.624919283734467e-05,0.028641776795135923,235
fru-F-500144,218,13,205,534,13,205,7.2914247809047e-05,5.185730877609266e-06,8.105523673882837e-06,0.010954223405859002,142
fru-F-500145,8,6,2,12,6,2,1.6558710815176474e-05,2.6052873249520207e-08,8.026558156608134e-06,0.00040198984975629365,8
fru-F-500146,799,149,650,3299,149,650,0.0028409959625432376,4.608356423889737e-05,3.214576488043406e-05,0.04014873624440983,352
fru-F-500147,527,168,359,2386,168,359,0.003907402973838311,1.4982588167939696e-05,1.854259112932526e-05,0.026481081352695845,337
fru-F-500148,128,49,79,312,49,79,0.00038830081044300617,2.239565637943326e-07,8.910612065818733e-06,0.0064318375961006985,122
fru-F-500149,238,155,83,1039,155,83,0.0007410267399074596,1.984291690942358e-06,2.5253351591226758e-05,0.011959198030249736,180
fru-F-500150,301,103,198,1354,103,198,0.0021290554539898114,3.745436496908056e-06,1.667497471454582e-05,0.015124868097080548,202
fru-F-500151,627,462,165,3631,462,165,0.005625735410248961,7.486531375150536e-05,9.96215882299305e-05,0.03150595447464952,262
fru-F-500153,133,78,55,518,78,55,0.0009182239014575655,1.8248727262959726e-05,1.23868105953557e-05,0.006683081252198382,133
fru-F-500154,349,223,126,2062,223,126,0.0021913121017723487,1.934551419376674e-05,2.745844948526684e-05,0.01753680719561831,231
fru-F-500155,94,39,55,335,39,55,0.00014861086777790533,1.3275694867699301e-07,2.1908858415022564e-05,0.004723380734636451,87
fru-F-500156,212,163,49,738,163,49,0.0021124718694321815,6.5571882637085515e-06,3.5690566275786305e-05,0.010652731018541781,193
fru-F-500158,425,98,327,1890,98,327,0.002012497861671374,0.00010979863582437578,1.2868497156554998e-05,0.0213557107683031,213
fru-F-500159,452,189,263,3342,189,263,0.0020723334524849167,8.257027604898621e-06,2.9563351307685523e-05,0.02271242651123059,231
fru-F-500160,170,145,25,1041,145,25,0.0005886840558752064,9.055789221724848e-07,0.00010023271335400935,0.00854228430732124,110
fru-F-500161,366,168,198,1522,168,198,0.0018778809568436158,6.752257816258797e-06,4.62402822429683e-05,0.018391035626350433,226
fru-F-500162,1548,1352,196,6683,1352,196,0.03216913725582556,5.3680128227477845e-05,0.00010043737717272875,0.07778503592784282,352
fru-F-500163,304,40,264,1334,40,264,0.0005522924052999764,7.49094811214488e-06,9.698690908792564e-06,0.015275614290739158,190
fru-F-500164,532,218,314,2179,218,314,0.007813647174644212,1.8411084173164414e-05,1.9512971028619148e-05,0.02673232500879353,352
fru-F-500165,313,144,169,1475,144,169,0.0010699213682072387,5.5663779170652293e-05,2.339290921741549e-05,0.01572785287171499,182
fru-F-500166,164,103,61,1114,103,61,0.0011017664449296557,3.0835819605591953e-06,2.001411339728899e-05,0.00824079192000402,153
fru-F-500167,482,302,180,2828,302,180,0.0011900578691220029,4.733266957202846e-06,7.816960593402151e-05,0.024219888447816692,186
fru-F-500168,463,178,285,2292,178,285,0.003600559629074221,0.00012875447805810715,2.2582454043085947e-05,0.023265162554645495,291
fru-F-500169,221,24,197,612,24,197,0.0002182838404056151,1.9495227739535944e-06,8.416372351425706e-06,0.011104969599517612,142
fru-F-500170,239,196,43,1532,196,43,0.0018887707561947773,1.399452295556442e-05,2.963791456558727e-05,0.012009446761469273,210
fru-F-500171,349,33,316,2272,33,316,0.002590813753110209,9.622320640799524e-07,1.216580022285813e-05,0.01753680719561831,335
fru-F-500172,132,93,39,375,93,39,0.0018350855314102272,4.428792393919195e-06,1.504824709497354e-05,0.006632832520978845,131
fru-F-500173,205,134,71,1139,134,71,0.0018872805334203726,2.655279971202605e-05,2.7265149355872136e-05,0.010300989900005025,178
fru-F-500174,253,104,149,1478,104,149,0.0013135700403081717,3.3458690866623835e-06,2.2317525654262193e-05,0.012712928998542787,179
fru-F-500175,379,115,264,1411,115,264,0.0011678146522140231,3.910901192574999e-06,1.3554602961756543e-05,0.019044269132204413,206
fru-F-500176,386,267,119,2077,267,119,0.0016827380872085323,6.8463587789963144e-06,3.840438020507765e-05,0.01939601025074117,205
fru-F-500178,621,451,170,3745,451,170,0.01666722706379641,3.712434630500524e-05,4.9964682606750825e-05,0.031204462087332296,352
fru-F-500179,297,26,271,778,26,271,0.00037235786258065623,1.9591050832192766e-07,8.262298159198697e-06,0.014923873172202402,144
fru-F-500180,349,195,154,1559,195,154,0.002052246361962146,0.00020756811953878497,3.8450864864849794e-05,0.01753680719561831,231
fru-F-500181,342,142,200,1720,142,200,0.0007275460002437311,4.3101656147877405e-06,1.4984484396257088e-05,0.017185066077081555,205
fru-F-500182,376,219,157,2719,219,157,0.0015259034970897462,4.6732203472400515e-05,5.213730359697669e-05,0.018893522938545803,185
fru-F-500184,320,147,173,1659,147,173,0.0012901193817214944,2.3158079192722063e-05,1.6937864816478498e-05,0.016079593990251745,211
fru-F-500185,348,51,297,2133,51,297,0.0021032489145070216,1.1522806293852613e-05,9.953675302530158e-06,0.017486558464398776,208
fru-F-500186,686,379,307,3701,379,307,0.010471998539437623,1.3964693182015215e-05,2.5153757613680102e-05,0.03447062961660218,352
fru-F-500187,133,87,46,577,87,46,0.0003658944648699315,8.794694686664131e-07,1.9455129848888568e-05,0.006683081252198382,112
fru-F-500188,426,76,350,2665,76,350,0.006201160903204445,1.6915810999012243e-05,1.2460833164664456e-05,0.021405959499522637,352
fru-F-500189,135,78,57,506,78,57,0.00031084895187776467,3.067213685754481e-07,1.4395749780033907e-05,0.006783578714637455,110
fru-F-500190,331,245,86,1880,245,86,0.0021535836887305237,2.348329815167842e-05,5.4754751739562395e-05,0.01663233003366665,217
fru-F-500191,348,45,303,1470,45,303,0.0007699838973323409,1.3206902587379281e-05,9.716295478575702e-06,0.017486558464398776,205
fru-F-500192,238,135,103,965,135,103,0.0007189561338542404,2.4465711764252995e-06,3.133761305942473e-05,0.011959198030249736,179
fru-F-500193,437,198,239,1897,198,239,0.0022400117637267664,8.853336438597174e-06,6.358716406647037e-05,0.021958695542937542,238
fru-F-500194,55,21,34,225,21,34,0.0003156786651622374,2.8057439003163866e-07,8.58060210036603e-06,0.002763680217074519,53
fru-F-500195,376,173,203,1939,173,203,0.0012732589928750732,3.365383719220673e-05,3.137890656663676e-05,0.018893522938545803,186
fru-F-500196,136,75,61,678,75,61,0.0004627714169813888,6.439802068765562e-07,5.276901750558752e-05,0.006833827445856992,99
fru-F-500197,77,52,25,388,52,25,0.00018381739790350164,3.472793173394925e-07,1.870096158471867e-05,0.0038691523039043265,68
fru-F-500198,445,273,172,2187,273,172,0.0009212749342572233,3.271468108493382e-06,6.086432081272232e-05,0.022360685392693834,183
fru-F-500199,360,47,313,1665,47,313,0.00041750209449094793,7.347073371986534e-06,9.5965873494611e-06,0.018089543239033213,206
fru-F-500200,225,130,95,1027,130,95,0.0007848609875943683,1.150546910201631e-06,6.356126743930047e-05,0.01130596452439576,152
fru-F-500201,172,41,131,509,41,131,0.00021544812736864783,1.3964495631894475e-07,8.670572163553764e-06,0.008642781769760313,135
fru-F-500202,53,18,35,177,18,35,0.00023970377401413237,1.2233491842838163e-07,9.482206483601852e-06,0.0026631827546354453,52
fru-F-500203,96,48,48,572,48,48,0.00043195344817390565,1.0717797138662151e-06,1.3307226162339954e-05,0.004823878197075524,82
fru-F-500204,354,210,144,1953,210,144,0.002860962442267694,9.948119280905832e-05,2.7146761822157615e-05,0.017788050851715993,225
fru-F-500205,316,16,300,1505,16,300,0.0003793441078691738,5.527266544090063e-06,8.853371841201381e-06,0.0158785990653736,203
fru-F-500206,246,157,89,1002,157,89,0.0007143425358325003,1.898802947202661e-06,2.6118839404890085e-05,0.012361187880006029,181
fru-F-500207,643,362,281,3119,362,281,0.013099718041300938,2.176963015110911e-05,2.8617167923372992e-05,0.0323099341741621,352
fru-F-500208,62,47,15,323,47,15,0.00038217888365259576,4.39490082688303e-07,1.6304376035842186e-05,0.003115421335611276,62
fru-F-500209,371,139,232,1650,139,232,0.001694730361866005,0.0001712457891334481,2.157672221659404e-05,0.018642279282448118,231
fru-F-500210,795,23,772,6031,23,772,0.0016165613177810774,7.893762202361761e-07,8.899789934913072e-06,0.03994774131953168,352
fru-F-500211,298,137,161,2873,137,161,0.0008327798657199922,5.100290876633577e-06,2.6873631058007846e-05,0.014974121903421938,211
fru-F-500212,424,95,329,1654,95,329,0.0005941500988095867,4.596480806886314e-07,1.4259817620618205e-05,0.021305462037083563,209
fru-F-500213,587,360,227,4684,360,227,0.005628507386824025,5.057339627387831e-05,9.562592841194602e-05,0.029496005225868045,291
fru-F-500214,244,51,193,1390,51,193,0.0014580568439292367,1.3850489912457212e-05,1.2928088224433819e-05,0.012260690417566956,219
fru-F-500215,666,147,519,3367,147,519,0.00263868246596628,2.6942790294940672e-05,2.0640910200520246e-05,0.03346565499221145,331
fru-F-500216,154,117,37,741,117,37,0.0014336762279117264,5.620336490792447e-06,1.8135588954852354e-05,0.007738304607808653,146
fru-F-500218,204,130,74,807,130,74,0.0019490835770679582,1.3312370197231814e-05,1.7615987820565126e-05,0.010250741168785488,155
fru-F-500219,407,60,347,2716,60,347,0.0025873705275918806,1.5980451902105235e-06,9.872508642313564e-06,0.02045123360635144,352
fru-F-500220,187,124,63,959,124,63,0.001145546503289641,1.8099711061786569e-06,2.4832020662481663e-05,0.009396512738053364,176
fru-F-500221,188,124,64,688,124,64,0.0017466132364548207,2.3390508436535798e-05,1.5114406148741803e-05,0.009446761469272901,146
fru-F-500222,246,105,141,1463,105,141,0.0005797702056907223,1.498691445474279e-06,1.3618247827522861e-05,0.012361187880006029,211
fru-F-500223,364,173,191,1349,173,191,0.002322723642290014,5.521624038996159e-06,3.171687838820156e-05,0.018290538163911362,277
fru-F-500224,410,161,249,1509,161,249,0.0010145180901083035,9.786313529272973e-06,2.1479728398133705e-05,0.02060197980001005,186
fru-F-500225,95,34,61,258,34,61,0.000371387206304164,1.0451111114831873e-05,8.865687167122862e-06,0.004773629465855987,94
fru-F-500226,198,131,67,1122,131,67,0.0005424225591396055,1.2345264501151497e-06,5.2344765258109226e-05,0.009949248781468268,119
fru-F-500227,327,167,160,1319,167,160,0.008318806784816196,4.53969916613395e-05,2.19486482908917e-05,0.016431335108788504,264
fru-F-500228,363,31,332,3032,31,332,0.0023861214335843418,1.0859986892195205e-05,1.0140234572752457e-05,0.018240289432691823,330
fru-F-500230,330,125,205,1572,125,205,0.001650021865656153,1.568733115121936e-05,1.536559305153098e-05,0.016582081302447114,213
fru-F-500231,594,226,368,4938,226,368,0.0018120149177886038,2.4164531040858146e-05,8.18222997214184e-05,0.029847746344404805,226
fru-F-500232,352,135,217,1578,135,217,0.0008667620012761465,2.5131236650961072e-06,3.3472392313539064e-05,0.01768755338927692,186
fru-F-500233,615,467,148,3317,467,148,0.014665653433682473,1.685396680278043e-05,3.6961360699890116e-05,0.030902969700015076,352
fru-F-500234,338,78,260,2750,78,260,0.0007122218532835938,5.26658896274495e-05,4.238741544505366e-05,0.016984071152203406,222
fru-F-500235,478,162,316,2695,162,316,0.002341932907484933,0.00013181590284196368,2.3013095287357013e-05,0.024018893522938546,218
fru-F-500236,339,191,148,2239,191,148,0.001288045519538897,6.734844843572895e-05,3.470407101651188e-05,0.017034319883422945,183
fru-F-500237,418,22,396,2751,22,396,0.0011591527412730782,3.063796402143468e-05,8.911726276713859e-06,0.021003969649766342,352
fru-F-500238,296,80,216,1437,80,216,0.0009029045730560402,6.325487903680151e-05,2.084027421468633e-05,0.014873624440982865,217
fru-F-500239,527,230,297,2879,230,297,0.0007327601447358682,2.4998437370946495e-06,4.737428738970094e-05,0.026481081352695845,183
fru-F-500240,596,269,327,3438,269,327,0.005066433698004214,0.00015316338859979606,4.864428013325828e-05,0.029948243806843876,235
fru-F-500241,128,62,66,432,62,66,0.00039192120999140024,3.37209270211811e-06,1.0100743584166413e-05,0.0064318375961006985,127
fru-F-500242,311,62,249,1980,62,249,0.0005121772359422833,1.00352773916595e-05,1.2942791563232874e-05,0.015627355409275914,186
fru-F-500243,81,55,26,207,55,26,0.0006286825872502971,3.96768081790911e-06,1.0192052823090147e-05,0.0040701472287824735,81
fru-F-500244,340,89,251,1899,89,251,0.0006495576944194562,3.423811237911018e-06,2.1829418758928565e-05,0.01708456861464248,196
fru-F-500245,232,78,154,1009,78,154,0.0007300686188387168,1.4215664009255705e-05,2.176797089487644e-05,0.011657705642932515,188
fru-F-500247,301,208,93,1477,208,93,0.0008696936504387804,2.2704845299604403e-06,3.038183784750664e-05,0.015124868097080548,211
fru-F-500248,97,80,17,387,80,17,0.0010492319746342937,3.594160827102211e-06,4.4940590937022514e-05,0.004874126928295061,93
fru-F-500249,319,80,239,1868,80,239,0.000821359303602629,0.00013019757720726384,3.216885326318788e-05,0.01602934525903221,223
fru-F-500250,707,271,436,5042,271,436,0.0065830545293823406,0.0001124352947809815,4.920379895900545e-05,0.03552585297221245,255
fru-F-500251,652,13,639,5209,13,639,0.000647655566195489,1.2551401066323022e-07,8.393639944513164e-06,0.03276217275513793,352
fru-F-500252,72,20,52,310,20,52,0.00020895008319573292,3.473837620203121e-07,9.563034429161406e-06,0.003617908647806643,68
fru-F-500253,288,68,220,1761,68,220,0.0007367193000083453,8.728513031464135e-05,1.8878023359948014e-05,0.014471634591226572,213
fru-F-500254,382,49,333,1823,49,333,0.0004625914278183551,1.7443588847128897e-06,1.0256225483666537e-05,0.019195015325863023,200
fru-F-500255,406,144,262,1592,144,262,0.0005891199423517762,8.951021468876428e-07,2.5560506207273892e-05,0.0204009848751319,186
fru-F-500256,217,111,106,706,111,106,0.0019340358434042785,1.7147293191359632e-05,1.7522861412809836e-05,0.010903974674639466,183
fru-F-500257,802,599,203,3378,599,203,0.015690888845183323,1.7175913172135094e-05,0.00041722067679636455,0.04029948243806844,349
fru-F-500258,72,5,67,430,5,67,6.710643371331817e-05,2.4666873738802572e-08,7.638121245861611e-06,0.003617908647806643,64
fru-F-500259,478,207,271,2580,207,271,0.0037863152780382658,2.7998999143836397e-05,4.993679531532297e-05,0.024018893522938546,239
fru-F-500260,562,148,414,3137,148,414,0.0017438213025791963,1.1977497918035459e-05,1.6375347481126434e-05,0.028239786945379628,225
fru-F-500261,341,77,264,2156,77,264,0.003101389514161151,1.95037249054414e-06,1.0428800513797142e-05,0.017134817345862016,325
fru-F-500262,190,159,31,1484,159,31,0.0003448298653066928,1.4783541684863228e-06,0.00010857202914595731,0.009547258931711974,121
fru-F-500263,344,75,269,1715,75,269,0.0017992734394676703,5.7482630148475544e-05,1.5502496710306714e-05,0.017285563539520626,222
fru-F-500264,489,33,456,4216,33,456,0.00023214493981720986,7.070981503172831e-07,1.1652608804845515e-05,0.024571629566353448,231
fru-F-500265,109,63,46,403,63,46,0.000611547606648446,8.603087194184239e-07,2.930731904013271e-05,0.005477111702929501,94
fru-F-500266,424,133,291,2160,133,291,0.0030337163014749523,0.00036043715200866197,1.6103471250498837e-05,0.021305462037083563,211
fru-F-500267,940,624,316,5142,624,316,0.018143948450899814,3.2674352397180494e-05,7.02481401174153e-05,0.0472338073463645,352
fru-F-500268,270,234,36,1941,234,36,0.002609851498972221,1.0711106384206965e-05,4.1979745101532556e-05,0.01356715742927491,213
fru-F-500269,950,280,670,6241,280,670,0.008823457117157358,1.869613136069715e-05,9.93859951128894e-05,0.04773629465855987,352
fru-F-500270,183,48,135,985,48,135,0.00047423949833965844,5.594764332609974e-07,1.5407077526343252e-05,0.009195517813175217,169
fru-F-500272,171,146,25,657,146,25,0.002667174096840967,3.2427093752749175e-05,2.3481563036465847e-05,0.008592533038540778,160
fru-F-500273,1233,244,989,9810,244,989,0.00349264188847646,0.00010571907268471245,9.02581013283697e-05,0.06195668559368876,352
fru-F-500274,784,254,530,3100,254,530,0.006436140916938884,5.0999278468385284e-05,2.797558330908328e-05,0.03939500527611678,343
fru-F-500275,228,134,94,1548,134,94,0.0010184023514743289,7.738949182274069e-06,3.101353794715236e-05,0.01145671071805437,179
fru-F-500276,94,73,21,311,73,21,0.0008047809273477712,1.9856764520162107e-05,2.0025479294904518e-05,0.004723380734636451,85
fru-F-500277,280,61,219,1300,61,219,0.000406770845727529,6.031378655741416e-07,1.646456661604645e-05,0.014069644741470278,194
fru-F-500278,457,218,239,2698,218,239,0.004078774923461634,5.657548563360345e-05,5.677908879162416e-05,0.022963670167328275,245
fru-F-500279,83,37,46,304,37,46,0.0003410348648793524,3.622701102256522e-07,1.5221250618571298e-05,0.004170644691221546,71
fru-F-500280,305,166,139,1561,166,139,0.0026069705440657904,3.2365129922714506e-05,2.54509111178073e-05,0.015325863021958696,228
fru-F-500281,325,202,123,2793,202,123,0.003773881537927118,1.4191655027232392e-05,8.017133131964914e-05,0.01633083764634943,226
fru-F-500282,173,115,58,1120,115,58,0.0014564653232907103,8.22641821465303e-05,2.0635504247261155e-05,0.00869303050097985,160
fru-F-500283,81,16,65,435,16,65,4.2093202937354616e-05,5.523283158146827e-08,1.2785107761364214e-05,0.0040701472287824735,73
fru-F-500284,170,97,73,830,97,73,0.0005856689583689168,5.905051906008526e-06,1.581299064309743e-05,0.00854228430732124,133
fru-F-500285,417,321,96,2609,321,96,0.0036538124944566633,2.0145666847331756e-05,0.00012352903974480076,0.020953720918546807,231
fru-F-500286,728,402,326,3385,402,326,0.007143531428137539,0.00011301045605256361,7.216293568460256e-05,0.036581076327822724,270
fru-F-500287,180,62,118,1064,62,118,0.00024628037138688943,1.0006622038343696e-06,2.7676665555774258e-05,0.009044771619516606,109
fru-F-500288,225,65,160,1271,65,160,0.0006604140377699775,1.6970225402781968e-06,1.631271056263825e-05,0.01130596452439576,158
fru-F-500289,390,172,218,1797,172,218,0.0025356394722766042,3.9793994265163706e-06,2.6838308461889223e-05,0.019597005175619315,209
fru-F-500290,315,161,154,1719,161,154,0.0006681199420288928,1.5429759694456919e-06,3.149842980014476e-05,0.015828350334154064,211
fru-F-500291,97,65,32,497,65,32,0.0006132958626070794,8.557038040021092e-07,3.254265022141837e-05,0.004874126928295061,88
fru-F-500292,626,186,440,3804,186,440,0.0049411161273773384,4.036900659027578e-05,3.283128828352418e-05,0.03145570574342998,334
fru-F-500293,259,149,110,2285,149,110,0.0017743841498499245,4.640616687242645e-06,6.45088439680255e-05,0.013014421385860007,207
fru-F-500294,914,15,899,6994,15,899,0.0003345400888417404,2.633379682524072e-07,8.272843806040233e-06,0.04592734033465655,352
fru-F-500295,1161,576,585,5380,576,585,0.014308701301726415,5.273593436095904e-05,6.0341263433693205e-05,0.05833877694588212,352
fru-F-500296,103,52,51,786,52,51,0.0005531760922374722,1.7386795380594463e-06,1.4509548712417906e-05,0.0051756193156122805,90
fru-F-500297,463,165,298,2022,165,298,0.002757998324927512,8.027666943376456e-06,2.3265343474066187e-05,0.023265162554645495,213
fru-F-500298,214,126,88,1653,126,88,0.0003507819600265301,1.75461568009919e-06,6.868462068026822e-05,0.010753228480980856,109
fru-F-500300,531,288,243,2603,288,243,0.0037764024639121386,2.8266264993136927e-05,5.411087437379124e-05,0.02668207627757399,217
fru-F-500301,718,317,401,4103,317,401,0.006616922936956912,5.164950205245947e-05,3.696148200465113e-05,0.036078589015627355,331
fru-F-500302,408,259,149,2477,259,149,0.004706490863225069,1.6065473387094826e-05,5.156264923960584e-05,0.020501482337570976,209
fru-F-500303,52,20,32,143,20,32,0.0001293302029965139,1.0456823561410834e-07,1.0728027992526679e-05,0.002612934023415909,52
fru-F-500304,779,334,445,11912,334,445,0.00641177919324187,0.0003171926904090772,0.0003304711121491007,0.0391437616200191,348
fru-F-500305,163,47,116,594,47,116,0.0004671713170565818,1.065056748431189e-06,1.0398297503415642e-05,0.008190543188784483,138
fru-F-500306,287,97,190,1645,97,190,0.0008699771726998402,7.607748335119023e-07,1.50501091416e-05,0.014421385860007034,198
fru-F-500307,399,212,187,1668,212,187,0.003129584090361422,1.2771671177086262e-05,4.417984077903475e-05,0.020049243756595145,257
fru-F-500308,199,76,123,781,76,123,0.0005128618835728654,5.7645251515103745e-06,1.2540161212414417e-05,0.009999497512687805,172
fru-F-500310,859,636,223,7658,636,223,0.007741059917657219,9.565456426588569e-05,0.00016571921718213555,0.043163660117582034,296
fru-F-500311,489,340,149,3833,340,149,0.010929839628838594,1.646038396384306e-05,3.829933671368358e-05,0.024571629566353448,352
fru-F-500312,322,55,267,1473,55,267,0.0008054574920861852,8.68025533759303e-06,1.0836379100451927e-05,0.01618009145269082,177
fru-F-500313,250,216,34,1272,216,34,0.004664511941103525,1.841763075426234e-05,6.709590983078278e-05,0.012562182804884177,205
fru-F-500314,259,64,195,1829,64,195,0.0005507652382676394,1.4004004277201684e-05,3.5622159102556046e-05,0.013014421385860007,208
fru-F-500315,294,181,113,1676,181,113,0.005720314816743128,4.455383252542414e-05,2.7775853624713966e-05,0.014773126978543792,237
fru-F-500316,388,33,355,2839,33,355,0.0001878014892804595,2.873351231493452e-07,1.0805006970827336e-05,0.019496507713180244,186
fru-F-500318,1281,293,988,9614,293,988,0.004233791847921806,0.00016135893087377748,0.00011299554267623615,0.06436862469222653,352
fru-F-500319,598,27,571,4764,27,571,0.0018251360543780576,9.162293925485667e-06,8.645706820415153e-06,0.03004874126928295,352
fru-F-500321,329,226,103,2714,226,103,0.0022664493516090264,9.25600688638991e-06,8.62334936641036e-05,0.016531832571227575,223
fru-F-500322,399,200,199,1979,200,199,0.003532774256258993,4.213723713025662e-05,5.1374158990764625e-05,0.020049243756595145,221
fru-F-500323,399,54,345,1802,54,345,0.0008699668855992189,1.203072170686542e-05,1.186515571627171e-05,0.020049243756595145,206
fru-F-500324,207,97,110,788,97,110,0.001732578212952943,1.566165604248025e-05,1.9988134004947285e-05,0.010401487362444098,197
fru-F-500325,153,140,13,449,140,13,0.0009215034976141307,2.7240357340247036e-06,3.233792917446863e-05,0.0076880558765891165,123
fru-F-500326,806,181,625,5084,181,625,0.006004837506722114,1.8423064705206907e-05,3.3771049826315016e-05,0.04050047736294658,349
fru-F-500327,438,152,286,1793,152,286,0.002009459187278934,1.9223490149141346e-05,1.8184248666144876e-05,0.022008944274157078,213
fru-F-500328,587,509,78,3541,509,78,0.006510367683268235,0.0006893651840343582,8.012404035912353e-05,0.029496005225868045,244
fru-F-500329,88,46,42,352,46,42,0.0005307876693527944,8.234745307094848e-07,1.7119081630843114e-05,0.00442188834731923,78
fru-F-500330,211,124,87,996,124,87,0.0012013051602432477,3.0277447628539195e-06,2.171590300202992e-05,0.010602482287322246,185
fru-F-500331,337,274,63,1282,274,63,0.004852087155437685,1.723783949132014e-05,6.032786740211333e-05,0.01693382242098387,231
fru-F-500332,122,38,84,357,38,84,0.0001823283655282095,1.5319028238743062e-07,8.320195585932426e-06,0.006130345208783478,121
fru-F-500333,345,157,188,1805,157,188,0.0014071295171565752,1.073141625044469e-05,4.220879623382064e-05,0.017335812270740165,221
fru-F-500335,170,93,77,1146,93,77,0.0002462903582513179,1.4242692353593228e-06,3.983973795450613e-05,0.00854228430732124,121
fru-F-500336,215,81,134,1513,81,134,0.0011250943826328903,2.5169006709641332e-06,2.2907465834768413e-05,0.010803477212200392,163
fru-F-500337,487,175,312,3146,175,312,0.004891138773630034,8.242125873857436e-06,4.2327065267899703e-05,0.024471132103914377,222
fru-F-500338,687,49,638,4327,49,638,0.0013772612294206939,1.837126655049467e-06,9.69364128612874e-06,0.03452087834782172,352
fru-F-500339,1929,1694,235,10764,1694,235,0.040656947862014514,6.459842701610152e-05,0.00015681493569311334,0.09692980252248631,352
fru-F-500340,335,25,310,1967,25,310,0.00017239102051041838,2.2964818738631056e-07,9.195272484090061e-06,0.016833324958544796,186
fru-F-500341,385,228,157,1904,228,157,0.0036624590590148523,6.463629376506675e-05,3.2135877105291625e-05,0.019345761519521634,206
fru-F-500343,481,205,276,2648,205,276,0.0032469749175852583,4.548960898272181e-05,3.3737019481923344e-05,0.024169639716597156,240
fru-F-500344,509,242,267,2933,242,267,0.00286316247349557,6.052518676587075e-06,6.378578052967097e-05,0.025576604190744184,250
fru-F-500345,348,143,205,1262,143,205,0.0013115223119908924,2.4970568810932727e-06,3.4711504953745586e-05,0.017486558464398776,205
fru-F-500346,295,61,234,1539,61,234,0.0005965241898739712,7.164551301912575e-07,1.6556797219617346e-05,0.014823375709763328,198
fru-F-500347,325,147,178,1398,147,178,0.0014704651131320233,4.09998589891622e-06,2.3057835145432894e-05,0.01633083764634943,201
fru-F-500348,89,63,26,523,63,26,0.0009580396057690634,2.5677058705761017e-06,3.1820161255660785e-05,0.004472137078538767,80
fru-F-500349,231,69,162,1650,69,162,0.0010819880047221245,1.0837967908973055e-06,1.8207475518264044e-05,0.01160745691171298,179
fru-F-500350,340,171,169,1882,171,169,0.0025474535670020272,6.257559658684551e-06,2.2897948540342335e-05,0.01708456861464248,208
fru-F-500351,658,303,355,2789,303,355,0.006380300582557766,1.7254722958155626e-05,2.544682252055593e-05,0.03306366514245515,331
fru-F-500352,352,183,169,1986,183,169,0.0029822714007832992,1.512453991941114e-05,3.209338362155682e-05,0.01768755338927692,213
fru-F-500353,402,192,210,2107,192,210,0.002403270660803215,7.646048371769338e-06,2.7249650924620987e-05,0.020199989950253756,209
fru-F-500354,282,64,218,1358,64,218,0.0005568618944013289,6.588088939619284e-07,1.4308341571851926e-05,0.014170142203909351,197
fru-F-500355,204,42,162,936,42,162,0.00027863731299427154,6.775591351444677e-06,9.420209808013192e-06,0.010250741168785488,156
fru-F-500356,334,84,250,1696,84,250,0.0011070421460024533,7.396531868967319e-07,1.4140851639859057e-05,0.01678307622732526,199
fru-F-500358,320,257,63,1671,257,63,0.004158649578250034,2.0005564755123752e-05,3.0543447196366915e-05,0.016079593990251745,231
fru-F-500359,84,66,18,447,66,18,0.0008095737306143258,9.388806927759963e-07,3.0732242147549235e-05,0.004220893422441084,81
fru-F-500360,167,108,59,1139,108,59,0.00041086708984072696,6.46646774096197e-07,5.255796739683376e-05,0.00839153811366263,113
fru-F-500361,338,132,206,1470,132,206,0.001560474034095627,4.378887678702833e-06,4.275313479053744e-05,0.016984071152203406,202
fru-F-500363,1209,1088,121,14728,1088,121,0.030056659452066713,6.757334701768863e-05,0.00019898005902807873,0.06075071604441988,352
fru-F-500364,755,194,561,4676,194,561,0.006402361525156384,1.610116273497625e-05,3.917803454411267e-05,0.037937792070750216,348
fru-F-500365,204,50,154,977,50,154,0.0011762458565168236,9.54469203108638e-07,1.1530724976442487e-05,0.010250741168785488,180
fru-F-500367,442,39,403,2865,39,403,0.0008670429349161334,2.1985277927784928e-07,8.469049093371912e-06,0.022209939199035224,352
fru-F-500368,328,249,79,2334,249,79,0.0014671786606718152,1.7576596262803677e-05,2.9523788377019153e-05,0.01648158384000804,205
fru-F-500369,674,203,471,4129,203,471,0.010095819392703305,3.311751023200449e-05,3.2315462894115086e-05,0.03386764484196774,348
fru-F-500370,151,93,58,498,93,58,0.0007465926992741278,3.4448816506575144e-06,1.3859456730196824e-05,0.007587558414150043,139
fru-F-500371,137,96,41,633,96,41,0.0010228850317298601,4.705851817908194e-06,1.656195511277697e-05,0.006884076177076529,129
fru-F-500372,468,194,274,2357,194,274,0.0008376192349537253,3.757427291339624e-06,3.905925196084649e-05,0.02351640621074318,186
fru-F-500373,466,228,238,1976,228,238,0.0032601323833814483,1.2777151882354527e-05,2.408572787862641e-05,0.023415908748304105,231
fru-F-500374,252,114,138,1354,114,138,0.0010760796611465715,4.0528006788900365e-06,2.571103629080159e-05,0.01266268026732325,183
fru-F-500375,711,154,557,4306,154,557,0.008384513203891617,3.55261700225359e-05,3.736131851590543e-05,0.035726847897090595,350
fru-F-500376,520,305,215,4469,305,215,0.0015167016714429699,1.0435559278101682e-05,8.824710299029423e-05,0.02612934023415909,187
fru-F-500377,276,13,263,1849,13,263,0.0012345169551993332,1.016050248170508e-05,9.416270096704348e-06,0.013868649816592131,272
fru-F-500378,362,145,217,2417,145,217,0.0010990909292274242,3.368026637666394e-06,2.2091987512426936e-05,0.018190040701472288,231
fru-F-500379,181,134,47,570,134,47,0.0019907561106844215,2.2861412770748903e-05,1.5042867183963221e-05,0.009095020350736144,146
fru-F-500380,441,69,372,2000,69,372,0.0010965574862016856,5.229458746301282e-06,1.2022234310632411e-05,0.022159690467815688,226
fru-F-500381,528,129,399,2178,129,399,0.004645571223254975,4.7841570385542984e-06,1.4842701322310042e-05,0.02653133008391538,352
fru-F-500382,496,227,269,2832,227,269,0.0025001358848812417,2.1689090167826976e-05,6.611383562721924e-05,0.024923370684890207,271
fru-F-500383,322,107,215,1207,107,215,0.0003327814169662616,5.623827941319205e-07,1.592444397349058e-05,0.01618009145269082,181
fru-F-500384,494,44,450,1946,44,450,0.0004423763128864902,5.472594265214078e-06,9.36709436724596e-06,0.024822873222451133,235
fru-F-500385,1020,366,654,6155,366,654,0.0052340786700339976,0.00023047438442411596,5.515506671658294e-05,0.05125370584392744,310
fru-F-500386,610,443,167,3942,443,167,0.01233259395968228,2.155744970477902e-05,4.444958236052311e-05,0.03065172604391739,352
fru-F-500387,467,170,297,1923,170,297,0.0004761884598514721,6.375919983473734e-07,7.888753781766913e-05,0.02346615747952364,242
fru-F-500388,645,342,303,4616,342,303,0.002027355872240765,3.4521801102628546e-05,0.00011454050536904568,0.03241043163660118,205
fru-F-500389,415,197,218,3374,197,218,0.0013427455778346282,7.406487607672608e-05,5.08897305561353e-05,0.020853223456107732,185
fru-F-500390,396,126,270,1473,126,270,0.006196396659576119,6.4613888858581036e-06,1.6156755689738717e-05,0.019898497562936535,227
fru-F-500391,73,44,29,436,44,29,0.00024173462186511977,4.393894800320662e-07,2.5743693916444292e-05,0.0036681573790261794,71
fru-F-500392,110,43,67,836,43,67,0.000755682863262383,1.3324379617257117e-06,1.5275941194612948e-05,0.005527360434149038,86
fru-F-500393,388,162,226,2145,162,226,0.0015893725150608064,1.1825847080657826e-05,5.6626282021990975e-05,0.019496507713180244,205
fru-F-500394,155,119,36,397,119,36,0.0019537774265772014,1.6876520565404275e-05,1.6041786780984304e-05,0.007788553339028189,133
fru-F-500395,461,193,268,3114,193,268,0.001042988353959994,5.599034824079375e-06,3.0407065324147064e-05,0.02316466509220642,186
fru-F-500396,97,46,51,540,46,51,0.0001506385544303468,1.7139754596704907e-07,1.341678375788089e-05,0.004874126928295061,91
fru-F-500397,294,52,242,1503,52,242,0.0008791546784538695,1.2301814797388284e-06,1.6020639508988275e-05,0.014773126978543792,196
fru-F-500398,146,72,74,538,72,74,0.0010221910081638951,3.13316613056227e-06,1.1610284841186339e-05,0.007336314758052359,142
fru-F-500399,360,144,216,1579,144,216,0.0009971470165744591,4.8177014647123385e-06,3.158127568579319e-05,0.018089543239033213,205
fru-F-500400,261,77,184,1268,77,184,0.0008314075894174242,2.137512342346045e-06,1.5196603268184181e-05,0.01311491884829908,201
fru-F-500401,237,58,179,1177,58,179,0.0004344805371301744,2.610730719306913e-06,5.191613591183614e-05,0.0119089492990302,185
fru-F-500402,539,122,417,3069,122,417,0.00380556353543826,1.2651712219352853e-05,2.3764038280307582e-05,0.027084066127330286,331
fru-F-500403,246,182,64,1266,182,64,0.0016709320210497125,5.6574483690962064e-05,5.819841025764121e-05,0.012361187880006029,199
fru-F-500404,290,163,127,2111,163,127,0.0019615592721446543,5.170592388848006e-06,5.7961204933868665e-05,0.014572132053665645,219
fru-F-500405,556,69,487,2769,69,487,0.00142322547906295,3.099825185109601e-06,1.1355854609974541e-05,0.027938294558062408,348
fru-F-500406,337,65,272,1594,65,272,0.0003009403402503829,1.0658714930253065e-06,1.1636395950257734e-05,0.01693382242098387,181
fru-F-500407,446,190,256,2096,190,256,0.0009398961127089481,1.3179972611104002e-06,2.4932864281325915e-05,0.02241093412391337,186
fru-F-500408,752,184,568,4778,184,568,0.0074334633588592075,2.354834054098228e-05,3.994718249140475e-05,0.037787045877091606,349
fru-F-500410,384,66,318,2954,66,318,0.0006137201444267229,2.4071495455295377e-06,1.9277146272098724e-05,0.019295512788302095,211
fru-F-500411,133,74,59,560,74,59,0.0011508517990897523,4.042180717674967e-06,2.4487266936115523e-05,0.006683081252198382,125
fru-F-500412,281,182,99,1620,182,99,0.0012052911979079815,1.592832832028349e-05,2.000502510521659e-05,0.014119893472689814,205
fru-F-500413,317,250,67,1610,250,67,0.0020678257654639276,9.873638589601822e-06,4.584107443018038e-05,0.015928847796593135,203
fru-F-500414,386,63,323,2614,63,323,0.0043756328424475795,2.0447204662704466e-06,1.1101651407346901e-05,0.01939601025074117,352
fru-F-500415,1827,1611,216,11779,1611,216,0.03761187655569009,7.510528288031959e-05,0.00017307723229362986,0.09180443193809357,352
fru-F-500416,92,39,53,456,39,53,0.0003702498792787604,7.332248291149806e-07,1.214409692347887e-05,0.004622883272197377,80
fru-F-500417,386,189,197,2538,189,197,0.003351986824311427,1.013303366696405e-05,3.2975589927906304e-05,0.01939601025074117,209
fru-F-500418,971,818,153,9587,818,153,0.022314626762000987,5.8131073697146424e-05,0.00011346801468101218,0.04879151801417014,352
fru-F-500419,639,218,421,3664,218,421,0.004106291100590905,7.102561098981792e-05,4.2589181152369515e-05,0.03210893924928396,348
fru-F-500420,219,161,58,1520,161,58,0.001169774601178233,2.479709830216106e-05,1.9656825693108622e-05,0.011004472137078539,203
fru-F-500421,500,116,384,2597,116,384,0.001426379415652161,0.0008815919526551813,2.6012515067522153e-05,0.025124365609768353,236
fru-F-500422,379,5,374,3166,5,374,0.00046086155265575196,1.4279386336503285e-07,8.013111345356833e-06,0.019044269132204413,343
fru-F-500424,454,188,266,2721,188,266,0.003399792889756766,2.6245243770122378e-05,3.806230152667121e-05,0.022812923973669665,226
fru-F-500425,161,115,46,764,115,46,0.0003439045852874436,7.255430456704909e-07,3.661475938726008e-05,0.00809004572634541,105
fru-F-500426,1357,885,472,11988,885,472,0.023690708551683624,4.235098196236066e-05,0.0001242016009460498,0.06818752826491131,352
fru-F-500427,328,35,293,2215,35,293,0.0012252533067924083,6.833655544458518e-07,8.64542935414626e-06,0.01648158384000804,319
fru-F-500428,370,234,136,2116,234,136,0.0026270109127449525,1.5431096754368703e-05,2.98681000311274e-05,0.018592030551228583,231
fru-F-500429,520,108,412,4172,108,412,0.001106946404243604,5.5146811927557255e-05,5.737457208348903e-05,0.02612934023415909,231
fru-F-500430,514,189,325,3079,189,325,0.007400099156338745,1.625709832745828e-05,3.130172053025656e-05,0.02582784784684187,276
fru-F-500431,359,75,284,2026,75,284,0.0044737957720718995,2.2613046954779295e-06,1.2563409948329608e-05,0.018039294507813677,335
fru-F-500432,202,67,135,1308,67,135,0.0008876117901300089,2.1851466698091556e-06,1.6768322884626262e-05,0.010150243706346415,143
fru-F-500433,137,118,19,629,118,19,0.0007555857257471906,1.400363384790437e-06,3.781785340236276e-05,0.006884076177076529,101
fru-F-500434,94,41,53,685,41,53,0.00037909067166140987,9.620470882506703e-07,1.4322131117760395e-05,0.004723380734636451,85
fru-F-500435,364,40,324,1812,40,324,0.0006306206918283272,6.351442682114946e-06,1.0306968347221205e-05,0.018290538163911362,197
fru-F-500436,372,75,297,1860,75,297,0.0010726032291712305,1.5835706858897756e-05,1.0835301284509921e-05,0.018692528013667654,200
fru-F-500437,421,96,325,2005,96,325,0.001648361883072957,4.669709539286218e-05,1.3166000757868597e-05,0.021154715843424952,207
fru-F-500439,268,139,129,1547,139,129,0.0007423281930059089,1.0013592541033056e-05,1.637833435466728e-05,0.013466659966835838,205
fru-F-500440,56,34,22,197,34,22,0.0003044566086260731,2.746740868142578e-07,1.2187168449555811e-05,0.0028139289482940555,53
fru-F-500441,348,157,191,1389,157,191,0.0016354126978837997,3.0697959717032086e-06,2.258136337402262e-05,0.017486558464398776,202
fru-F-500442,324,229,95,1977,229,95,0.0014984366382909872,8.223857224414339e-06,3.76797546628392e-05,0.016280588915129894,205
fru-F-500443,1348,348,1000,8786,348,1000,0.00493428279272082,9.844803732713386e-05,0.00012029744084293811,0.06773528968393548,352
fru-F-500445,303,154,149,1739,154,149,0.0013775062373243183,8.571523427592654e-06,3.909640575300364e-05,0.015225365559519623,213
fru-F-500446,199,144,55,938,144,55,0.001597391016711927,7.848429642940176e-06,1.642352510645752e-05,0.009999497512687805,190
fru-F-500447,56,39,17,323,39,17,0.000259394781662579,2.953203402579007e-07,1.6507409035320615e-05,0.0028139289482940555,55
fru-F-500449,390,217,173,2695,217,173,0.0029369106715301393,5.270732894069609e-06,3.7618261871630213e-05,0.019597005175619315,209
fru-F-500450,239,63,176,919,63,176,0.0009198252225717361,1.0338642260882524e-06,1.7058210821129534e-05,0.012009446761469273,195
fru-F-500451,126,43,83,970,43,83,0.00040297189834048936,1.5824067370021206e-06,1.3158304644788003e-05,0.006331340133661625,98
fru-F-500452,107,67,40,453,67,40,0.00037091844979056236,8.98826077286132e-07,1.7904855278004672e-05,0.005376614240490428,97
fru-F-500453,585,300,285,2633,300,285,0.0032995766561506774,2.087606553718001e-05,7.094478625216619e-05,0.029395507763428974,274
fru-F-500454,512,198,314,2626,198,314,0.006540830252109045,7.551033386941364e-05,2.9015762849354953e-05,0.025727350384402794,248
fru-F-500456,556,108,448,3627,108,448,0.0022248110685972157,1.9266534902701452e-05,1.6355237564869623e-05,0.027938294558062408,311
fru-F-500457,199,117,82,843,117,82,0.0015817031758478288,7.170416480997958e-05,1.9990654960605167e-05,0.009999497512687805,165
fru-F-500458,413,101,312,1903,101,312,0.0018761046920100703,3.78917627980773e-05,2.3050862707994155e-05,0.02075272599366866,231
fru-F-500459,693,173,520,3304,173,520,0.003954121029400066,8.364772120414668e-06,3.275115445401909e-05,0.03482237073513894,328
fru-F-500460,286,91,195,1487,91,195,0.0014415028813862265,1.4356938954333154e-06,1.5242774349259987e-05,0.014371137128787499,200
fru-F-500461,285,98,187,1524,98,187,0.00174697097348741,1.580026277928332e-06,1.5880588121530053e-05,0.014320888397567962,198
fru-F-500462,62,50,12,260,50,12,0.0004308376543293812,3.950714582002365e-07,3.8781223015075964e-05,0.003115421335611276,61
fru-F-500463,305,222,83,1394,222,83,0.0011744560379529751,6.8613535818113095e-06,2.6868388583299795e-05,0.015325863021958696,205
fru-F-500464,94,67,27,407,67,27,0.0007454861637381608,5.15628138725062e-07,4.15232548636237e-05,0.004723380734636451,85
fru-F-500465,141,86,55,594,86,55,0.0008717007375099418,6.438085158558237e-06,1.273631313530297e-05,0.007085071101954676,136
fru-F-500466,435,280,155,3397,280,155,0.001481560950977759,1.0281870564204011e-05,3.7933934528639936e-05,0.021858198080498468,211
fru-F-500467,305,109,196,1359,109,196,0.0007997192857097673,1.0033498390852753e-06,1.5197299843674379e-05,0.015325863021958696,201
fru-F-500468,333,25,308,2422,25,308,0.001566815066514856,4.913507091099177e-06,8.925430308614357e-06,0.016732827496105725,318
fru-F-500469,322,158,164,1241,158,164,0.0015901325396513201,5.704345508902966e-06,4.111161559862073e-05,0.01618009145269082,194
fru-F-500470,106,86,20,594,86,20,0.0011056198340438411,1.1332802271464933e-06,8.889281943911432e-05,0.005326365509270891,99
fru-F-500471,68,23,45,354,23,45,0.00022690342480715295,3.411473213877886e-07,9.50068040677203e-06,0.003416913722928496,64
fru-F-500472,657,581,76,3041,581,76,0.006276379036826584,0.002140340363697371,5.689762453480557e-05,0.03301341641123562,300
fru-F-500475,391,169,222,2012,169,222,0.0020583822363165463,5.285941136257498e-06,5.359195995803961e-05,0.019647253906838854,219
fru-F-500476,197,94,103,922,94,103,0.0011288935237142729,1.984163254605936e-06,1.4498513205408455e-05,0.009899000050248732,175
fru-F-500477,250,56,194,1811,56,194,0.0005540463982357668,3.032942783009097e-05,3.3459963097571474e-05,0.012562182804884177,205
fru-F-500478,336,140,196,1462,140,196,0.0008877962637840869,4.138040848097493e-06,3.879787288910842e-05,0.016883573689764335,186
fru-F-500480,87,40,47,480,40,47,0.00040265741922942635,1.065190679108148e-06,1.29895149117798e-05,0.004371639616099694,75
fru-F-500481,417,171,246,1940,171,246,0.002950544483667483,1.8849366565136083e-05,3.538425543998914e-05,0.020953720918546807,211
fru-F-500482,407,125,282,2957,125,282,0.0012697360688517854,3.3559740605182745e-06,2.3849218871984262e-05,0.02045123360635144,231
fru-F-500483,174,86,88,624,86,88,0.0011396604798413314,2.449260404743911e-06,1.400604481569428e-05,0.008743279232199388,163
fru-F-500484,895,308,587,4629,308,587,0.007849792860654682,2.1951476881137136e-05,0.00011365872020719117,0.04497261444148535,349
fru-F-500485,290,178,112,2036,178,112,0.0009402695364528933,2.4234908922465645e-05,2.26529785051047e-05,0.014572132053665645,211
fru-F-500486,50,29,21,180,29,21,0.00025271347739165404,3.212039735754535e-07,9.959779978894044e-06,0.002512436560976835,50
fru-F-500487,1992,1645,347,9396,1645,347,0.041392916088766926,4.994748601113357e-05,0.00012950855732032446,0.10009547258931711,352
fru-F-500489,606,293,313,4588,293,313,0.0070126845472199975,5.128974717531466e-05,6.977299015676441e-05,0.030450731119039245,259
fru-F-500490,78,54,24,264,54,24,0.0002632716226997799,8.162661845985942e-06,1.0151962892379894e-05,0.003919401035123863,78
fru-F-500491,433,81,352,2058,81,352,0.0017878191652706858,2.773975157750172e-05,1.207646347669376e-05,0.021757700618059393,214
fru-F-500492,441,215,226,2434,215,226,0.003080516030042727,3.959700820394473e-06,3.583076980308703e-05,0.022159690467815688,209
fru-F-500493,717,191,526,3710,191,526,0.0024401259570772846,4.001700828398651e-05,2.8501603441819175e-05,0.036028340284407816,271
fru-F-500494,333,15,318,3039,15,318,0.0011042564834610376,3.7453595423010614e-07,8.593911623767164e-06,0.016732827496105725,313
fru-F-500495,433,193,240,2609,193,240,0.0024800328490033312,3.048063235325285e-05,5.8588259194713e-05,0.021757700618059393,191
fru-F-500496,119,63,56,530,63,56,0.0002840040927299468,9.51115820001537e-07,1.7235049489267197e-05,0.005979599015124868,106
fru-F-500497,404,208,196,2450,208,196,0.003783698037628282,3.5158001860591973e-05,4.2214654578485246e-05,0.02030048741269283,227
fru-F-500498,429,206,223,2279,206,223,0.0007963374318262578,3.861932494681316e-06,3.460664889588951e-05,0.021556705693181247,183
fru-F-500499,159,34,125,681,34,125,0.00025576582043378203,6.47990830647813e-07,1.2089330507884276e-05,0.007989548263906337,123
fru-F-500500,69,11,58,343,11,58,3.7404471504139114e-05,5.907043891233337e-08,8.492173236620423e-06,0.0034671624541480327,68
fru-F-500501,969,792,177,11725,792,177,0.020260008520835652,3.79646910753838e-05,0.00012199122724753224,0.04869102055173107,352
fru-F-500502,491,57,434,2807,57,434,0.0048861814498440855,1.8150320580394334e-06,1.0444502575208093e-05,0.024672127028792522,352
fru-F-500503,370,244,126,2292,244,126,0.0012091274374768316,7.441980845884057e-06,4.261594881363727e-05,0.018592030551228583,211
fru-F-500504,1135,294,841,8379,294,841,0.008477763359550361,2.592933317586296e-05,6.676079764189948e-05,0.057032309934174165,352
fru-F-500505,387,223,164,2753,223,164,0.001501569783237026,6.367000675621252e-06,3.2208903909328776e-05,0.019446258981960705,211
fru-F-500506,409,47,362,2674,47,362,0.0033236562293912308,1.8073208254023547e-06,1.067448404291398e-05,0.02055173106879051,351
fru-F-500507,242,208,34,1672,208,34,0.002101477360609758,8.888909097611708e-06,3.696962310609589e-05,0.012160192955127883,208
fru-F-500509,398,184,214,1708,184,214,0.0022139535597811544,5.270101241050411e-06,6.009225750140333e-05,0.01999899502537561,208
fru-F-500510,322,24,298,2112,24,298,0.0017987255252544915,1.165017601076964e-06,9.309974587816028e-06,0.01618009145269082,301
fru-F-500511,464,238,226,3041,238,226,0.0030909658138305414,4.383328784158557e-06,4.7805458010817614e-05,0.02331541128586503,209
fru-F-500512,274,206,68,1371,206,68,0.001467614441731124,6.4298484569688425e-06,2.9332253074030156e-05,0.013768152354153058,202
fru-F-500513,593,243,350,2751,243,350,0.013912403144275052,8.990549167169263e-05,4.083225957327688e-05,0.029797497613185266,265
fru-F-500514,1362,489,873,7365,489,873,0.008708780458003149,0.0001264517814917906,8.62572453293941e-05,0.068438771921009,352
fru-F-500515,429,200,229,2394,200,229,0.002019261659512089,2.9106731453518467e-06,3.672904429051995e-05,0.021556705693181247,209
fru-F-500516,358,143,215,1962,143,215,0.0014507643266891317,1.0828123372840576e-06,3.1010598715345465e-05,0.017989045776594142,201
fru-F-500517,445,84,361,2076,84,361,0.0015960836999638415,4.4997438905577785e-05,1.351453055162384e-05,0.022360685392693834,236
fru-F-500518,660,257,403,2897,257,403,0.009324626380695374,8.61145414883094e-05,3.0048867737157808e-05,0.03316416260489423,312
fru-F-500519,98,55,43,333,55,43,0.00022965161245282079,3.480817841986287e-07,1.9021203640505876e-05,0.004924375659514597,89
fru-F-500520,339,53,286,2020,53,286,0.0043488323850379845,1.9510997479173243e-06,1.2008770064863544e-05,0.017034319883422945,326
fru-F-500521,330,33,297,1988,33,297,0.002887006495476825,9.277470403953288e-07,1.0381471005167141e-05,0.016582081302447114,305
fru-F-500523,742,15,727,4440,15,727,0.0007044438245936512,4.041106518402411e-07,8.555047206373693e-06,0.037284558564896236,352
fru-F-500524,68,31,37,242,31,37,0.00027720974208002985,2.2931490104084395e-07,1.3220779544681338e-05,0.003416913722928496,66
fru-F-500525,106,39,67,584,39,67,0.0003716010425372746,1.1143130821278354e-06,1.1986658157530297e-05,0.005326365509270891,92
fru-F-500526,101,44,57,761,44,57,0.000389186922694694,1.4976227386978545e-06,1.6087296058235e-05,0.005075121853173208,94
fru-F-500527,259,173,86,980,173,86,0.0007734411322119945,1.7913411383982423e-06,2.994835545687507e-05,0.013014421385860007,182
fru-F-500528,1103,111,992,7356,111,992,0.0018091443786110327,0.00010654497617828811,2.778102188910304e-05,0.055424350535148985,331
fru-F-500529,423,131,292,1941,131,292,0.0018901039050002422,9.784748768880693e-06,1.5343552110193825e-05,0.021255213305864027,229
fru-F-500530,323,182,141,1869,182,141,0.004124223428990315,6.521519602574421e-05,3.500298089632499e-05,0.016230340183910355,206
fru-F-500531,286,141,145,1291,141,145,0.0018550693392766977,1.3300812077302767e-05,2.4506149496218958e-05,0.014371137128787499,160
fru-F-500532,184,108,76,665,108,76,0.0006749815866242224,6.960648778639457e-07,1.539299428388805e-05,0.009245766544394754,162
fru-F-500533,343,190,153,1987,190,153,0.0015233405814840987,2.564192828875359e-05,4.001352588263525e-05,0.01723531480830109,217
fru-F-500534,280,104,176,1196,104,176,0.0007544212612681815,2.5571513201032807e-06,2.5986455799667942e-05,0.014069644741470278,186
fru-F-500535,252,88,164,1696,88,164,0.0008659164356257622,3.2568090898465744e-06,2.5835033630729887e-05,0.01266268026732325,172
fru-F-500536,466,365,101,2877,365,101,0.0031130096392112264,3.432590603863318e-05,7.923586081337529e-05,0.023415908748304105,250
fru-F-500537,398,96,302,2664,96,302,0.000692524559772882,6.796618109448222e-06,1.8143428343710625e-05,0.01999899502537561,186
fru-F-500538,254,212,42,1458,212,42,0.0018770665055796256,8.74827300048988e-06,3.0763834054357355e-05,0.012763177729762324,212
fru-F-500539,223,51,172,889,51,172,0.0003549314571409867,5.763482122140508e-07,1.0320605862410549e-05,0.011205467061956685,156
fru-F-500540,199,148,51,906,148,51,0.0013741372002185918,4.577454954127881e-06,3.464280506509518e-05,0.009999497512687805,173
fru-F-500541,367,189,178,2040,189,178,0.0014080231907240151,3.5663069272630174e-05,3.893808117490005e-05,0.018441284357569972,186
fru-F-500543,828,54,774,8607,54,774,0.0009568421728543869,5.861018123145192e-07,1.0968136817139189e-05,0.04160594944977639,352
fru-F-500544,351,231,120,2465,231,120,0.0007957447968582576,4.101670550363272e-06,6.202798829686781e-05,0.017637304658057382,182
fru-F-500545,243,132,111,859,132,111,0.0008746223698112563,3.134904856405521e-06,2.7113596767461137e-05,0.01221044168634742,182
fru-F-500546,237,152,85,1017,152,85,0.0006265382983779865,1.4750643853645767e-06,2.283305166966965e-05,0.0119089492990302,180
fru-F-500547,352,109,243,1708,109,243,0.001256746961837128,2.0225964634126604e-06,2.117696855826352e-05,0.01768755338927692,201
fru-F-500548,928,736,192,6467,736,192,0.017548264638273033,1.977185024610802e-05,7.38052849566999e-05,0.04663082257173006,352
fru-F-500549,197,77,120,1355,77,120,0.0008713111671657452,4.6475000191812804e-06,2.1725748748872253e-05,0.009899000050248732,153
fru-F-500550,96,62,34,284,62,34,0.0007478193153472806,1.61351375055247e-06,2.085887266791922e-05,0.004823878197075524,82
fru-F-500551,145,114,31,536,114,31,0.0005494684909857369,1.1065256115107405e-06,2.464568448569814e-05,0.007286066026832822,106
fru-F-500552,879,75,804,6065,75,804,0.0009750830580469523,3.070260720805061e-05,1.3642876799872025e-05,0.044168634741972766,325
fru-F-500553,206,112,94,879,112,94,0.0009088472095895705,1.9410066683932666e-06,1.4779138573359466e-05,0.010351238631224561,183
fru-F-500554,402,135,267,1817,135,267,0.0012930287707127966,3.6788268639092373e-06,3.071405420677616e-05,0.020199989950253756,217
fru-F-500555,369,81,288,2670,81,288,0.004810465323711593,3.7443714553729914e-06,1.2678047828273697e-05,0.018541781820009044,352
fru-F-500556,428,251,177,3413,251,177,0.003275497260890289,1.003015254871037e-05,5.354655330042673e-05,0.021506456961961712,209
fru-F-500557,326,203,123,2217,203,123,0.0022567830359661017,2.2815103089607903e-05,3.973977387169196e-05,0.016381086377568965,211
fru-F-500558,88,36,52,419,36,52,0.00038989618888286853,5.769329196862854e-07,1.6513279009165326e-05,0.00442188834731923,82
fru-F-500559,322,122,200,1374,122,200,0.0011931006561982929,1.6778210318635728e-06,3.390077889579002e-05,0.01618009145269082,202
fru-F-500560,492,350,142,4885,350,142,0.01119392781424889,0.00016433532776898626,0.00010327803416282572,0.024722375760012058,248
fru-F-500561,578,393,185,3775,393,185,0.005796167440354389,6.889348049122377e-05,7.458947211917061e-05,0.029043766644892218,261
fru-F-500562,208,50,158,950,50,158,0.00046138311338565015,1.8848089744473519e-06,1.0690362078507179e-05,0.010451736093663636,192
fru-F-500563,443,76,367,2387,76,367,0.0017351309670836956,3.877121677306013e-05,1.3941491069025522e-05,0.02226018793025476,229
fru-F-500564,175,61,114,891,61,114,0.001593058211089662,6.625635031777116e-06,1.5878379154438568e-05,0.008793527963418923,141
fru-F-500565,1095,600,495,9119,600,495,0.01901504084069996,4.558734068258879e-05,0.00012522267530916897,0.05502236068539269,352
fru-F-500566,438,207,231,2796,207,231,0.0028463000127905633,1.2830828458454759e-05,4.1328656570939606e-05,0.022008944274157078,209
fru-F-500567,70,55,15,279,55,15,0.0003934492509180114,4.501605707475036e-06,2.1672262560170893e-05,0.0035174111853675696,66
fru-F-500568,408,120,288,2926,120,288,0.0018550225310043785,2.3603913831827123e-06,2.9893900146698167e-05,0.020501482337570976,205
fru-F-500569,417,341,76,1929,341,76,0.004379238647527807,0.00021162116052521129,6.352843406765653e-05,0.020953720918546807,233
fru-F-500570,135,99,36,460,99,36,0.00041162385007664364,5.495921322382294e-07,2.1252525023755522e-05,0.006783578714637455,108
fru-F-500571,449,300,149,3266,300,149,0.0012590052898648842,3.978384109473782e-06,5.931798769917789e-05,0.02256168031757198,211
fru-F-500572,403,92,311,1826,92,311,0.003773987191913496,6.340150115679659e-05,1.769554925869623e-05,0.02025023868147329,235
fru-F-500573,464,237,227,3574,237,227,0.0036646427687162288,1.810876381102365e-05,4.565374696468181e-05,0.02331541128586503,209
fru-F-500574,496,403,93,4659,403,93,0.0013512301516531476,3.4961932332058942e-06,0.0004844994467892203,0.024923370684890207,142
fru-F-500575,212,105,107,1147,105,107,0.0010217254979026675,1.1955530776189368e-05,1.8515160037266125e-05,0.010652731018541781,196
fru-F-500576,311,110,201,1516,110,201,0.0020193434921485583,2.213604468600828e-05,1.6091508129579112e-05,0.015627355409275914,225
fru-F-500577,274,182,92,1303,182,92,0.001150240204461278,1.7512515369279073e-05,2.8297371097931386e-05,0.013768152354153058,166
fru-F-500578,217,124,93,1149,124,93,0.001687588209247407,5.223486775955114e-06,3.889209603797199e-05,0.010903974674639466,146
fru-F-500579,319,34,285,2359,34,285,0.0021469053534746868,8.814766573793119e-07,8.928014312044496e-06,0.01602934525903221,311
fru-F-500580,108,56,52,374,56,52,0.00025970886380519744,8.780122621126842e-06,9.862898660628422e-06,0.005426862971709964,107
fru-F-500581,454,47,407,2452,47,407,0.000866862311791055,7.234640585406836e-06,1.01368481802982e-05,0.022812923973669665,227
fru-F-500582,635,223,412,2755,223,412,0.002260085190708725,3.433301231758965e-05,2.85992245499694e-05,0.03190794432440581,263
fru-F-500583,737,169,568,3666,169,568,0.0068958833559682325,2.3548957750330062e-05,2.747331667696649e-05,0.037033314908798555,349
fru-F-500584,393,17,376,1918,17,376,0.00036454611358189746,1.2743545888693864e-06,8.43316555445421e-06,0.019747751369277925,226
fru-F-500585,227,51,176,880,51,176,0.00020940058712341235,4.59024113263849e-07,1.6452375813504907e-05,0.011406461986834832,172
fru-F-500586,1318,1042,276,13081,1042,276,0.028940268111454757,6.634386266626209e-05,0.0001810050088277351,0.06622782774734938,352
fru-F-500587,1401,955,446,8108,955,446,0.02629242653792715,5.5763059675107196e-05,0.00010593773897214202,0.07039847243857092,352
fru-F-500589,97,52,45,274,52,45,0.0002915818097399325,2.545012309501942e-07,9.268746687652435e-06,0.004874126928295061,97
fru-F-500590,206,131,75,1170,131,75,0.001172501182000313,8.002303713692197e-05,2.1384548118193164e-05,0.010351238631224561,196
fru-F-500591,330,23,307,2373,23,307,0.0014811453892420075,7.626029446352031e-07,8.928308042635569e-06,0.016582081302447114,316
fru-F-500592,178,29,149,888,29,149,0.00015037173004892802,2.3345409691255825e-07,1.0381444385681388e-05,0.008944274157077534,147
fru-F-500593,327,95,232,1510,95,232,0.0012009660790060848,1.5042814443802902e-06,1.5943369362972665e-05,0.016431335108788504,202
fru-F-500594,147,67,80,891,67,80,0.0005805886119335098,1.8121105658911503e-06,2.3595411482075057e-05,0.007386563489271896,126
fru-F-500595,379,112,267,2291,112,267,0.0012300467870897955,6.292005286766867e-07,1.4877036019712192e-05,0.019044269132204413,201
fru-F-500596,282,54,228,1334,54,228,0.0008587509589463668,8.063569183920974e-07,1.8769120736642173e-05,0.014170142203909351,191
fru-F-500597,223,179,44,937,179,44,0.001935585566318302,7.668512348583554e-06,1.8882279420176866e-05,0.011205467061956685,205
fru-F-600000,489,459,30,2559,459,30,0.007699971624938973,5.835847885354948e-05,7.915110651611883e-05,0.024571629566353448,279
fru-F-600001,121,52,69,344,52,69,0.0005309669698114329,3.842637006373849e-06,9.82914187030869e-06,0.006080096477563942,116
fru-F-600002,371,126,245,1793,126,245,0.00041411798418988425,1.4261345966302399e-06,2.777078393085666e-05,0.018642279282448118,181
fru-F-600003,344,81,263,1777,81,263,0.00035152393678843135,2.0299984449880575e-06,1.4367663000690913e-05,0.017285563539520626,186
fru-F-600004,279,23,256,793,23,256,6.0988505124739155e-05,6.54043723320466e-07,8.348961591726093e-06,0.014019396010250741,146
fru-F-600005,218,127,91,1081,127,91,0.001770490422250383,4.520626089649044e-06,3.1644168540063433e-05,0.010954223405859002,146
fru-F-600006,94,75,19,256,75,19,0.0008416330066924343,6.13224434527481e-06,1.0015854055651634e-05,0.004723380734636451,93
fru-F-600007,291,39,252,1434,39,252,0.00039534135853794424,8.988446926218584e-07,2.5076830675967405e-05,0.014622380784885182,213
fru-F-600008,342,46,296,1229,46,296,0.0004469463854595006,8.211391909932633e-07,8.868975482078533e-06,0.017185066077081555,206
fru-F-600009,147,42,105,404,42,105,0.0005430805771777161,4.977401590002268e-06,9.582628482339444e-06,0.007386563489271896,140
fru-F-600010,146,87,59,400,87,59,0.0015142830358109132,1.208614761812006e-05,1.1705644273488896e-05,0.007336314758052359,135
fru-F-600011,303,55,248,1067,55,248,0.00025671069375548915,3.3081115777156734e-07,1.9312338126353313e-05,0.015225365559519623,169
fru-F-600012,88,70,18,387,70,18,0.0008742080428602602,9.072463021931142e-07,3.428001231950505e-05,0.00442188834731923,82
fru-F-600014,191,71,120,802,71,120,0.0008292138147724394,9.923280466396321e-06,1.598332541368903e-05,0.009597507662931512,168
fru-F-600015,365,67,298,1369,67,298,0.0008283541964825401,7.652106290106735e-06,1.1438570301827679e-05,0.018340786895130898,206
fru-F-600016,325,79,246,1096,79,246,0.00159593373474839,1.4430401553002638e-05,1.0955257181190755e-05,0.01633083764634943,205
fru-F-600017,234,119,115,699,119,115,0.0017231304874913928,3.0684877334914276e-06,1.4613005149387597e-05,0.01175820310537159,153
fru-F-600018,55,40,15,156,40,15,0.000380061891219237,2.6816082510466205e-07,1.307252942279972e-05,0.002763680217074519,53
fru-F-600019,132,104,28,516,104,28,0.0008041435154395216,2.7666082505733494e-06,3.4287668896773e-05,0.006632832520978845,129
fru-F-600020,66,40,26,255,40,26,0.00038486499637573377,4.67329142842811e-07,1.0343394940346342e-05,0.0033164162604894225,62
fru-F-600021,372,35,337,1722,35,337,0.0003585746797082372,9.281005216027432e-06,9.638048935171585e-06,0.018692528013667654,206
fru-F-600022,54,43,11,120,43,11,0.0005386235340432327,3.769943925100643e-06,9.096944661274701e-06,0.002713431485854982,54
fru-F-600023,87,67,20,218,67,20,0.000513266601893319,4.478917773936235e-07,9.580769623117738e-06,0.004371639616099694,87
fru-F-600025,200,191,9,563,191,9,0.0015200730863981489,2.4721784103744813e-05,2.4139773279110395e-05,0.01004974624390734,146
fru-F-600026,119,35,84,398,35,84,0.00021155309138296924,1.8211355074362515e-07,9.058880845120407e-06,0.005979599015124868,118
fru-F-600027,322,66,256,1761,66,256,0.00037422169741688254,2.9571165472535225e-06,9.91472628316165e-06,0.01618009145269082,181
fru-F-600028,137,118,19,445,118,19,0.0014133418369424151,1.0898945496183994e-05,1.3306306195865381e-05,0.006884076177076529,131
fru-F-600029,178,15,163,468,15,163,4.528571951064398e-05,2.416621357099012e-08,8.119597948490428e-06,0.008944274157077534,124
fru-F-600030,266,206,60,1182,206,60,0.0008224739541429723,2.1928776267448644e-06,2.9710656059870575e-05,0.013366162504396765,192
fru-F-600031,1289,271,1018,8863,271,1018,0.004328293773981304,0.00019774346599740937,4.83635813739441e-05,0.06477061454198281,352
fru-F-600032,1229,393,836,8734,393,836,0.005480498995098167,0.0002869564796949126,0.00013490715453958057,0.06175569066881061,352
fru-F-600033,413,143,270,1657,143,270,0.0008178273562248188,7.975703751107412e-06,3.129116917218927e-05,0.02075272599366866,186
fru-F-600034,112,68,44,545,68,44,0.0009325010835827478,2.3941239415257864e-06,1.4321207106739077e-05,0.005627857896588111,97
fru-F-600035,56,30,26,257,30,26,6.80453401423514e-05,1.0466177698872954e-07,1.435397234960719e-05,0.0028139289482940555,54
fru-F-600036,51,38,13,145,38,13,0.00032885905165822493,3.555230158822227e-07,1.267372323327268e-05,0.002562685292196372,49
fru-F-600037,422,116,306,2120,116,306,0.0031335574406099903,3.813597341966923e-05,1.507241934092122e-05,0.02120496457464449,302
fru-F-600038,57,30,27,292,30,27,0.0003101041778523759,5.376091411177617e-07,1.091587286492881e-05,0.0028641776795135924,57
fru-F-600039,474,235,239,2944,235,239,0.0032961448289618605,0.00164248305847011,6.355428911776141e-05,0.0238178985980604,241
fru-F-600040,222,24,198,794,24,198,0.00017878270497153755,1.6817880297860348e-07,8.349376910877528e-06,0.01115521833073715,149
fru-F-600041,403,154,249,2011,154,249,0.001238540843858575,2.4171886708448606e-05,2.772940876604098e-05,0.02025023868147329,205
fru-F-600042,80,66,14,198,66,14,0.0002731659561275763,4.74127733066162e-07,9.724194900391647e-06,0.004019898497562936,80
fru-F-600043,206,40,166,718,40,166,0.0002783285776790277,6.257660172496761e-07,9.332253730742684e-06,0.010351238631224561,193
fru-F-600044,109,60,49,610,60,49,0.0005829668498645428,1.892252850956117e-06,1.2863288326053325e-05,0.005477111702929501,97
fru-F-600045,528,175,353,2971,175,353,0.0022962032432714396,3.408992569802085e-05,3.0465492807260112e-05,0.02653133008391538,234
fru-F-600046,384,234,150,2074,234,150,0.0037421966755375484,6.78755288452529e-05,3.651441930208832e-05,0.019295512788302095,256
fru-F-600047,88,65,23,217,65,23,0.00029341378831411344,5.004806759586666e-07,5.237400415444424e-05,0.00442188834731923,83
fru-F-600048,126,101,25,362,101,25,0.0008422460737745085,1.7070205037839763e-06,1.1955928273636987e-05,0.006331340133661625,121
fru-F-600049,142,72,70,378,72,70,0.0007970340572295962,4.801682087744513e-06,1.0805579677774253e-05,0.007135319833174212,142
fru-F-600050,472,57,415,2279,57,415,0.0011026944538771188,1.500500581247275e-06,1.1303172440100617e-05,0.023717401135621326,316
fru-F-600051,305,174,131,1387,174,131,0.0011956726934833233,1.299799460051876e-05,5.9609225029974667e-05,0.015325863021958696,186
fru-F-600052,964,878,86,5938,878,86,0.02242185897573817,2.211756247338489e-05,8.150793527441148e-05,0.048439776895633384,352
fru-F-600053,582,290,292,3050,290,292,0.0037783343978607577,4.144179551289685e-05,4.797710107439679e-05,0.029244761569770364,269
fru-F-600054,991,766,225,7028,766,225,0.018913505532539718,5.772147392073956e-05,7.713640873152199e-05,0.049796492638560876,352
fru-F-600055,324,171,153,1523,171,153,0.0023460911906193578,1.4635728415343791e-05,2.1746024630587037e-05,0.016280588915129894,195
fru-F-600056,305,164,141,1219,164,141,0.000856502629306189,4.872424226006262e-06,3.2210906164886635e-05,0.015325863021958696,183
fru-F-600057,243,124,119,1172,124,119,0.0012497583268677168,6.380687204905402e-06,1.6160285373931972e-05,0.01221044168634742,205
fru-F-600058,402,230,172,1411,230,172,0.003514407599064781,1.1589308898798418e-05,7.598621308093195e-05,0.020199989950253756,277
fru-F-600059,196,70,126,778,70,126,0.0007824055809074553,3.250954628196724e-05,1.560847032658778e-05,0.009848751319029195,185
fru-F-600060,415,155,260,2007,155,260,0.001248421993071518,9.820437376446942e-06,3.685014029094893e-05,0.020853223456107732,218
fru-F-600062,367,56,311,1814,56,311,0.00277133037075507,5.947976997996783e-06,1.001379395907794e-05,0.018441284357569972,338
fru-F-600063,300,199,101,1694,199,101,0.0025444450689617103,7.370589497416099e-06,5.181169538306619e-05,0.015074619365861013,219
fru-F-600064,60,8,52,247,8,52,1.448866588160073e-05,8.748559006937075e-09,1.0964175642625361e-05,0.0030149238731722026,58
fru-F-600065,422,107,315,2568,107,315,0.008031021317149422,4.049426086134196e-05,2.0882101389780504e-05,0.02120496457464449,352
fru-F-600066,702,35,667,6368,35,667,0.002306077054894366,5.4111326250804425e-06,8.887696586608285e-06,0.035274609316114765,352
fru-F-600067,359,174,185,2189,174,185,0.001341570880716474,6.779408479048752e-05,3.5329549966851926e-05,0.018039294507813677,183
fru-F-600068,390,183,207,1553,183,207,0.001377145307037974,7.786313383760455e-06,4.387114828233278e-05,0.019597005175619315,205
fru-F-600069,173,161,12,478,161,12,0.0010424301600779635,2.454350095132689e-06,3.398169697085697e-05,0.00869303050097985,123
fru-F-600070,357,131,226,1701,131,226,0.0011204242097706614,2.30995784043028e-05,2.643440430523052e-05,0.017938797045374603,186
fru-F-600071,106,67,39,340,67,39,0.0003339960828694317,9.74378292355619e-07,1.0206192379336254e-05,0.005326365509270891,105
fru-F-600072,493,332,161,2887,332,161,0.011221966539827355,4.8078359893579324e-05,3.043661950031747e-05,0.024772624491231597,352
fru-F-600073,119,80,39,355,80,39,0.000706864704155096,7.146938209203386e-07,1.2616382146398695e-05,0.005979599015124868,118
fru-F-600074,134,92,42,498,92,42,0.001838900449771563,1.607074521491234e-05,1.515543476042593e-05,0.006733329983417919,130
fru-F-600075,212,119,93,1248,119,93,0.001321417185110514,9.758905877830168e-06,2.260692973990072e-05,0.010652731018541781,157
fru-F-600076,376,274,102,2529,274,102,0.0009770872481562774,2.5470733128020986e-06,6.701394497874813e-05,0.018893522938545803,186
fru-F-600077,1043,207,836,6276,207,836,0.005157290436165868,0.00012129850480905886,3.750342828859957e-05,0.05240942666197679,352
fru-F-600078,167,71,96,508,71,96,0.0013883977042835089,2.053041539336647e-06,1.2502167858954424e-05,0.00839153811366263,162
fru-F-600079,192,56,136,1061,56,136,0.0006903805942286517,0.00015394617522647303,2.4858899378815303e-05,0.009647756394151047,179
fru-F-600080,70,29,41,291,29,41,0.00036577080645079234,1.0153190023148788e-05,1.4873735721205255e-05,0.0035174111853675696,67
fru-F-600081,331,114,217,1302,114,217,0.0014782952229853545,4.610756738791775e-06,1.691974094780777e-05,0.01663233003366665,265
fru-F-600082,219,131,88,1050,131,88,0.0009045704082745181,2.564061276247077e-05,1.986666231671551e-05,0.011004472137078539,172
fru-F-600083,767,27,740,3945,27,740,0.0008269084234284014,2.1672678735773912e-06,9.838626213531784e-06,0.03854077684538466,352
fru-F-600084,403,185,218,3230,185,218,0.002106974872484277,1.2596748207362516e-05,3.529245966010402e-05,0.02025023868147329,231
fru-F-600085,386,72,314,2569,72,314,0.0066063987903834335,3.532849680775009e-06,1.639951322668069e-05,0.01939601025074117,352
fru-F-600086,67,33,34,161,33,34,0.00022771664506001375,1.912723661878056e-07,9.631423776418863e-06,0.0033666649917089594,66
fru-F-600087,36,12,24,146,12,24,0.00010597202933885542,1.263505657346137e-07,8.148155787371485e-06,0.0018089543239033215,35
fru-F-600088,143,84,59,384,84,59,0.0006953634290400899,4.925302391488527e-07,1.07610238359794e-05,0.0071855685643937494,131
fru-F-600089,81,47,34,355,47,34,0.00040524170555110867,3.024207930301769e-06,2.3383025321471875e-05,0.0040701472287824735,79
fru-F-600090,383,101,282,2477,101,282,0.0020179329600765617,2.103904040727232e-06,1.4752647956188044e-05,0.01924526405708256,209
fru-F-600091,554,132,422,2494,132,422,0.006494494257727358,1.8082847474850757e-05,1.6743517645362286e-05,0.027837797095623337,352
fru-F-600092,249,60,189,1111,60,189,0.0004268533875947725,1.240944920370207e-06,1.5411612048594978e-05,0.01251193407366464,157
fru-F-600093,287,194,93,1648,194,93,0.000774675831466144,2.1810932955453805e-06,4.023809684161058e-05,0.014421385860007034,183
fru-F-600094,141,65,76,449,65,76,0.00024401222227711015,3.500060055723678e-07,1.0065795233307269e-05,0.007085071101954676,123
fru-F-600095,393,214,179,2195,214,179,0.0013563302687483142,7.712678318895384e-05,3.4381389429050146e-05,0.019747751369277925,183
fru-F-600096,120,54,66,477,54,66,0.00031407627907992014,1.494627230991157e-06,4.4380363943948836e-05,0.006029847746344405,93
fru-F-600097,1837,1185,652,7123,1185,652,0.025083620049166158,9.013974105566122e-05,7.34535799753743e-05,0.09230691925028893,352
fru-F-600098,238,79,159,992,79,159,0.00023774440806316246,1.568772395876967e-07,1.7889307862880196e-05,0.011959198030249736,180
fru-F-600099,276,63,213,1402,63,213,0.00027646409737153204,5.328049842182251e-07,1.2892439360757064e-05,0.013868649816592131,182
fru-F-600100,483,418,65,3222,418,65,0.007002164001435501,0.00022445472374258956,9.845529230290381e-05,0.02427013717903623,255
fru-F-600101,247,192,55,1642,192,55,0.0035845634336119222,2.757781929623937e-05,6.214471550568983e-05,0.012411436611225566,223
fru-F-600102,86,64,22,351,64,22,0.0004465040928457719,1.8937238232959333e-06,3.870892731971375e-05,0.004321390884880157,76
fru-F-600103,566,206,360,3055,206,360,0.0013470177616347486,2.5545148463364324e-05,2.3601958778234865e-05,0.028440781870257777,205
fru-F-600104,653,333,320,3470,333,320,0.007126731801114291,0.000159110988861764,4.625378605545576e-05,0.03281242148635747,318
fru-F-600105,758,449,309,3900,449,309,0.01470763890750473,0.000404515228831124,8.984013935073601e-05,0.038088538264408826,347
fru-F-600106,348,117,231,1678,117,231,0.0006547416513841309,2.1893150629036255e-06,2.8310118608685026e-05,0.017486558464398776,205
fru-F-600107,128,78,50,443,78,50,0.0008189267764390119,7.918833684708349e-07,1.2200898861170406e-05,0.0064318375961006985,123
fru-F-600108,338,89,249,1667,89,249,0.0008046249716244612,2.4311301015586256e-06,1.9687070362479897e-05,0.016984071152203406,205
fru-F-600109,379,148,231,2032,148,231,0.0024175845659689926,2.4798538529993876e-06,2.2561136644598028e-05,0.019044269132204413,209
fru-F-600110,320,150,170,1359,150,170,0.0005103176251296053,8.671181713033843e-07,1.9922598458684298e-05,0.016079593990251745,186
fru-F-600111,116,104,12,560,104,12,0.00048199206823188655,6.643780756492961e-07,3.637499229781797e-05,0.005828852821466258,97
fru-F-600112,99,45,54,273,45,54,0.0007823014224463812,1.0279251541830416e-06,9.508193822451413e-06,0.004974624390734134,99
fru-F-600113,498,162,336,4323,162,336,0.0033692612317363017,3.848071131909701e-06,2.1460780922582995e-05,0.02502386814732928,352
fru-F-600114,365,48,317,1580,48,317,0.0017845036769290037,5.229534392332245e-06,1.124270958634604e-05,0.018340786895130898,206
fru-F-600115,129,65,64,366,65,64,0.0007187795405672144,5.811098587602695e-07,9.758260207170588e-06,0.006482086327320235,123
fru-F-600116,227,47,180,1049,47,180,0.0002784964786963108,5.421159211393219e-07,1.1143907429164065e-05,0.011406461986834832,174
fru-F-600117,560,226,334,3023,226,334,0.001120850180518277,6.25561293368497e-06,4.1880391000200274e-05,0.028139289482940557,186
fru-F-600118,327,41,286,1449,41,286,0.00202048714821607,8.343232784248801e-06,1.0152048761894486e-05,0.016431335108788504,202
fru-F-600119,162,5,157,431,5,157,2.620687127867071e-05,3.344902022906295e-08,7.70700125817718e-06,0.008140294457564947,120
fru-F-600120,272,134,138,1860,134,138,0.0006998179187221361,1.0402379866190171e-05,1.6945856152679792e-05,0.013667654891713983,205
fru-F-600121,421,147,274,2861,147,274,0.001934462503170578,4.951522345761121e-06,3.237288036532086e-05,0.021154715843424952,295
fru-F-600123,317,168,149,1489,168,149,0.0019769737479652803,2.5516663638733307e-05,4.4983523667629096e-05,0.015928847796593135,205
fru-F-600125,274,85,189,1527,85,189,0.0008088647713909445,7.578780673693558e-06,1.325243424008366e-05,0.013768152354153058,206
fru-F-600126,374,137,237,2548,137,237,0.0016352270447062948,0.000423252019814286,2.911263577486189e-05,0.01879302547610673,231
fru-F-600127,91,69,22,446,69,22,0.0005342955326486236,4.638525513449155e-07,2.6476006809555776e-05,0.0045726345409778405,76
fru-F-600129,310,93,217,1483,93,217,0.0006660224544048296,4.997412585993979e-06,1.2406654974232578e-05,0.015577106678056379,205
fru-F-600130,343,14,329,1776,14,329,0.00018101079401329568,2.605155378376312e-06,8.34280007034462e-06,0.01723531480830109,199
fru-F-600131,397,53,344,2427,53,344,0.0002875838047652961,2.235727524252691e-06,9.583082735907927e-06,0.01994874629415607,205
fru-F-600132,508,319,189,3080,319,189,0.010875069712065108,2.024597666258738e-05,2.6203417966989567e-05,0.025526355459524648,352
fru-F-600133,361,83,278,1633,83,278,0.0020712771457477544,6.946272996372788e-05,1.4745259974248304e-05,0.018139791970252752,225
fru-F-600134,397,128,269,2511,128,269,0.0009729218136375799,1.6646544050956602e-05,2.3541157585616743e-05,0.01994874629415607,186
fru-F-600135,773,18,755,7167,18,755,0.0012417178191633765,6.937172828937318e-07,8.738862888742391e-06,0.03884226923270188,352
fru-F-600136,195,26,169,1523,26,169,0.00016556622969908684,1.6672692750871264e-07,1.2910587027035256e-05,0.009798502587809657,178
fru-F-600137,470,143,327,1954,143,327,0.0030688888458480622,4.339062523616141e-05,2.0826085045355253e-05,0.02361690367318225,236
fru-F-600138,457,303,154,2581,303,154,0.008820240704958548,2.1602663316938995e-05,2.6708043639601636e-05,0.022963670167328275,352
fru-F-600139,126,92,34,557,92,34,0.00025922205846583854,4.6261584514945485e-07,2.999707895897744e-05,0.006331340133661625,95
fru-F-600140,364,106,258,2094,106,258,0.0020216963907637503,9.370536194986896e-05,1.5364098689533624e-05,0.018290538163911362,258
fru-F-600141,532,266,266,4523,266,266,0.0029867777885543463,3.072747164585e-05,4.935899617976663e-05,0.02673232500879353,232
fru-F-600142,270,109,161,1327,109,161,0.0009283376739022305,1.6029509357337113e-05,2.328671720988583e-05,0.01356715742927491,179
fru-F-600143,910,181,729,8415,181,729,0.008995044365535079,0.00012212585423666795,2.936312868952308e-05,0.0457263454097784,352
fru-F-600144,94,44,50,593,44,50,0.0004239418479202651,1.9444312699930786e-06,1.2378228961894092e-05,0.004723380734636451,80
fru-F-600145,256,214,42,1011,214,42,0.0025384490118887906,2.13420093901583e-06,2.2174983158740876e-05,0.012863675192201397,201
fru-F-600147,426,151,275,3191,151,275,0.0034158634922470724,2.4137403789798926e-05,2.5099805980336882e-05,0.021405959499522637,281
fru-F-600148,337,124,213,1740,124,213,0.0008850619095087664,3.7015419984040654e-06,3.5145262326769895e-05,0.01693382242098387,197
fru-F-600149,285,60,225,2115,60,225,0.0005440331960142245,7.276979155057278e-06,3.156332749017683e-05,0.014320888397567962,212
fru-F-600150,557,153,404,3734,153,404,0.002847377347384075,1.7854063896452827e-06,1.7270442038173557e-05,0.027988543289281947,352
fru-F-600151,330,87,243,2177,87,243,0.0012794138182532053,2.6788991892291675e-05,2.232587758978343e-05,0.016582081302447114,174
fru-F-600152,272,35,237,1441,35,237,0.00017863044924986682,1.978523379642753e-06,2.724999645509444e-05,0.013667654891713983,171
fru-F-600153,479,203,276,2620,203,276,0.002717327525887446,2.0664833033480433e-05,5.9160919675770966e-05,0.02406914225415808,241
fru-F-600154,342,81,261,1763,81,261,0.0007874973928919218,8.113965611798068e-07,1.8665973475747246e-05,0.017185066077081555,198
fru-F-600155,594,124,470,2557,124,470,0.0009389749542854765,1.8713846848589746e-05,1.654677225983225e-05,0.029847746344404805,245
fru-F-600156,309,210,99,1260,210,99,0.0017888984863748856,3.225618008396851e-06,3.8842730912401795e-05,0.015526857946836843,200
fru-F-600157,325,147,178,1583,147,178,0.0019195871894540995,6.633925303205626e-06,2.9996654209297424e-05,0.01633083764634943,225
fru-F-600158,501,143,358,2544,143,358,0.003704072157534242,2.651147007992238e-05,2.675892995833034e-05,0.02517461434098789,310
fru-F-600159,422,86,336,2147,86,336,0.0014789571045496965,2.446064372932732e-06,1.3798194870561976e-05,0.02120496457464449,206
fru-F-600160,167,164,3,1454,164,3,0.0006578339953773549,2.8172838902936883e-06,5.295648997668071e-05,0.00839153811366263,135
fru-F-600161,264,61,203,1103,61,203,0.0002667416641939593,3.2951500851302615e-07,1.1071968694819701e-05,0.01326566504195769,180
fru-F-600162,281,71,210,1574,71,210,0.0005596811983098212,8.132933994281262e-07,1.3993430545915041e-05,0.014119893472689814,199
fru-F-600163,168,123,45,1066,123,45,0.00037553707495825245,5.954553743166615e-07,5.960944348394899e-05,0.008441786844882167,118
fru-F-600164,78,33,45,328,33,45,7.270749864965092e-05,1.961335311481032e-07,1.790629477615664e-05,0.003919401035123863,71
fru-F-600165,400,195,205,2228,195,205,0.0014406484356634791,4.950426680860736e-05,3.34695270044365e-05,0.02009949248781468,186
fru-F-600166,78,27,51,419,27,51,0.0002655794262245598,6.035370667367248e-07,1.679008582955452e-05,0.003919401035123863,74
fru-F-600167,809,678,131,6970,678,131,0.01560416670950037,2.639951409037493e-05,8.614787796766912e-05,0.04065122355660519,352
fru-F-600168,421,60,361,1921,60,361,0.0005354466131539325,1.2369725622544377e-06,1.0000240704630634e-05,0.021154715843424952,205
fru-F-600169,401,36,365,3137,36,365,0.002666563113866076,9.61188731394474e-07,9.456453105292526e-06,0.02014974121903422,352
fru-F-600171,1022,843,179,12124,843,179,0.021202211892460632,5.4091546569188754e-05,0.00013745999477990758,0.05135420330636652,352
fru-F-600172,36,26,10,71,26,10,0.0003304984845516023,9.948869703026769e-08,8.451493153383036e-06,0.0018089543239033215,36
fru-F-600174,135,90,45,606,90,45,0.0003478099757378557,3.9000053981987434e-07,2.7007863295497366e-05,0.006783578714637455,104
fru-F-600175,102,33,69,513,33,69,0.00039525118065826233,3.642424980481078e-07,9.68885074100765e-06,0.005125370584392744,87
fru-F-600177,529,297,232,4350,297,232,0.004455278519165701,1.6174535349133166e-05,6.795139079648209e-05,0.02658157881513492,232
fru-F-600178,154,43,111,862,43,111,0.0003505985697448581,5.370742147575184e-07,1.0478212618596361e-05,0.007738304607808653,109
fru-F-600179,584,531,53,2500,531,53,0.016192893822751814,1.4586018533486634e-05,4.5974210323361514e-05,0.029345259032209435,352
fru-F-600180,323,154,169,1374,154,169,0.0018645438754805092,6.361307783121052e-06,2.600379807382101e-05,0.016230340183910355,202
fru-F-600181,292,163,129,1506,163,129,0.002457961862601377,9.331202550581646e-06,4.4462587046988775e-05,0.014672629516104718,180
fru-F-600184,167,123,44,598,123,44,0.00041655642855846937,2.8448892632767173e-07,2.4075474053760953e-05,0.00839153811366263,133
fru-F-600185,331,181,150,2749,181,150,0.0008005493517742801,2.657705896383213e-06,1.8234930719919525e-05,0.01663233003366665,211
fru-F-600186,485,41,444,2101,41,444,0.000871022920365976,4.145879084157421e-06,9.865807175660964e-06,0.024370634641475302,236
fru-F-600187,278,53,225,1068,53,225,0.0008484909689310345,8.475070783536333e-07,2.0151724446439582e-05,0.013969147279031204,191
fru-F-600188,416,235,181,2459,235,181,0.0037093204540038925,1.5187306549374261e-05,3.986072396389312e-05,0.02090347218732727,209
fru-F-600190,305,110,195,1813,110,195,0.0008148535221397589,3.6433559381067505e-06,4.4978601396316734e-05,0.015325863021958696,191
fru-F-600191,325,118,207,2044,118,207,0.0012762442476672382,3.690038992083843e-06,2.5660840762727256e-05,0.01633083764634943,205
fru-F-600193,1119,219,900,5435,219,900,0.002884795626530247,3.752363858828721e-05,3.19782264681641e-05,0.056228330234661575,352
fru-F-600194,351,52,299,2234,52,299,0.0011010776054311683,7.337785747959144e-07,2.0651686832118265e-05,0.017637304658057382,200
fru-F-600195,818,215,603,4274,215,603,0.00753022808662388,2.642290447178439e-05,3.605697759312334e-05,0.04110346213758102,349
fru-F-600196,561,99,462,2762,99,462,0.0021326224409554235,2.9930637554550145e-05,1.7847755894833465e-05,0.028189538214160093,236
fru-F-600198,49,15,34,213,15,34,8.609964076249564e-05,1.6994367601534693e-07,8.602774924209044e-06,0.0024621878297572987,48
fru-F-600199,223,65,158,1079,65,158,0.0005655251464212834,1.3307238917259718e-06,1.6497235082016843e-05,0.011205467061956685,158
fru-F-600200,561,247,314,2358,247,314,0.0032989283890049,1.3565348852643155e-05,3.2436736895448455e-05,0.028189538214160093,239
fru-F-600201,458,135,323,2180,135,323,0.0035689970645250506,2.4083483008306707e-05,2.4009381615058557e-05,0.02301391889854781,214
fru-F-600202,189,64,125,676,64,125,0.0005845381368482233,7.202115591156555e-07,1.060856415064575e-05,0.009497010200492437,146
fru-F-600203,509,186,323,2153,186,323,0.0020575792880082253,1.019794552005366e-05,3.409733726390205e-05,0.025576604190744184,209
fru-F-600204,579,201,378,3479,201,378,0.0021165170190804703,1.0250172277736871e-05,6.412539086702657e-05,0.029094015376111754,293
fru-F-600205,1101,844,257,7881,844,257,0.023712351052357312,6.162727298412143e-05,0.00011293160150172997,0.055323853072709914,352
fru-F-600206,300,171,129,1975,171,129,0.0018439938482835625,1.3443936097714854e-05,5.3903763576744906e-05,0.015074619365861013,224
fru-F-600207,158,100,58,765,100,58,0.0008728094053493525,8.364616329998385e-06,1.747428025808487e-05,0.0079392995326868,147
fru-F-600208,313,117,196,1570,117,196,0.0015960202070248513,3.3926390039258647e-06,2.1701548934065542e-05,0.01572785287171499,205
fru-F-600209,189,39,150,754,39,150,0.0003758031396180239,2.12382791090425e-06,1.1429827696397054e-05,0.009497010200492437,139
fru-F-600211,217,25,192,1349,25,192,0.00019123743781917656,3.697697892822055e-07,9.113849527109513e-06,0.010903974674639466,196
fru-F-600212,121,54,67,517,54,67,0.0003445209758773572,1.2788637380924597e-06,1.2340716315981337e-05,0.006080096477563942,96
fru-F-600214,168,101,67,600,101,67,0.0007278004532412925,4.671929003642454e-06,2.0335364459288196e-05,0.008441786844882167,156
fru-F-600216,194,74,120,981,74,120,0.0009247095461435872,1.969451653292869e-06,1.620002415044481e-05,0.009748253856590122,148
fru-F-600217,471,258,213,3100,258,213,0.001700314991667485,4.147925418927464e-05,6.827306008775191e-05,0.02366715240440179,189
fru-F-600218,774,609,165,3895,609,165,0.01837474311646545,1.596254939031976e-05,5.4649509696580425e-05,0.03889251796392141,352
fru-F-600219,544,131,413,2542,131,413,0.007643268493581552,4.608851979663981e-06,1.906623149924205e-05,0.027335309783427967,285
fru-F-600220,1159,1055,104,10108,1055,104,0.029966471512991026,4.891635709486433e-05,0.0001409104083600905,0.058238279483443046,352
fru-F-600221,498,344,154,3041,344,154,0.0019901610252474537,1.0079283135021228e-05,6.727083035290968e-05,0.02502386814732928,211
fru-F-600222,141,115,26,561,115,26,0.0008909375977172353,9.976660193762913e-07,3.963325109867586e-05,0.007085071101954676,102
fru-F-600223,273,90,183,1261,90,183,0.0006659137062489351,2.6802889087615135e-06,2.8818783363700626e-05,0.01371790362293352,185
fru-F-600224,337,117,220,1675,117,220,0.000433083682883417,1.116206452485148e-06,2.0123398539263074e-05,0.01693382242098387,181
fru-F-600225,382,232,150,1836,232,150,0.003939167837742969,1.72582539400474e-05,3.4272746679882935e-05,0.019195015325863023,209
fru-F-600226,173,76,97,1120,76,97,0.0009711231368919713,3.6264450870165357e-06,1.7518787777474077e-05,0.00869303050097985,139
fru-F-600227,498,21,477,3008,21,477,0.00036219407686691245,8.590771575945033e-06,9.43871448813289e-06,0.02502386814732928,352
fru-F-600228,385,171,214,2291,171,214,0.0023779199001793005,9.52540482284338e-06,5.369166129106939e-05,0.019345761519521634,228
fru-F-600229,385,135,250,2039,135,250,0.0017315153462776002,3.321005257382901e-06,4.551602254081147e-05,0.019345761519521634,247
fru-F-600230,420,324,96,1969,324,96,0.0019166232779990943,1.699807512406889e-05,5.680801579062516e-05,0.021104467112205417,211
fru-F-600231,48,37,11,224,37,11,0.00028125671494953904,2.5390062401865416e-07,2.0718056014536556e-05,0.002411939098537762,47
fru-F-600232,435,182,253,3004,182,253,0.002085125516740693,8.338128289959826e-06,6.584765479280565e-05,0.021858198080498468,226
fru-F-600233,884,569,315,3397,569,315,0.01683739113557369,1.6965780502075887e-05,4.1185766509394435e-05,0.04441987839807045,352
fru-F-600234,194,168,26,1085,168,26,0.0007450573729705954,2.8174457801008405e-06,3.296648334220576e-05,0.009748253856590122,157
fru-F-600235,101,38,63,685,38,63,0.000312314720019276,5.060291325571247e-07,1.1072717922403011e-05,0.005075121853173208,90
fru-F-600236,96,37,59,639,37,59,0.00030104750819343084,9.226450072513981e-07,1.2053570844355594e-05,0.004823878197075524,90
fru-F-600237,405,187,218,1964,187,218,0.003921173118344299,6.28838182532176e-05,4.716307251432517e-05,0.020350736143912366,224
fru-F-600238,432,255,177,2844,255,177,0.0034644034075139362,2.3375934989672246e-05,4.469591388737398e-05,0.021707451886839858,209
fru-F-600239,95,60,35,409,60,35,0.00026107018348241694,1.9357369850232153e-07,1.2875951957045155e-05,0.004773629465855987,91
fru-F-600240,802,283,519,4430,283,519,0.006906698193391468,4.133317627563368e-05,5.512437410602817e-05,0.04029948243806844,349
fru-F-600242,209,99,110,906,99,110,0.0009963811628585356,1.7799193870015334e-05,2.3392164435861607e-05,0.010501984824883171,182
fru-F-600243,337,70,267,1666,70,267,0.00042852442577675354,7.046707171421312e-07,1.3087038867687106e-05,0.01693382242098387,179
fru-F-600244,328,35,293,1596,35,293,0.002457199884333574,4.526570081140498e-06,9.17522248434087e-06,0.01648158384000804,304
fru-F-600245,292,221,71,1399,221,71,0.0012586634072460753,7.814286379194344e-06,2.8948091339130576e-05,0.014672629516104718,205
fru-F-600247,101,48,53,620,48,53,0.0001845906830478485,2.586468114547266e-07,1.0863646838855477e-05,0.005075121853173208,94
fru-F-600248,806,112,694,5195,112,694,0.0031967649763601684,5.58242127079593e-06,1.7819572485183116e-05,0.04050047736294658,352
fru-F-600249,551,297,254,3133,297,254,0.009805574996215306,2.3823834655799613e-05,2.346195599879733e-05,0.027687050901964726,352
fru-F-600251,531,290,241,2652,290,241,0.004069504671884832,3.3004019827182516e-05,6.197777414406188e-05,0.02668207627757399,236
fru-F-600252,371,162,209,1646,162,209,0.004870679109068547,2.1130475658740015e-05,2.3456978704750036e-05,0.018642279282448118,231
fru-F-600253,126,86,40,466,86,40,0.0007069273554914276,1.7471819862496482e-06,1.8900660126366298e-05,0.006331340133661625,124
fru-F-600254,132,89,43,588,89,43,0.000375023679882073,4.086827176865551e-07,1.8796975300632872e-05,0.006632832520978845,118
fru-F-600255,194,65,129,858,65,129,0.0006777589707880135,1.3352424574626283e-06,1.4555244956907293e-05,0.009748253856590122,143
fru-F-600256,355,174,181,1428,174,181,0.002503086131430687,8.888350261205167e-06,2.4426788233275786e-05,0.01783829958293553,231
fru-F-600257,310,131,179,1573,131,179,0.0018326623334169203,2.5448636142699082e-06,1.908307294774792e-05,0.015577106678056379,200
fru-F-600258,621,479,142,4275,479,142,0.00425941955093159,8.859106761104741e-05,0.00010465789457818277,0.031204462087332296,271
fru-F-600259,263,79,184,856,79,184,0.0005132531653839053,1.3765297949573503e-06,1.6902417093093104e-05,0.013215416310738155,187
fru-F-600260,904,846,58,6036,846,58,0.02323492031609737,2.5507695357896675e-05,8.203672415471048e-05,0.04542485302246118,352
fru-F-600261,744,135,609,3918,135,609,0.0028657652928820187,2.6033881973189695e-06,1.677185602465757e-05,0.03738505602733531,352
fru-F-600262,345,157,188,1755,157,188,0.001201752162262819,4.149182179109628e-06,5.048449388202679e-05,0.017335812270740165,205
fru-F-600263,365,251,114,2182,251,114,0.0016915658989944213,1.1646212574056686e-05,3.29645339227752e-05,0.018340786895130898,205
fru-F-600264,46,41,5,122,41,5,0.0003261609597411093,9.084509987091765e-07,1.3785101837204913e-05,0.0023114416360986885,46
fru-F-600265,84,58,26,422,58,26,0.00039940299283490547,5.825230769212185e-07,2.5439069764312662e-05,0.004220893422441084,80
fru-F-600266,258,153,105,1090,153,105,0.0006169896297009807,1.6153776589191005e-06,2.4609999045090888e-05,0.01296417265464047,181
fru-F-600267,53,7,46,219,7,46,2.2286553896989472e-05,1.1061649220732264e-08,9.0191165299366e-06,0.0026631827546354453,50
fru-F-600268,405,292,113,3554,292,113,0.0010861922012115693,8.840717954044616e-06,8.977398004456392e-05,0.020350736143912366,186
fru-F-600270,43,11,32,174,11,32,9.97690101086164e-05,6.797508558810484e-08,7.93454180325862e-06,0.0021606954424400783,43
fru-F-600271,107,81,26,435,81,26,0.00030389519210001964,2.094032455747503e-07,2.5497191943779074e-05,0.005376614240490428,92
fru-F-600272,194,32,162,642,32,162,0.00021537335208462183,4.561906716665225e-06,8.965207262437959e-06,0.009748253856590122,139
fru-F-600273,285,46,239,1422,46,239,0.0002845682961401024,8.98736996274616e-07,1.0409955514662549e-05,0.014320888397567962,174
fru-F-600274,49,17,32,280,17,32,0.0001675280303451576,3.6076233893043183e-07,9.219567152276312e-06,0.0024621878297572987,47
fru-F-600275,360,244,116,1672,244,116,0.0029188594960517225,1.970416588752601e-05,2.7116960478020542e-05,0.018089543239033213,230
fru-F-600276,524,333,191,2863,333,191,0.009981067948914213,1.038532355162292e-05,2.609831477459918e-05,0.026330335159037235,352
fru-F-600277,954,159,795,8558,159,795,0.00458200075913597,6.543450192145984e-06,2.3503440450261446e-05,0.04793728958343802,352
fru-F-600278,209,107,102,1665,107,102,0.0011836356218649382,7.433127316264101e-06,2.9133190255306874e-05,0.010501984824883171,175
fru-F-600279,352,134,218,1570,134,218,0.002251651909504793,3.5267036211497525e-05,1.8530817211221457e-05,0.01768755338927692,203
fru-F-600280,296,169,127,1449,169,127,0.003709935554323894,5.395080885000379e-05,2.388731974378394e-05,0.014873624440982865,199
fru-F-600281,177,122,55,643,122,55,0.00159834111888121,2.8281950304631985e-06,3.9061308598965735e-05,0.008894025425857996,164
fru-F-600282,109,65,44,487,65,44,0.000283063634392842,6.313998254767821e-07,2.522732638285915e-05,0.005477111702929501,96
fru-F-600283,65,47,18,210,47,18,0.0005192107877125095,6.828456690013176e-07,1.7682077444213163e-05,0.003266167529269886,63
fru-F-600284,528,311,217,3268,311,217,0.0018887271989610301,2.4116276128830485e-05,7.080946272156757e-05,0.02653133008391538,205
fru-F-600285,237,136,101,884,136,101,0.0023913325717109506,1.5410090791220864e-06,1.6195061021000186e-05,0.0119089492990302,201
fru-F-600287,174,131,43,723,131,43,0.0010493130289996042,1.9770754987065626e-06,2.5018624691366398e-05,0.008743279232199388,152
fru-F-600288,914,731,183,7023,731,183,0.018574140618794074,3.176224468308342e-05,8.010327484018588e-05,0.04592734033465655,352
fru-F-600289,511,91,420,2034,91,420,0.0029810011877551995,3.4216697093005037e-05,1.3134088339212308e-05,0.02567710165318326,260
fru-F-600290,111,49,62,404,49,62,0.00018048025806047507,2.12969937373661e-07,1.045243301124723e-05,0.005577609165368575,99
fru-F-600291,141,78,63,817,78,63,0.001258255045362302,4.949142014795631e-06,1.599215099500037e-05,0.007085071101954676,129
fru-F-600292,240,160,80,1163,160,80,0.0012550700302979363,5.605639494711662e-06,3.682410117510113e-05,0.01205969549268881,198
fru-F-600293,440,163,277,2348,163,277,0.002718949105331725,3.7485512561009246e-06,2.5853129956507735e-05,0.022109441736596153,209
fru-F-600295,502,276,226,3546,276,226,0.001977760813144547,4.9960135122161896e-05,6.929679558744968e-05,0.025224863072207428,205
fru-F-600296,479,293,186,4379,293,186,0.003852457934872004,8.340040170390917e-05,9.035174471324131e-05,0.02406914225415808,250
fru-F-600297,261,92,169,1185,92,169,0.0004885373661475056,5.945571690928328e-06,1.3123295113957316e-05,0.01311491884829908,175
fru-F-600298,383,224,159,2231,224,159,0.003730656916337169,8.23267931831898e-06,3.869809048278499e-05,0.01924526405708256,209
fru-F-600299,396,212,184,2460,212,184,0.001074250323473668,3.097858752047929e-06,3.180056462415261e-05,0.019898497562936535,211
fru-F-700000,438,375,63,2488,375,63,0.0035342405413722805,4.834037122659225e-05,7.300277044718845e-05,0.022008944274157078,243
fru-F-700001,288,144,144,1422,144,144,0.002779090344359107,2.484929163258335e-05,2.391035529298635e-05,0.014471634591226572,206
fru-F-700002,603,204,399,2202,204,399,0.004321692523278042,0.0001909949673600742,2.705083808135413e-05,0.030299984925380635,314
fru-F-700003,150,92,58,710,92,58,0.0008657997418208086,4.376235048672328e-06,1.6068899287480247e-05,0.007537309682930506,150
fru-F-700004,268,234,34,1881,234,34,0.0030788431380352043,1.8679118676042763e-05,4.3040839065844055e-05,0.013466659966835838,217
fru-F-700005,72,64,8,209,64,8,0.0009844496325394716,2.706863608318755e-06,1.7809182885306164e-05,0.003617908647806643,71
fru-F-700006,83,62,21,283,62,21,0.0007916068632635512,2.890937604788598e-06,1.0737876518289976e-05,0.004170644691221546,81
fru-F-700007,138,68,70,464,68,70,0.000625700245988446,9.85164903082937e-06,1.2391449232202794e-05,0.0069343249082960655,131
fru-F-700008,153,87,66,591,87,66,0.0007708285139922889,5.663936024335575e-06,1.610380176914169e-05,0.0076880558765891165,99
fru-F-700009,79,22,57,384,22,57,0.0002018896892475784,5.371607199350025e-07,1.048823260473863e-05,0.0039696497663434,70
fru-F-700011,486,164,322,2233,164,322,0.003447647035642126,9.141051420581566e-06,2.7892823334754178e-05,0.02442088337269484,219
fru-F-700012,412,107,305,1278,107,305,0.0017364743990128282,3.5642106495327097e-06,1.7561937521964162e-05,0.020702477262449122,226
fru-F-700013,227,131,96,994,131,96,0.0018819610531244295,7.229861430425075e-06,3.562430641355608e-05,0.011406461986834832,138
fru-F-700014,383,53,330,1707,53,330,0.0011853585396926025,7.958787801491008e-06,1.142306886065617e-05,0.01924526405708256,188
fru-F-700015,182,146,36,469,146,36,0.0030699211981519803,5.187166090791275e-05,1.6379783744532493e-05,0.009145269081955681,152
fru-F-700016,451,96,355,2224,96,355,0.0028543899932927364,2.635516032052664e-05,1.7134327516636206e-05,0.022662177780011054,298
fru-F-700017,762,302,460,3068,302,460,0.009099239012212726,1.4037873385944338e-05,3.1003170463733e-05,0.03828953318928697,352
fru-F-700018,78,44,34,185,44,34,0.0002055126474158151,1.3174112752595285e-07,8.833812138764837e-06,0.003919401035123863,78
fru-F-700019,105,53,52,273,53,52,0.00046026893964992526,1.2981776431861169e-06,1.0054988443900826e-05,0.005276116778051354,104
fru-F-700021,127,48,79,433,48,79,0.00012423042573307303,1.1380094499881515e-07,1.8313910258884936e-05,0.006381588864881162,98
fru-F-700022,22,16,6,59,16,6,3.092447240489806e-05,3.333664860571036e-08,9.182267552274497e-06,0.0011054720868298076,22
fru-F-700023,121,87,34,382,87,34,0.001054899671688528,1.2916629262004357e-05,1.2461534427699589e-05,0.006080096477563942,121
fru-F-700025,510,204,306,2592,204,306,0.0019115169029274483,3.599451804972089e-06,3.6975634520498905e-05,0.02562685292196372,209
fru-F-700027,1002,889,113,6436,889,113,0.025269720976850783,5.9106949118319534e-05,0.00010302576915541083,0.05034922868197578,352
fru-F-700028,329,283,46,2370,283,46,0.0064292615331487755,2.9401514851539052e-05,4.6666155771930616e-05,0.016531832571227575,231
fru-F-700029,332,199,133,1914,199,133,0.0012557589316079226,3.723109186490632e-05,3.409905898988793e-05,0.016682578764886186,186
fru-F-700030,320,269,51,1167,269,51,0.0030607285396675034,2.5697415469389234e-05,4.6532281079956545e-05,0.016079593990251745,176
fru-F-700032,15,11,4,27,11,4,3.46367501150523e-05,3.045335030289214e-08,7.720605751943172e-06,0.0007537309682930506,15
fru-F-700033,390,158,232,1339,158,232,0.0024331952607596244,0.0001299968019505889,2.3154697897887232e-05,0.019597005175619315,236
fru-F-700034,225,198,27,722,198,27,0.002907233328791341,2.4260250156855993e-05,3.819886586433544e-05,0.01130596452439576,150
fru-F-700035,648,204,444,2867,204,444,0.00290788746540707,1.533690462959666e-05,4.546824914952516e-05,0.03256117783025979,296
fru-F-700036,72,47,25,417,47,25,0.00039244811271252594,9.679483465308374e-07,1.4012489313361675e-05,0.003617908647806643,67
fru-F-700037,77,39,38,364,39,38,0.00034659936091049014,6.286604533335505e-07,1.0957440009383943e-05,0.0038691523039043265,71
fru-F-700038,106,81,25,533,81,25,0.00031729794408204157,4.3699666567213015e-07,2.599898086670241e-05,0.005326365509270891,94
fru-F-700039,92,66,26,379,66,26,0.00021592386568367023,2.7829519772711594e-07,2.6528879923741137e-05,0.004622883272197377,87
fru-F-700040,324,157,167,1942,157,167,0.001327342930347432,9.356955844211227e-05,6.18125352306686e-05,0.016280588915129894,223
fru-F-700041,939,738,201,5298,738,201,0.02119701084817827,3.703942402503822e-05,8.127615286761661e-05,0.04718355861514497,352
fru-F-700042,293,158,135,1323,158,135,0.00115953165373738,1.9185439426860056e-05,2.1844066160370933e-05,0.014722878247324255,186
fru-F-700043,408,105,303,1374,105,303,0.0009901676526816007,2.904439712928508e-06,2.385477447004791e-05,0.020501482337570976,209
fru-F-700044,410,209,201,2499,209,201,0.002160993208174405,8.063686585611128e-06,3.340272817917012e-05,0.02060197980001005,231
fru-F-700045,583,52,531,2836,52,531,0.0021694733872288548,7.62014729897418e-07,9.611574170447483e-06,0.0292950103009899,352
fru-F-700046,370,164,206,1329,164,206,0.002947613403663733,7.41015707347814e-05,1.750200722149752e-05,0.018592030551228583,197
fru-F-700047,368,169,199,1316,169,199,0.000594215945055313,2.046592039695692e-06,2.4757285986194467e-05,0.018491533088789508,186
fru-F-700048,432,203,229,2570,203,229,0.0014570319646741024,2.8015291407765918e-05,3.9612432081492e-05,0.021707451886839858,206
fru-F-700049,523,143,380,2958,143,380,0.002174197033919324,9.201339253295431e-06,3.896071736362283e-05,0.0262800864278177,325
fru-F-700050,949,254,695,4845,254,695,0.0068077135552047936,2.5687238313202248e-05,4.969686286932558e-05,0.04768604592734033,352
fru-F-700051,622,158,464,2532,158,464,0.004175771731576973,1.3516982750519337e-05,3.320103738117194e-05,0.03125471081855183,301
fru-F-700052,474,360,114,3508,360,114,0.001101521823083693,8.454869929002766e-06,0.00037599026934420106,0.0238178985980604,149
fru-F-700053,630,207,423,2113,207,423,0.0023540037021182133,1.2682507895223452e-05,3.990516067314364e-05,0.03165670066830813,320
fru-F-700054,176,55,121,774,55,121,0.0005775593128425808,1.0824102900815746e-06,1.3694663631308982e-05,0.00884377669463846,167
fru-F-700055,158,96,62,487,96,62,0.00021808325533468164,1.8803376352540354e-07,1.7752181744489997e-05,0.0079392995326868,139
fru-F-700056,43,24,19,103,24,19,0.0001468859739367651,9.893227747342031e-08,1.0305370257376517e-05,0.0021606954424400783,42
fru-F-700057,102,72,30,459,72,30,0.0002759738508293895,1.8651271357210473e-07,3.360078470726466e-05,0.005125370584392744,97
fru-F-700058,182,147,35,878,147,35,0.0006297368870567626,4.262803631696236e-06,1.6131186419758687e-05,0.009145269081955681,174
fru-F-700059,186,112,74,865,112,74,0.0016177177900059308,5.281946504296476e-06,3.962181462160296e-05,0.009346264006833827,135
fru-F-700060,146,51,95,518,51,95,0.0005524221354420353,9.262161800499674e-07,1.0619171970011308e-05,0.007336314758052359,134
fru-F-700061,263,74,189,1047,74,189,0.00033608744497362234,2.635734492350949e-07,2.0844826922801134e-05,0.013215416310738155,179
fru-F-700062,304,84,220,801,84,220,0.0017204522773876076,6.567614724275489e-06,1.2661581539338909e-05,0.015275614290739158,159
fru-F-700063,338,36,302,1730,36,302,0.00042163192296285675,2.7021271063362658e-05,1.052695759375855e-05,0.016984071152203406,199
fru-F-700064,228,33,195,540,33,195,0.0005711535922001712,1.7747180018202884e-06,9.021182946388868e-06,0.01145671071805437,146
fru-F-700065,409,109,300,2013,109,300,0.006728248923363372,7.537387986199698e-06,1.4945787431793364e-05,0.02055173106879051,352
fru-F-700066,255,81,174,1144,81,174,0.0012073485373322902,1.3244649111136427e-06,1.560598732796492e-05,0.01281342646098186,195
fru-F-700067,846,62,784,8946,62,784,0.002195222940587879,8.914706094577049e-06,1.360312827523528e-05,0.042510426611728054,352
fru-F-700068,306,165,141,1472,165,141,0.002405871612469279,1.3788210928810548e-05,2.3403713951764055e-05,0.015376111753178233,231
fru-F-700069,354,183,171,1452,183,171,0.003920635863483965,6.18414540307677e-06,2.2530393075217462e-05,0.017788050851715993,209
fru-F-700070,92,45,47,214,45,47,0.00039831753447517644,8.309599224777826e-06,9.405673598834123e-06,0.004622883272197377,90
fru-F-700071,435,282,153,2747,282,153,0.002467275383018836,2.3949532941333348e-05,5.557079392125093e-05,0.021858198080498468,231
fru-F-700072,321,125,196,916,125,196,0.0019591295020186927,2.6977269921138036e-06,2.244979855797652e-05,0.016129842721471284,208
fru-F-700074,271,268,3,707,268,3,0.0037587587504578756,1.5968391503309447e-05,3.883653224852663e-05,0.013617406160494448,156
fru-F-700075,83,43,40,657,43,40,0.00036867805374597116,1.3240939718059754e-06,1.6492671152994116e-05,0.004170644691221546,73
fru-F-700076,54,52,2,132,52,2,0.00026820820997792614,8.634420661441323e-08,1.4767071546852044e-05,0.002713431485854982,51
fru-F-700077,49,47,2,176,47,2,0.00013666817806765855,2.1578302726227016e-07,1.7416986243915905e-05,0.0024621878297572987,48
fru-F-700078,267,209,58,1815,209,58,0.0021299080830358107,8.635927272625688e-05,3.772948506735977e-05,0.0134164112356163,211
fru-F-700079,68,62,6,264,62,6,0.0004050000584994019,6.38875997969073e-06,1.0300655929721088e-05,0.003416913722928496,68
fru-F-700080,310,107,203,1835,107,203,0.0011945764007465925,2.6057899728443785e-05,4.1046906905766596e-05,0.015577106678056379,198
fru-F-700081,295,153,142,1308,153,142,0.0022052516741815466,7.90247774995103e-06,2.511878337376303e-05,0.014823375709763328,184
fru-F-700082,258,74,184,925,74,184,0.0004238552496755217,1.0521350283279039e-06,2.1922595936552538e-05,0.01296417265464047,186
fru-F-700083,138,75,63,439,75,63,0.0006106915662492182,1.834985656170905e-05,1.1181605753497167e-05,0.0069343249082960655,135
fru-F-700084,321,50,271,1326,50,271,0.0004048679366090744,1.3330424777979487e-07,1.0586581297888195e-05,0.016129842721471284,201
fru-F-700085,114,50,64,825,50,64,0.0006999831945121092,1.274820177299972e-06,1.1939004060764844e-05,0.005728355359027185,101
fru-F-700086,151,123,28,398,123,28,0.00034220739669200013,2.6755342334715557e-07,2.0250522052628968e-05,0.007587558414150043,128
fru-F-700087,351,182,169,1568,182,169,0.0021023000513415557,7.533962694656814e-06,2.4763264046465234e-05,0.017637304658057382,231
fru-F-700088,161,143,18,401,143,18,0.003265466122964234,1.942523962349841e-05,1.605548857740307e-05,0.00809004572634541,131
fru-F-700089,134,86,48,870,86,48,0.00038098038990479216,6.759063016685679e-07,3.6293648925447116e-05,0.006733329983417919,104
fru-F-700090,127,56,71,505,56,71,0.0002509324848441555,4.6682258082076924e-07,1.53080928855694e-05,0.006381588864881162,100
fru-F-700091,386,87,299,1636,87,299,0.0027010624745799692,6.500365132780658e-06,1.5882706744452876e-05,0.01939601025074117,200
fru-F-700092,158,125,33,806,125,33,0.0005678085625240796,1.2106112290930481e-06,3.020668610027864e-05,0.0079392995326868,122
fru-F-700093,372,119,253,1626,119,253,0.0040637668607810306,3.236000178271317e-05,1.3996593445813193e-05,0.018692528013667654,206
fru-F-700094,370,225,145,2353,225,145,0.0015440740737730561,7.073792514439822e-05,4.132816272505341e-05,0.018592030551228583,183
fru-F-700095,265,69,196,861,69,196,0.0007299195558830153,1.0957032184468658e-06,1.605660362882239e-05,0.013315913773177228,196
fru-F-700096,363,166,197,1436,166,197,0.0017733287915380484,5.439199383838431e-06,3.9751450621863106e-05,0.018240289432691823,208
fru-F-700097,690,550,140,3301,550,140,0.017591652347367464,3.162765328058172e-05,4.906568115723686e-05,0.03467162454148033,352
fru-F-700098,129,92,37,395,92,37,0.0011025840213447578,7.004638791528071e-06,1.2591583981434016e-05,0.006482086327320235,122
fru-F-700099,441,100,341,2368,100,341,0.0008863803962518453,1.2257269928221198e-05,1.5099294734853513e-05,0.022159690467815688,209
fru-F-700101,404,38,366,1791,38,366,0.0008773994480446536,1.208857749068515e-05,1.0946057875883873e-05,0.02030048741269283,209
fru-F-700102,317,9,308,2271,9,308,0.0006157321431256844,1.6783175523919364e-07,7.971509978771081e-06,0.015928847796593135,306
fru-F-700103,207,48,159,700,48,159,0.00043121286903707065,1.4491067083519195e-06,1.1752695063295546e-05,0.010401487362444098,156
fru-F-700104,379,16,363,1764,16,363,0.00016667830512971288,3.24425482155139e-07,7.925274941774212e-06,0.019044269132204413,191
fru-F-700105,118,102,16,334,102,16,0.0008736440323632991,6.308736772447125e-07,1.2868453617260556e-05,0.0059293502839053314,112
fru-F-700107,188,156,32,933,156,32,0.0016533973144758048,1.8285409963632132e-05,2.0006516173275974e-05,0.009446761469272901,177
fru-F-700108,205,123,82,782,123,82,0.0006594004306134163,7.823901515846725e-06,1.6666265118513815e-05,0.010300989900005025,142
fru-F-700109,51,31,20,179,31,20,0.00011026193954803745,1.6821016388543547e-07,1.1982797537836887e-05,0.002562685292196372,51
fru-F-700110,275,151,124,1221,151,124,0.0013357375549970846,0.00012201819134354108,4.732736249121264e-05,0.013818401085372594,210
fru-F-700111,149,46,103,869,46,103,0.00017959713960580249,3.8580213167577615e-07,1.9601522456302323e-05,0.007487060951710969,106
fru-F-700112,176,92,84,625,92,84,0.0009407751878720986,9.02476597641201e-07,2.341399698656751e-05,0.00884377669463846,163
fru-F-700113,130,120,10,557,120,10,0.0009473738195414518,2.0311961405297587e-06,4.546309000851921e-05,0.006532335058539772,105
fru-F-700114,325,65,260,1151,65,260,0.0009938239456312363,1.1901520801284172e-05,1.089809067990211e-05,0.01633083764634943,190
fru-F-700115,141,83,58,598,83,58,0.0008503709322241074,2.1612673760202976e-06,1.642671581595067e-05,0.007085071101954676,140
fru-F-700116,242,76,166,1008,76,166,0.0006024590091802549,6.100901000337487e-07,1.74305428811914e-05,0.012160192955127883,188
fru-F-700117,119,56,63,438,56,63,0.00045650455398021244,4.2856730036150525e-06,1.0451696349872384e-05,0.005979599015124868,92
fru-F-700118,313,121,192,1663,121,192,0.0024344008114511534,3.2466134862102535e-06,1.8043165411029478e-05,0.01572785287171499,202
fru-F-700119,322,284,38,1710,284,38,0.0011620381344758298,4.9677491060809034e-06,4.511820593030993e-05,0.01618009145269082,197
fru-F-700120,236,83,153,1281,83,153,0.0008290024157053352,1.4393389409373567e-06,1.776510242553244e-05,0.011858700567810663,189
fru-F-700121,163,145,18,594,145,18,0.002406281214658001,1.7785741020187587e-05,2.0563320088320195e-05,0.008190543188784483,142
fru-F-700122,44,2,42,95,2,42,1.7613859032788282e-06,2.0553876415047486e-10,7.5725404622834566e-06,0.002210944173659615,44
fru-F-700123,361,164,197,1487,164,197,0.0005308319919796711,1.1613954535745098e-06,2.8909097650034194e-05,0.018139791970252752,186
fru-F-700124,1048,407,641,6446,407,641,0.011939522045568404,1.6900592229210423e-05,3.9645583841935576e-05,0.05266067031807447,352
fru-F-700125,357,126,231,2210,126,231,0.0005807516027024034,1.8132565114345999e-06,2.224526231776867e-05,0.017938797045374603,181
fru-F-700126,258,78,180,1167,78,180,0.0009422369736492328,2.24399675637054e-06,1.5539386591401644e-05,0.01296417265464047,201
fru-F-700127,444,252,192,3031,252,192,0.0036624099054283783,8.183241170276045e-06,5.639477295529723e-05,0.0223104366614743,209
fru-F-700129,401,105,296,2250,105,296,0.0011814849866014663,1.0285047787435258e-05,6.884417785492025e-05,0.02014974121903422,205
fru-F-700131,928,293,635,9070,293,635,0.005213012408361676,9.347616089519457e-05,0.00015537580052253934,0.04663082257173006,349
fru-F-700132,1514,517,997,10757,517,997,0.007163077307522907,0.0030853015232582175,0.00011477854365047462,0.07607657906637857,344
fru-F-700133,660,186,474,2866,186,474,0.0022626443236979914,1.652119901279686e-05,3.281137508305059e-05,0.03316416260489423,222
fru-F-700134,424,209,215,1726,209,215,0.004202337765508419,8.121742855778382e-06,3.0303155423618e-05,0.021305462037083563,223
fru-F-700135,154,97,57,620,97,57,0.0004407248249000609,7.929536510935615e-07,1.9865402136560312e-05,0.007738304607808653,136
fru-F-700137,91,79,12,494,79,12,0.00019663079185203817,2.1952920777310893e-07,3.8026714434593196e-05,0.0045726345409778405,72
fru-F-700138,300,203,97,1754,203,97,0.0007235997557437954,2.3482066754229337e-06,4.9824159797614264e-05,0.015074619365861013,181
fru-F-700139,530,403,127,8930,403,127,0.008904216650825626,0.00017556548287976574,0.00017226793443635152,0.026631827546354455,318
fru-F-700140,218,81,137,733,81,137,0.0012651581302270392,2.0264617126386476e-06,1.247671504328067e-05,0.010954223405859002,186
fru-F-700141,286,66,220,1692,66,220,0.0002368517571727951,3.0400857676676604e-07,4.948628282237066e-05,0.014371137128787499,195
fru-F-700143,1017,364,653,5345,364,653,0.0060195635348335745,2.950358823639386e-05,9.878068106910197e-05,0.05110295965026883,326
fru-F-700144,58,33,25,134,33,25,0.00020617023004939304,4.649034585407157e-06,8.705362024071134e-06,0.002914426410733129,58
fru-F-700145,131,67,64,375,67,64,0.00025525870764892916,6.050309260870327e-07,1.1037305842058344e-05,0.006582583789759309,123
fru-F-700147,625,309,316,2820,309,316,0.0058551054492088205,5.288435643835696e-05,3.754937602979458e-05,0.03140545701221044,331
fru-F-700148,314,250,64,1562,250,64,0.005920015687822644,0.00010184204190874825,4.285377629429339e-05,0.015778101602934524,229
fru-F-700149,195,98,97,598,98,97,0.001150157456244314,1.6266474661856754e-06,1.51344574427093e-05,0.009798502587809657,151
fru-F-700150,233,98,135,1821,98,135,0.0005996822413221148,2.2554393437005167e-06,1.7158818176848297e-05,0.011707954374152053,210
fru-F-700151,464,46,418,2804,46,418,0.0005245155322710628,1.1617600659537772e-06,1.069989512064158e-05,0.02331541128586503,249
fru-F-700152,173,165,8,470,165,8,0.0016886177105776227,5.77349267275299e-06,2.922110316627466e-05,0.00869303050097985,131
fru-F-700153,397,233,164,1843,233,164,0.0030769913762934867,2.0307798355906514e-05,4.263292633511081e-05,0.01994874629415607,209
fru-F-700154,87,50,37,224,50,37,0.0002446086115027297,1.4203380554205278e-06,8.804973402848372e-06,0.004371639616099694,85
fru-F-700155,227,137,90,857,137,90,0.0010663378608352706,1.1358060128906706e-05,1.779992809570691e-05,0.011406461986834832,167
fru-F-700156,91,34,57,473,34,57,7.351839399454647e-05,6.788877326695211e-08,1.8718851088555415e-05,0.0045726345409778405,71
fru-F-700157,201,79,122,1210,79,122,0.0008244569621187359,1.4967456875190495e-06,3.576241695499418e-05,0.010099994975126878,115
fru-F-700158,177,149,28,1258,149,28,0.0003621834895896428,1.0582409766562327e-06,0.00012127713404946418,0.008894025425857996,109
fru-F-700159,224,116,108,2081,116,108,0.00030358703346690646,1.475297077996122e-06,5.7488782991223205e-05,0.011255715793176222,121
fru-F-700160,329,115,214,1653,115,214,0.0013496135164898755,1.9363396590214752e-06,1.7584705031371757e-05,0.016531832571227575,201
fru-F-700161,309,90,219,1520,90,219,0.0009847680525290263,8.53135757371916e-05,1.5326417099944822e-05,0.015526857946836843,202
fru-F-700162,243,74,169,1485,74,169,0.0009740501329644772,2.1926261808979406e-06,1.856882031501881e-05,0.01221044168634742,173
fru-F-700163,487,256,231,1926,256,231,0.008684834693119318,5.529373383011844e-05,4.538720696085678e-05,0.024471132103914377,236
fru-F-700164,209,65,144,1031,65,144,0.0009038598924745933,1.9920002095357555e-06,1.5258513864970085e-05,0.010501984824883171,145
fru-F-700165,330,241,89,2087,241,89,0.0012806820287453728,1.9745345401527964e-05,2.7755215582560858e-05,0.016582081302447114,205
fru-F-700166,298,84,214,1410,84,214,0.0011359854544993068,2.064550416500136e-06,1.6239315350289503e-05,0.014974121903421938,201
fru-F-700167,478,227,251,2592,227,251,0.0035074517635001363,0.00012201867395496066,2.9897269743760215e-05,0.024018893522938546,310
fru-F-700168,188,165,23,577,165,23,0.0009277751295304844,6.560485395350513e-06,4.569883223559325e-05,0.009446761469272901,130
fru-F-700169,51,40,11,188,40,11,0.00032084498851713835,7.058644294623715e-07,2.3175065992558065e-05,0.002562685292196372,50
fru-F-700170,182,85,97,978,85,97,0.0003331633042115473,7.043736424814707e-07,4.4838053483949806e-05,0.009145269081955681,124
fru-F-700171,316,294,22,2673,294,22,0.0005745157293778556,3.873078430996224e-06,0.000278687926893788,0.0158785990653736,121
fru-F-700172,371,214,157,2074,214,157,0.002464454466558847,3.446261402278502e-05,2.9028244607528345e-05,0.018642279282448118,231
fru-F-700173,545,395,150,3614,395,150,0.011958412424009985,1.2541579927949098e-05,3.30161029682165e-05,0.027385558514647506,352
fru-F-700174,249,49,200,1869,49,200,0.0004886450270344142,1.136633476302023e-05,2.765464348795524e-05,0.01251193407366464,206
fru-F-700175,170,124,46,1012,124,46,0.0013312706417529724,1.2460554440451411e-05,2.202062231564048e-05,0.00854228430732124,164
fru-F-700176,403,241,162,3098,241,162,0.0016500702541927589,6.760281668624684e-05,6.039262111922479e-05,0.02025023868147329,186
fru-F-700177,270,146,124,1728,146,124,0.0002456400075587068,3.8009785695910867e-07,0.00011017549367813755,0.01356715742927491,109
fru-F-700178,49,13,36,241,13,36,0.00012237110573818882,1.2679321889882482e-07,8.086725934865244e-06,0.0024621878297572987,49
fru-F-700179,125,59,66,696,59,66,0.0005816165271395565,4.947702108753812e-07,1.9908410080806938e-05,0.006281091402442088,99
fru-F-700180,259,98,161,1561,98,161,0.0005420868769054655,1.782069101133199e-06,1.5196099049316429e-05,0.013014421385860007,211
fru-F-700181,685,96,589,3730,96,589,0.0022389993653012573,7.140674746384601e-06,1.7269365704101896e-05,0.03442038088538264,352
fru-F-700182,940,99,841,5831,99,841,0.002366884012523191,2.11977123147989e-06,1.311631480432908e-05,0.0472338073463645,352
fru-F-700183,65,43,22,199,43,22,0.00016800746320218515,1.9496710418216485e-07,9.1323598812967e-06,0.003266167529269886,65
fru-F-700184,936,776,160,10594,776,160,0.019559102339749845,3.638803099458519e-05,0.00012086565896654783,0.04703281242148636,352
fru-F-700185,101,49,52,1213,49,52,0.0006016972502734402,2.3522844518705863e-06,2.2311024739175464e-05,0.005075121853173208,87
fru-F-700186,339,199,140,2334,199,140,0.002231029340773319,8.784501059096179e-06,4.5632638531336915e-05,0.017034319883422945,205
fru-F-700187,308,220,88,2050,220,88,0.0015986360787796554,5.977058531975296e-06,4.0741474059395575e-05,0.015476609215617306,211
fru-F-700188,112,41,71,1083,41,71,0.00036193780380001494,1.304925511365516e-06,1.548404063143372e-05,0.005627857896588111,93
fru-F-700189,108,52,56,792,52,56,0.0004703655934094485,1.4918559444163166e-06,1.4107044538252918e-05,0.005426862971709964,87
fru-F-700190,244,177,67,1029,177,67,0.0009390447102955433,4.496128346737112e-06,3.327116319940478e-05,0.012260690417566956,181
fru-F-700191,436,132,304,4158,132,304,0.0008370873042587954,4.914917783721581e-06,2.9934513785803414e-05,0.021908446811718003,231
fru-F-700192,946,776,170,11098,776,170,0.02020994311121307,3.436667309707177e-05,0.00012955168418836305,0.04753529973368172,352
fru-F-700193,482,119,363,2793,119,363,0.0005346988166135272,1.783804970890637e-06,2.1754497336326458e-05,0.024219888447816692,186
fru-F-700194,104,64,40,282,64,40,0.0015579394672735017,1.0545437127607852e-05,1.1565355108521935e-05,0.005225868046831818,104
fru-F-700195,398,163,235,2029,163,235,0.002840131849968333,2.5582243609455352e-05,3.529877518205305e-05,0.01999899502537561,209
fru-F-700196,436,288,148,3729,288,148,0.0018927519734242022,9.210430900762386e-05,6.135280132048106e-05,0.021908446811718003,186
fru-F-700197,348,238,110,3251,238,110,0.0014978688137686801,9.000581846924894e-05,5.405714774812655e-05,0.017486558464398776,183
fru-F-700198,891,696,195,6222,696,195,0.018383711701623184,2.3793547649931284e-05,7.176586716656665e-05,0.04477161951660721,352
fru-F-700199,112,62,50,536,62,50,0.00023209896183659559,3.157343197897552e-07,1.2421995587661185e-05,0.005627857896588111,100
fru-F-700200,477,210,267,3132,210,267,0.00868770787836554,1.5264873446101994e-05,4.172951895574456e-05,0.02396864479171901,255
fru-F-700201,341,163,178,1979,163,178,0.002033652787582295,6.594664422536242e-06,5.66636521921399e-05,0.017134817345862016,220
fru-F-700202,417,245,172,2156,245,172,0.002712315847446152,0.0001202270853832064,5.336090145929456e-05,0.020953720918546807,231
fru-F-700203,780,418,362,10053,418,362,0.006280612661074727,0.0001752230107183633,0.00016694218253307937,0.03919401035123863,331
fru-F-700204,199,146,53,1676,146,53,0.00047735437551186903,6.499042399850665e-06,0.00012489599495765219,0.009999497512687805,90
fru-F-700205,505,160,345,1766,160,345,0.0014965654583239726,2.3866262991580216e-06,3.9593543263162183e-05,0.025375609265866038,269
fru-F-700206,120,59,61,785,59,61,0.0005904078986385608,1.3270247941891307e-06,1.2206718809371801e-05,0.006029847746344405,101
fru-F-700207,537,145,392,2568,145,392,0.0034702190705305455,2.8037443206545858e-05,2.1855824392727064e-05,0.02698356866489121,318
fru-F-700208,402,228,174,1599,228,174,0.0028677556654382245,7.845799959628774e-06,2.783285382780659e-05,0.020199989950253756,209
fru-F-700209,139,50,89,450,50,89,0.0003654867746368597,9.673313253467838e-06,1.0085895103523204e-05,0.006984573639515602,137
fru-F-700210,231,119,112,950,119,112,0.0006008482952370046,1.6391304442808088e-06,2.075551869714354e-05,0.01160745691171298,172
fru-F-700212,232,117,115,1039,117,115,0.0012066835037342568,1.1655694678181513e-05,2.181244957601723e-05,0.011657705642932515,177
fru-F-700213,409,173,236,3272,173,236,0.0016934825902599577,3.9867533737196384e-05,3.324441052661955e-05,0.02055173106879051,231
fru-F-700214,320,154,166,1322,154,166,0.0009816286697046498,9.14299155029819e-06,2.2395846763545642e-05,0.016079593990251745,186
fru-F-700216,158,72,86,481,72,86,0.0008714224069993106,4.9284539637468e-06,1.115130958307054e-05,0.0079392995326868,142
fru-F-700217,140,88,52,570,88,52,0.0013484373758039726,4.6615481501498864e-06,1.4448448900069099e-05,0.007034822370735139,133
fru-F-700218,100,24,76,1061,24,76,4.678232914719387e-05,2.9143276392951796e-08,1.4779027034205983e-05,0.00502487312195367,89
fru-F-700220,325,56,269,2275,56,269,0.003852861957331664,1.2146111343188329e-06,1.0458900366337463e-05,0.01633083764634943,315
fru-F-700221,68,55,13,276,55,13,0.00041464710220103624,3.9628328533313425e-07,2.4801122405328e-05,0.003416913722928496,65
fru-F-700222,466,160,306,2911,160,306,0.006568695150425868,1.5592643509006413e-05,3.2946601056524504e-05,0.023415908748304105,255
fru-F-700223,333,183,150,1536,183,150,0.002580415006903046,6.7471542428390024e-06,2.7543534705276886e-05,0.016732827496105725,205
fru-F-700224,934,575,359,14196,575,359,0.008644321644102403,0.0003217392892734559,0.0002447212470559872,0.04693231495904728,331
fru-F-700225,388,113,275,1917,113,275,0.0007778662993525985,1.532142469351884e-06,2.9142667338246993e-05,0.019496507713180244,206
fru-F-700226,809,622,187,5749,622,187,0.014693384115853303,3.636232513737466e-05,6.379713822311537e-05,0.04065122355660519,352
fru-F-700227,380,145,235,1693,145,235,0.0024108606692905096,4.879531864860229e-06,2.2463096340410538e-05,0.01909451786342395,209
fru-F-700228,301,94,207,1679,94,207,0.0007323428089750573,3.125378374502561e-06,3.38058288281862e-05,0.015124868097080548,196
fru-F-700229,54,35,19,281,35,19,0.00028398040631367403,2.0097581997807209e-07,1.7810950537890187e-05,0.002713431485854982,52
fru-F-700230,724,74,650,4749,74,650,0.002220956369483013,2.6456369395922005e-06,1.1094634834914691e-05,0.036380081402944575,352
fru-F-700231,890,425,465,13758,425,465,0.006753517518479985,0.0002182458791209132,0.00019130145896251906,0.04472137078538767,331
fru-F-700232,78,63,15,241,63,15,0.0006811962641392438,4.302246324753967e-06,1.839238665521601e-05,0.003919401035123863,71
fru-F-700233,109,62,47,509,62,47,0.0007605377077942534,2.4825033202245693e-06,2.186524573168243e-05,0.005477111702929501,87
fru-F-700235,309,137,172,1204,137,172,0.0008167366813757655,2.978402175884269e-06,2.4109837274757354e-05,0.015526857946836843,185
fru-F-700238,378,199,179,2055,199,179,0.003082529354826266,1.3650924039124944e-05,3.669482400730649e-05,0.018994020400984874,245
fru-F-700239,195,99,96,974,99,96,0.0004792392993452312,2.517324394493757e-06,1.1672306815970866e-05,0.009798502587809657,190
fru-F-700240,321,226,95,2450,226,95,0.004981215366374464,1.6665798483381808e-05,7.312492601905972e-05,0.016129842721471284,219
fru-F-700241,801,150,651,3777,150,651,0.0034408933461878353,1.123943593245506e-05,1.994467345932426e-05,0.0402492337068489,352
fru-F-700242,769,365,404,6091,365,404,0.004161874408752592,7.336212248004818e-05,0.00021371944337348505,0.03864127430782373,325
fru-F-700243,78,59,19,319,59,19,0.00043024859828784444,1.29393081656422e-06,2.5887096362231564e-05,0.003919401035123863,71
fru-F-700244,365,96,269,1452,96,269,0.001403264814891218,1.1557191604618486e-05,1.1939462117888344e-05,0.018340786895130898,211
fru-F-700245,369,88,281,1265,88,281,0.0012257993129899494,2.3313746436037077e-05,1.2209858343705104e-05,0.018541781820009044,197
fru-F-700246,1287,276,1011,9169,276,1011,0.004417115846843396,8.663683038380129e-05,0.00010012136552516185,0.06467011707954375,352
fru-F-700247,298,43,255,1359,43,255,0.0008215836478975853,8.75684515952261e-06,9.819801435829622e-06,0.014974121903421938,170
fru-F-700248,303,281,22,2142,281,22,0.001514186816844808,2.314519732194104e-05,5.452887457552199e-05,0.015225365559519623,186
fru-F-700249,692,131,561,2979,131,561,0.00286363184431607,5.1984671478716755e-06,2.578036700682525e-05,0.0347721220039194,329
fru-F-700250,132,91,41,412,91,41,0.0009954389311526235,8.901823674355013e-07,1.1928454581757038e-05,0.006632832520978845,129
fru-F-700251,380,20,360,2048,20,360,0.0001647142491364916,2.474945934330052e-07,1.2026347948305439e-05,0.01909451786342395,240
fru-F-700253,715,398,317,5169,398,317,0.011953085146774945,4.3127997416097884e-05,6.669853423037857e-05,0.035927842821968745,352
fru-F-700254,409,81,328,2754,81,328,0.0050780370214181525,2.0789116301779546e-06,1.2486076730610315e-05,0.02055173106879051,352
fru-F-700255,86,48,38,397,48,38,0.0002066832675465491,3.0788283105736555e-07,1.1135849477336795e-05,0.004321390884880157,83
fru-F-700256,117,84,33,487,84,33,0.0004059346430023629,2.4041237013388063e-06,1.4200950232470254e-05,0.005879101552685795,96
fru-F-700257,497,145,352,2225,145,352,0.004587360502085264,1.8266863984470133e-05,1.8253206997260864e-05,0.024973619416109743,230
fru-F-700258,578,173,405,3716,173,405,0.0012381762321423582,1.2872426770118475e-05,3.3220970390459485e-05,0.029043766644892218,205
fru-F-700259,135,68,67,968,68,67,0.0009366771490830467,1.8849414556350167e-06,1.579865328606778e-05,0.006783578714637455,104
fru-F-700261,384,27,357,2870,27,357,0.001759913194761289,4.337030411855193e-07,8.621639408569883e-06,0.019295512788302095,349
fru-F-700262,558,104,454,4020,104,454,0.000798133637701528,8.645541638085202e-06,2.5577295422052797e-05,0.028038792020501482,202
fru-F-700263,342,194,148,3511,194,148,0.00051637902003483,3.1007227555745982e-06,0.00016085633787705773,0.017185066077081555,131
fru-F-700264,453,139,314,2432,139,314,0.001605877360022942,5.2923103222638415e-06,2.9944045202168482e-05,0.02276267524245013,237
fru-F-700265,85,58,27,378,58,27,0.00018384272704484323,3.5269138241260997e-07,2.0197076530700678e-05,0.00427114215366062,78
fru-F-700266,146,105,41,489,105,41,0.0005978297795426743,2.510633098076168e-06,1.3588854358589337e-05,0.007336314758052359,123
fru-F-700267,1459,126,1333,15346,126,1333,0.0016951812942150085,7.450434020491698e-06,3.983610969334299e-05,0.07331289884930406,352
fru-F-700268,546,385,161,3120,385,161,0.013079905650101467,2.675322656875148e-05,4.020599181738813e-05,0.02743580724586704,352
fru-F-700270,556,147,409,2349,147,409,0.0030899241913651446,1.929309487746778e-05,3.3178137859900714e-05,0.027938294558062408,328
fru-F-700272,544,361,183,3155,361,183,0.006732665931553558,6.032314542108612e-05,0.00015907934719854263,0.027335309783427967,295
fru-F-700274,88,44,44,728,44,44,0.0003735005706427472,1.3781033430443487e-06,1.7492631060729895e-05,0.00442188834731923,81
fru-F-700275,187,115,72,835,115,72,0.00065132639607636,1.1353364142000983e-05,1.6055498446776256e-05,0.009396512738053364,142
fru-F-700276,78,50,28,508,50,28,0.00023085867652983431,3.157976250518646e-07,1.8046614283433707e-05,0.003919401035123863,66
fru-F-700277,268,241,27,1446,241,27,0.0025291604806135623,6.454854238140755e-05,8.435303119105377e-05,0.013466659966835838,206
fru-F-700278,345,25,320,1467,25,320,0.00016176922721285026,1.829372497247192e-07,9.157355378871197e-06,0.017335812270740165,186
fru-F-700279,395,154,241,1590,154,241,0.00043196906880887763,1.2670755869406323e-06,2.3986283191355816e-05,0.019848248831717,183
fru-F-700280,608,211,397,2476,211,397,0.0039330098549212236,0.0006120394985412613,2.332373648716146e-05,0.030551228581478317,324
fru-F-700281,503,350,153,3310,350,153,0.010592210349092373,2.3827155826891904e-05,3.814081766477632e-05,0.025275111803426963,352
fru-F-700282,284,225,59,1607,225,59,0.0028246014521860863,0.0003853111002282326,8.029219176445448e-05,0.014270639666348424,205
fru-F-700283,260,178,82,1246,178,82,0.0008038726912519235,3.0596631736392696e-06,3.198888955783758e-05,0.013064670117079544,181
fru-F-700284,407,203,204,2399,203,204,0.002824841295919394,3.2070052718746828e-06,3.262472078228638e-05,0.02045123360635144,209
fru-F-700286,310,154,156,1519,154,156,0.0008771776414414199,2.7049170171034307e-06,3.4113403633496855e-05,0.015577106678056379,183
fru-F-700287,355,123,232,1853,123,232,0.0013361435452024127,2.216876905562452e-06,2.8083678459298167e-05,0.01783829958293553,202
fru-F-700288,239,24,215,1326,24,215,0.00014075072429594818,4.4899253970759216e-07,9.708230821594003e-06,0.012009446761469273,164
fru-F-700289,204,87,117,755,87,117,0.00260649851958481,3.1850795738983235e-06,1.3552318316281538e-05,0.010250741168785488,171
fru-F-700290,80,74,6,449,74,6,0.0003520136572821225,2.945890669558869e-06,2.3343785146631897e-05,0.004019898497562936,76
fru-F-700291,283,131,152,1697,131,152,0.0004389901380783532,1.34464840801853e-06,5.462907110916826e-05,0.014220390935128889,125
fru-F-800000,80,25,55,283,25,55,5.878385719238643e-05,5.1057679770677506e-08,1.4102649388528409e-05,0.004019898497562936,73
fru-F-800002,221,109,112,891,109,112,0.0005080588667466136,1.7619671230078851e-06,1.4621093991433827e-05,0.011104969599517612,179
fru-F-800003,442,239,203,2359,239,203,0.0010736402545423436,7.693187158572866e-06,4.403787770624899e-05,0.022209939199035224,186
fru-F-800004,458,76,382,2466,76,382,0.002050409019565196,0.00012610776254630708,1.5480922215495786e-05,0.02301391889854781,331
fru-F-800005,283,6,277,1200,6,277,3.529728611164328e-05,2.812321317174504e-08,8.546503065245686e-06,0.014220390935128889,186
fru-F-800006,99,34,65,256,34,65,0.0001845172669413274,4.660722403125406e-06,8.680241378764522e-06,0.004974624390734134,98
fru-F-800007,87,74,13,203,74,13,0.0007570308917897536,1.208583168315512e-06,1.1504071896584086e-05,0.004371639616099694,85
fru-F-800008,65,47,18,187,47,18,0.00022609823326005658,2.672338007532558e-07,9.533812023246548e-06,0.003266167529269886,65
fru-F-800009,202,111,91,1616,111,91,0.0002676644850076128,1.940013690263672e-06,6.001211181982292e-05,0.010150243706346415,121
fru-F-800010,109,47,62,754,47,62,0.000384821426978591,1.4762703368500496e-06,1.6718631378336537e-05,0.005477111702929501,93
fru-F-800011,287,137,150,1852,137,150,0.0003960195476131017,2.140168283161169e-06,9.64567037747563e-05,0.014421385860007034,168
fru-F-800012,62,43,19,121,43,19,0.00035741369203088214,1.243799186286008e-07,8.20473766110548e-06,0.003115421335611276,62
fru-F-800013,92,41,51,328,41,51,0.0002540042546671471,3.316813368533783e-06,9.598920485327553e-06,0.004622883272197377,91
fru-F-800014,144,140,4,490,140,4,0.0010799001286887569,1.0835903832307731e-06,1.7433713433663672e-05,0.007235817295613286,123
fru-F-800015,109,51,58,750,51,58,0.0006599318856519319,1.5708510135615042e-06,1.7195327111973576e-05,0.005477111702929501,94
fru-F-800016,75,47,28,410,47,28,0.00025079044307672025,1.2094621093290418e-05,1.0276740104890252e-05,0.003768654841465253,75
fru-F-800017,478,379,99,2287,379,99,0.006164976431268419,2.3465555191385276e-05,0.00011114343435924116,0.024018893522938546,233
fru-F-800018,364,158,206,2289,158,206,0.0015643694850061196,3.5351114310972977e-06,2.892620783642945e-05,0.018290538163911362,231
fru-F-800019,283,247,36,1642,247,36,0.0009831200456811742,7.05085202411942e-06,2.5913023376801814e-05,0.014220390935128889,210
fru-F-800020,589,295,294,3729,295,294,0.005854248718144136,4.541595395642039e-05,6.502332589181782e-05,0.02959650268830712,331
fru-F-800021,292,205,87,1531,205,87,0.0010457821408126483,4.7091765692838574e-06,4.868968625405358e-05,0.014672629516104718,186
fru-F-800022,230,19,211,675,19,211,0.00010311310799909883,3.6608018350128403e-07,8.293021432528066e-06,0.011557208180493442,139
fru-F-800023,1301,303,998,9913,303,998,0.004304046620609585,0.00011384542762127176,9.615267213230036e-05,0.06537359931661725,352
fru-F-800024,171,151,20,575,151,20,0.002589162467086145,6.85737647368649e-05,1.8513956733650634e-05,0.008592533038540778,143
fru-F-800025,57,40,17,194,40,17,0.0001292151852094287,2.551794462056278e-07,8.971951641304088e-06,0.0028641776795135924,57
fru-F-800026,506,283,223,2957,283,223,0.006744466692534576,6.535561841672271e-05,4.4347229021763394e-05,0.025425857997085573,309
fru-F-800027,1287,355,932,9134,355,932,0.007488217256407224,0.00011012176044453323,0.00011194530855363207,0.06467011707954375,352
fru-F-800028,387,217,170,2460,217,170,0.0033333768001701895,2.4998443715186938e-05,3.968932827441578e-05,0.019446258981960705,216
fru-F-800029,160,98,62,721,98,62,0.00023151108541293432,2.1689263086563915e-07,2.32386003253434e-05,0.008039796995125872,121
fru-F-800030,64,40,24,186,40,24,0.0001326035531644421,2.024177580216148e-07,1.3991110777389366e-05,0.0032159187980503492,63
fru-F-800031,348,129,219,1725,129,219,0.0006341833216333894,6.713136453328353e-06,1.63345524369144e-05,0.017486558464398776,205
fru-F-800032,214,72,142,754,72,142,0.0007006193601093307,9.668505365304037e-07,1.666825550214589e-05,0.010753228480980856,183
fru-F-800033,76,55,21,379,55,21,0.00041680318530026665,1.034965742003267e-06,2.5976367479845124e-05,0.0038189035726847896,69
fru-F-800034,53,40,13,133,40,13,0.00012758432046560225,4.261197904734109e-08,1.3010914101130116e-05,0.0026631827546354453,49
fru-F-800037,84,66,18,285,66,18,0.000772228616616368,4.325991476170774e-06,2.1243816601326885e-05,0.004220893422441084,81
fru-F-800038,74,25,49,216,25,49,8.461471654982285e-05,1.3560695460242891e-07,8.638396067717288e-06,0.0037184061102457163,74
fru-F-800039,369,223,146,1566,223,146,0.0035179864788248438,5.2937787237917065e-06,3.158879217863985e-05,0.018541781820009044,209
fru-F-800040,397,236,161,2250,236,161,0.00099755786458915,5.965488205983047e-06,2.855934878966651e-05,0.01994874629415607,211
fru-F-800042,345,145,200,1222,145,200,0.0012622784597243802,3.054317252687689e-06,4.6945520545643745e-05,0.017335812270740165,193
fru-F-800043,414,75,339,2282,75,339,0.0015334755652786209,1.79578072207751e-06,1.321790522251803e-05,0.020802974724888196,205
fru-F-800044,1111,357,754,7016,357,754,0.0006419867158992795,4.451097575788094e-06,0.00040524827268370155,0.05582634038490528,332
fru-F-800046,14,3,11,29,3,11,1.301162834048273e-05,7.851947702448606e-09,7.63488445713763e-06,0.0007034822370735139,14
fru-F-800047,154,60,94,554,60,94,0.00025957365045249013,4.869155294310212e-07,1.496782390767788e-05,0.007738304607808653,133
fru-F-800048,445,305,140,3877,305,140,0.0040967990434183366,7.514365614519919e-05,9.197517553135917e-05,0.022360685392693834,246
fru-F-800049,400,151,249,3734,151,249,0.001444607355189505,3.7384611799969944e-06,3.3455615663586346e-05,0.02009949248781468,231
fru-F-800050,380,139,241,3509,139,241,0.001398356231146649,2.7759572163832273e-06,2.7562227275021043e-05,0.01909451786342395,231
fru-F-800051,192,104,88,1284,104,88,0.0002680984812613757,1.2900184425321418e-06,4.224951877115243e-05,0.009647756394151047,121
fru-F-800052,220,84,136,1465,84,136,0.001080929230190107,3.6814687864318656e-06,2.8333458782676896e-05,0.011054720868298076,121
fru-F-800053,71,46,25,242,46,25,0.00022177175797710117,1.8123473569719082e-07,1.0451791326912646e-05,0.003567659916587106,71
fru-F-800054,257,164,93,1211,164,93,0.0034491969075941395,4.747823955393592e-06,2.5321295070922693e-05,0.012913923923420934,228
fru-F-800055,109,20,89,960,20,89,9.065533092860835e-05,8.534617866795659e-08,1.127936691233854e-05,0.005477111702929501,97
fru-F-800056,99,50,49,406,50,49,0.0003466605309343455,3.635081293050085e-06,1.2575857534492537e-05,0.004974624390734134,89
fru-F-800057,79,34,45,308,34,45,0.0003627552985221678,3.8525440930758635e-07,2.0083132353300138e-05,0.0039696497663434,71
fru-F-800058,457,186,271,2353,186,271,0.0006539343779416622,3.4039913032660774e-06,4.057065315750927e-05,0.022963670167328275,186
fru-F-800059,413,213,200,2086,213,200,0.002727703083951506,6.57974093004824e-05,4.6808942841511614e-05,0.02075272599366866,231
fru-F-800060,277,143,134,2287,143,134,0.0002822580337671179,4.943074362223461e-07,0.0002298148445675409,0.013918898547811668,121
fru-F-800061,392,242,150,3400,242,150,0.001553441192767468,0.00011538072677506772,6.287967435552577e-05,0.01969750263805839,183
fru-F-800062,369,74,295,2227,74,295,0.0006583768987689341,4.4133913760336316e-05,2.6328040569046e-05,0.018541781820009044,218
fru-F-800064,154,85,69,1041,85,69,0.00023887442934797314,9.01819894039917e-07,3.529697334092307e-05,0.007738304607808653,121
fru-F-800065,96,51,45,575,51,45,0.00011311745358973787,2.1935357603674796e-07,1.86021692658467e-05,0.004823878197075524,80
fru-F-800066,260,128,132,1914,128,132,0.00040009197673338725,1.2612200657193772e-06,5.0290309136474416e-05,0.013064670117079544,118
fru-F-800067,175,68,107,789,68,107,0.0004957686274700539,3.24030846016328e-06,1.1181052039755043e-05,0.008793527963418923,141
fru-F-800068,395,167,228,2257,167,228,0.0024264348042511838,2.2993366974624044e-05,2.620170353420466e-05,0.019848248831717,214
fru-F-800069,593,419,174,2947,419,174,0.010149655538295468,1.5375140354071414e-05,3.0495618541938333e-05,0.029797497613185266,352
fru-F-800070,647,248,399,3659,248,399,0.006040382063699974,3.814712275534787e-06,1.8170757834065064e-05,0.03251092909904025,352
fru-F-800072,273,207,66,1947,207,66,0.0022486541696012156,1.1686190774535652e-05,3.484394778186338e-05,0.01371790362293352,216
fru-F-800073,360,54,306,1851,54,306,0.0005269854737444481,5.057177665946707e-06,1.9721813971254216e-05,0.018089543239033213,198
fru-F-800074,393,10,383,2647,10,383,0.0005126098235897469,1.3424783113833302e-07,7.730198776891593e-06,0.019747751369277925,347
fru-F-800075,272,106,166,1299,106,166,0.000621041024857822,2.805115078812987e-06,2.8146603014002255e-05,0.013667654891713983,186
fru-F-800076,240,155,85,1715,155,85,0.0010261545303638776,1.2229424995420427e-05,1.6212978676371494e-05,0.01205969549268881,205
fru-F-800078,223,26,197,1068,26,197,0.0002138367466787094,1.7858162553110058e-06,9.649491547696037e-06,0.011205467061956685,169
fru-F-800079,181,17,164,880,17,164,6.200425311414309e-05,3.73974735521169e-08,8.196082076628277e-06,0.009095020350736144,105
fru-F-800080,119,88,31,542,88,31,0.0008349144470287842,1.7025369511218444e-05,1.854029704359071e-05,0.005979599015124868,113
fru-F-800081,632,209,423,3500,209,423,0.003707312882778869,0.00011838434931507983,2.6684409121481492e-05,0.0317571981307472,348
fru-F-800082,1112,215,897,7396,215,897,0.0033184349179925764,3.5467356436914175e-05,9.188043602325127e-05,0.055876589116124815,352
fru-F-800083,264,117,147,1755,117,147,0.001651135158659836,6.328729145036512e-06,3.2821258172076934e-05,0.01326566504195769,141
fru-F-800084,613,181,432,3470,181,432,0.004163966759629919,3.4506987448364854e-05,2.42855531650345e-05,0.030802472237576,337
fru-F-800085,91,59,32,293,59,32,0.0004903717285603087,1.1092983666376124e-06,1.6444354191135545e-05,0.0045726345409778405,90
fru-F-800087,3,1,2,3,1,2,9.36760862095921e-07,1.0864269347295855e-10,7.55699872370833e-06,0.0001507461936586101,3
fru-F-800088,428,203,225,2216,203,225,0.0032499448806359746,6.224809540778561e-06,3.625043286999758e-05,0.021506456961961712,209
fru-F-800089,330,83,247,3063,83,247,0.001082834468801235,4.353762126537571e-06,4.195338846282413e-05,0.016582081302447114,158
fru-F-800090,557,340,217,7517,340,217,0.006093000751341981,0.00033897447095795137,0.00014928986687300983,0.027988543289281947,317
fru-F-800091,287,136,151,1309,136,151,0.001344646267745997,4.9470749415144706e-05,2.9741874164825557e-05,0.014421385860007034,205
fru-F-800092,351,84,267,1723,84,267,0.0006951529578332364,5.214655717361743e-07,1.3507500188871517e-05,0.017637304658057382,202
fru-F-800093,1242,484,758,7909,484,758,0.013641803794476057,0.00011543906136471588,9.768671141040525e-05,0.06240892417466459,295
fru-F-800094,2273,720,1553,12297,720,1553,0.012318383032590516,8.325599356414433e-05,0.0001346217148249156,0.11421536606200694,352
fru-F-800095,862,378,484,4529,378,484,0.007374421994362593,5.410095957547207e-06,2.927586320171837e-05,0.043314406311240644,352
fru-F-800096,333,40,293,1330,40,293,0.0006448870255003342,7.827675427216661e-07,1.767603298987783e-05,0.016732827496105725,261
fru-F-800097,421,108,313,2616,108,313,0.0012553228152746058,2.4491263601195308e-05,0.0001235788852669336,0.021154715843424952,234
fru-F-800098,282,7,275,1899,7,275,4.183941463197582e-05,6.120843634794792e-08,8.62887610781183e-06,0.014170142203909351,199
fru-F-800099,95,37,58,581,37,58,0.00040329531476609174,8.185039173222817e-07,1.2929234166310953e-05,0.004773629465855987,79
fru-F-800100,82,37,45,491,37,45,0.00040400073592082667,7.524765752502151e-07,1.3985146530157993e-05,0.00412039596000201,72
fru-F-800101,290,25,265,1493,25,265,0.002264516626386264,5.052372427147817e-07,8.798805500840429e-06,0.014572132053665645,274
fru-F-800102,233,65,168,1832,65,168,0.000822647709313494,1.1813860809977327e-06,2.159993175565183e-05,0.011707954374152053,121
fru-F-800103,460,296,164,3076,296,164,0.0034190517700111982,9.523235331185876e-05,5.973313642972939e-05,0.023114416360986885,232
fru-F-800104,1314,316,998,9682,316,998,0.0043138639239033395,0.00011719303131224421,0.00013484284922063238,0.06602683282247124,352
fru-F-800105,442,197,245,2141,197,245,0.003696712801372271,3.763496564139291e-05,4.9329946141856825e-05,0.022209939199035224,289
fru-F-900000,77,51,26,325,51,26,0.00018210061256970775,2.7665301388387835e-07,1.8252260710522443e-05,0.0038691523039043265,74
fru-F-900001,845,404,441,3870,404,441,0.007930441908738312,9.863539685726338e-05,4.9785523561234215e-05,0.042460177880508515,352
fru-F-900002,177,167,10,463,167,10,0.002838621962454474,2.020470205893844e-05,1.7396694591341266e-05,0.008894025425857996,131
fru-F-900003,190,27,163,498,27,163,6.979909083493356e-05,2.3820973781121278e-07,8.404357946595972e-06,0.009547258931711974,128
fru-F-900004,78,57,21,208,57,21,0.0011835330114943507,7.4305374539758705e-06,1.0914802803724418e-05,0.003919401035123863,78
fru-F-900005,792,583,209,2818,583,209,0.013093976760134858,4.791245143632341e-05,6.949260749479848e-05,0.03979699512587307,331
fru-F-900006,395,263,132,2610,263,132,0.003243563457925509,9.834312836654632e-06,4.462301761093985e-05,0.019848248831717,205
fru-F-900007,207,189,18,858,189,18,0.0010334056099961329,8.816825850555242e-06,3.768520897798322e-05,0.010401487362444098,173
fru-F-900008,511,300,211,2750,300,211,0.0015338140678832948,1.6826091527073668e-05,4.76385700125885e-05,0.02567710165318326,209
fru-F-900010,260,201,59,2004,201,59,0.0004700480658537541,3.771405384470813e-06,0.0001380823842028218,0.013064670117079544,109
fru-F-900011,12,5,7,20,5,7,4.4510674718482385e-05,4.6364819584391975e-07,7.723690545566143e-06,0.0006029847746344405,12
fru-F-900012,185,135,50,661,135,50,0.001661848761398878,1.0708528707153597e-05,1.6354981073627444e-05,0.009296015275614291,142
fru-F-900013,227,99,128,1204,99,128,0.000327833867436315,5.76536412161969e-07,3.2565388038649346e-05,0.011406461986834832,112
fru-F-900014,201,107,94,1847,107,94,0.00032121997995758586,2.2774919610602517e-06,5.0891205547588564e-05,0.010099994975126878,121
fru-F-900015,240,189,51,758,189,51,0.001287105710266049,1.3534722453771264e-05,5.241950756262209e-05,0.01205969549268881,145
fru-F-900016,235,131,104,736,131,104,0.001586501844906605,4.913338431222012e-06,1.3151147311213297e-05,0.011808451836591126,207
fru-F-900017,637,169,468,2485,169,468,0.0036691622787049186,9.104668254368567e-05,2.3193530794779047e-05,0.03200844178684488,331
fru-F-900018,45,42,3,187,42,3,0.00025813169552587695,6.562401534779112e-06,9.139271922157842e-06,0.0022611929048791516,45
fru-F-900019,153,98,55,1212,98,55,0.0003727563448660411,2.0254099777626733e-06,4.623103740815504e-05,0.0076880558765891165,108
fru-F-900020,644,230,414,3591,230,414,0.004577413958564124,2.655055390224697e-05,4.10913078125452e-05,0.03236018290538164,331
fru-F-900021,56,10,46,315,10,46,8.372534269556214e-05,4.82982641453011e-07,1.0240312894311049e-05,0.0028139289482940555,55
fru-F-900022,98,44,54,649,44,54,0.00021855073194635398,3.9443668535370854e-07,7.070170152886851e-05,0.004924375659514597,80
fru-F-900024,128,118,10,409,118,10,0.0019134379869071053,2.0675102001078852e-05,1.3843034990438314e-05,0.0064318375961006985,127
fru-F-900025,266,215,51,2048,215,51,0.0008277768840027462,2.578141633890661e-06,9.60521805764338e-05,0.013366162504396765,131
fru-F-900026,319,133,186,2400,133,186,0.000805369265948899,7.89182403635006e-06,3.239300271491362e-05,0.01602934525903221,224
fru-F-900027,226,118,108,1290,118,108,0.0018100950939515966,6.405238325332166e-06,3.3803698853092734e-05,0.011356213255615295,142
fru-F-900028,226,125,101,763,125,101,0.0022986165644523927,1.914352047049047e-06,1.9023852714882324e-05,0.011356213255615295,186
fru-F-900029,297,93,204,1428,93,204,0.0008108895351991405,1.3431808372842374e-05,1.6834927594884006e-05,0.014923873172202402,183
fru-F-900030,129,40,89,537,40,89,0.00027766048409521064,3.133518630051154e-07,2.329128541237998e-05,0.006482086327320235,117
fru-F-900031,278,212,66,1547,212,66,0.00040339325068846276,7.640949111435997e-07,0.00013395781310229297,0.013969147279031204,121
fru-F-900032,308,163,145,2494,163,145,0.002026084820223918,9.093405804652979e-06,4.398254533696869e-05,0.015476609215617306,205
fru-F-900033,113,91,22,687,91,22,0.0008164564525812997,9.683282053965629e-07,9.314757652175812e-05,0.0056781066278076475,100
fru-F-900034,641,130,511,3692,130,511,0.0014105104239610852,8.078156604231849e-06,2.5238466405563088e-05,0.03220943671172303,347
fru-F-900035,1302,322,980,8740,322,980,0.004542851089978346,7.081731121095028e-05,0.0001471881421569214,0.0654238480478368,352
fru-F-900036,531,64,467,2708,64,467,0.0009180720055375014,2.124458215891058e-05,1.3349788366879518e-05,0.02668207627757399,331
fru-F-900037,676,554,122,7168,554,122,0.006573471547010345,6.206136083256801e-05,0.00017158594191217006,0.03396814230440681,241
fru-F-900039,258,145,113,1717,145,113,0.002102737467708867,8.787951225309877e-06,4.7813140578563274e-05,0.01296417265464047,163
fru-F-900040,267,153,114,1508,153,114,0.0023863784992769195,8.503008009141003e-06,3.294784979542017e-05,0.0134164112356163,168
fru-F-900041,755,144,611,3474,144,611,0.003122278195562538,9.55162059266616e-06,1.9877560470427914e-05,0.037937792070750216,352
fru-F-900042,212,42,170,1275,42,170,0.0005865955031419886,4.53481872027617e-05,2.250694528732657e-05,0.010652731018541781,180
fru-F-900044,567,342,225,3438,342,225,0.005908805267317963,2.7278566172656764e-05,6.149843774320662e-05,0.028491030601477313,289
fru-F-900045,411,111,300,2904,111,300,0.0013560033810906308,2.4346364613386697e-05,7.155296184673608e-05,0.020652228531229586,235
fru-F-900046,183,129,54,1686,129,54,0.00032589538707179176,3.382724790987173e-06,0.00011486166789942702,0.009195517813175217,121
fru-F-900047,698,459,239,3488,459,239,0.009354775460146625,0.00020623232202577837,0.00019095132152433593,0.03507361439123662,322
fru-F-900048,494,160,334,3772,160,334,0.001173603496082388,3.5459624272169414e-06,3.391701259642719e-05,0.024822873222451133,231
fru-F-900049,100,96,4,573,96,4,0.00035246867659246,5.53683599419193e-07,3.491411426964312e-05,0.00502487312195367,85
fru-F-900050,455,160,295,2366,160,295,0.003006764597484505,5.925624049262879e-05,2.1945744702483823e-05,0.0228631727048892,310
fru-F-900051,631,239,392,3102,239,392,0.0048486900625932545,3.5844633348886856e-05,4.960968324161142e-05,0.03170694939952766,331
fru-F-900052,297,267,30,2179,267,30,0.0027204679308119044,5.7263894722834704e-05,9.535632001279885e-05,0.014923873172202402,215
fru-F-900053,92,18,74,427,18,74,0.0003902472155576408,5.015705640652157e-07,9.972722500521017e-06,0.004622883272197377,76
fru-F-900055,185,91,94,2096,91,94,0.0016545122840978704,1.2881239222860824e-05,3.1046002157612245e-05,0.009296015275614291,129
fru-F-900056,874,508,366,7600,508,366,0.015085618209696974,6.291560462861537e-05,0.00010436523351640263,0.043917391085875085,352
fru-F-900057,113,37,76,630,37,76,0.0005148164489556752,9.28734612959741e-07,1.028429598320989e-05,0.0056781066278076475,91
fru-F-900058,57,33,24,259,33,24,0.00011121348054431812,1.181265176775164e-07,1.5434099872005233e-05,0.0028641776795135924,55
fru-F-900059,260,131,129,1345,131,129,0.0014428931868459918,2.24422982562005e-06,2.3916881099484676e-05,0.013064670117079544,169
G0239-F-000003,631,293,338,5847,293,338,0.00517307998391078,3.7466624573734464e-05,6.530268706268022e-05,0.03170694939952766,226
G0239-F-000005,563,106,457,6746,106,457,0.0017207151175035963,6.9180528622245275e-06,2.2117695419069256e-05,0.028290035676599167,202
G0239-F-000007,521,72,449,4490,72,449,0.0012901728621352534,2.8143509533654484e-05,1.8848099781626626e-05,0.026179588965378624,194
G0239-F-000013,567,144,423,5107,144,423,0.002447082504185698,2.0820640357341284e-05,2.9424648647216822e-05,0.028491030601477313,205
Gad1-F-000000,169,92,77,634,92,77,0.0013399870195534528,2.8363356805427092e-05,1.2801738398887151e-05,0.008492035576101703,144
Gad1-F-000001,197,127,70,954,127,70,0.001977371962193807,8.539092230294656e-07,1.6548581469722176e-05,0.009899000050248732,195
Gad1-F-000002,47,28,19,114,28,19,0.00010634300735757274,1.9556933036325718e-07,8.122270346837676e-06,0.0023616903673182254,47
Gad1-F-000003,209,145,64,634,145,64,0.0030708418892373443,1.5039884730549474e-05,1.610690998100461e-05,0.010501984824883171,162
Gad1-F-000004,640,205,435,3734,205,435,0.009338568112347881,0.0001329542571705023,3.382989408203855e-05,0.03215918798050349,352
Gad1-F-000005,74,56,18,235,56,18,0.0011610264618747794,1.6976252644151918e-05,1.0923606866567522e-05,0.0037184061102457163,74
Gad1-F-000006,380,160,220,1503,160,220,0.0007135321468141998,1.973966648487201e-06,1.4363321667454528e-05,0.01909451786342395,211
Gad1-F-000007,230,22,208,554,22,208,0.00016590648691050075,1.8482758109690352e-06,8.295274614319624e-06,0.011557208180493442,142
Gad1-F-000009,153,10,143,530,10,143,0.00012046797921735957,6.99919774732659e-06,8.158820794819748e-06,0.0076880558765891165,124
Gad1-F-000010,166,53,113,754,53,113,0.0007558577265666313,2.5373785097151536e-06,1.4231762883569865e-05,0.008341289382443093,162
Gad1-F-000011,97,91,6,328,91,6,0.00048222887349991955,7.899283688528325e-07,1.174271699209422e-05,0.004874126928295061,95
Gad1-F-000013,1041,34,1007,6688,34,1007,0.00036415559754761584,2.115370510334317e-06,1.88823310942497e-05,0.05230892919953771,316
Gad1-F-000014,203,43,160,605,43,160,0.0004541528502166872,5.038450974797393e-06,8.876249536055982e-06,0.01020049243756595,143
Gad1-F-000016,174,63,111,802,63,111,0.0009240017868421916,1.137540490172479e-06,1.2298558587988493e-05,0.008743279232199388,131
Gad1-F-000017,127,82,45,382,82,45,0.0008082085231138416,7.358488086465755e-06,1.1822832107635432e-05,0.006381588864881162,125
Gad1-F-000018,70,35,35,320,35,35,0.00031517401858448436,1.6137668393844884e-06,1.4358471802217676e-05,0.0035174111853675696,65
Gad1-F-000019,119,79,40,521,79,40,0.0005492522540308178,9.638109135784538e-06,1.4306878518180722e-05,0.005979599015124868,104
Gad1-F-000020,144,66,78,690,66,78,0.00017463515164920773,2.1395803487414823e-07,4.0745133884497195e-05,0.007235817295613286,93
Gad1-F-000022,129,50,79,359,50,79,0.0006065544147354188,1.459400122311894e-06,1.1127425072706133e-05,0.006482086327320235,124
Gad1-F-000023,123,102,21,644,102,21,0.001005244727440629,1.7353511828922138e-06,3.330422595221524e-05,0.0061805939400030145,100
Gad1-F-000025,245,131,114,924,131,114,0.0001989188705019434,1.777987827659808e-07,3.96601337765905e-05,0.012310939148786493,145
Gad1-F-000026,124,44,80,516,44,80,0.0004768506358198756,6.5042063735226605e-06,9.680669486697551e-06,0.006230842671222552,119
Gad1-F-000027,359,301,58,1417,301,58,0.0005698839554335937,4.2649222558459353e-07,8.09446582871695e-05,0.018039294507813677,148
Gad1-F-000028,371,181,190,1971,181,190,0.009036222455027245,0.00016074621491403941,2.820114286911944e-05,0.018642279282448118,331
Gad1-F-000029,317,286,31,1022,286,31,0.003945002383310945,1.763402715523308e-05,6.794382664711233e-05,0.015928847796593135,192
Gad1-F-000030,475,258,217,2643,258,217,0.0011654913642198189,1.1940663194973177e-05,5.477760135329237e-05,0.023868147329279936,183
Gad1-F-000031,349,96,253,1341,96,253,0.0007921343629686016,1.147166762370791e-06,1.924005618307528e-05,0.01753680719561831,240
Gad1-F-000032,108,74,34,374,74,34,0.002731678087974516,7.270851289968561e-05,1.6082324470087262e-05,0.005426862971709964,107
Gad1-F-000033,187,104,83,677,104,83,0.001899342616065704,4.207121433091315e-05,1.6249248665346682e-05,0.009396512738053364,164
Gad1-F-000034,513,295,218,2232,295,218,0.0038556229263295096,3.8398811099697295e-05,0.0001518430965296388,0.02577759911562233,243
Gad1-F-000035,145,118,27,841,118,27,0.0005125326798988622,1.757357302788998e-06,5.1212294379209516e-05,0.007286066026832822,97
Gad1-F-000036,191,32,159,518,32,159,0.0005712355504656451,5.5373073250310545e-06,9.154894092561585e-06,0.009597507662931512,142
Gad1-F-000037,160,56,104,342,56,104,0.0008912611462754566,5.91393297930955e-07,9.45872176158174e-06,0.008039796995125872,143
Gad1-F-000038,99,35,64,402,35,64,0.00020198363324362521,1.4470952661531708e-07,1.1052421612007273e-05,0.004974624390734134,86
Gad1-F-000039,173,162,11,1075,162,11,0.0005513504979141937,7.199339591037744e-06,6.143931098279584e-05,0.00869303050097985,100
Gad1-F-000042,489,243,246,3542,243,246,0.0036981689113443276,1.7190249020758603e-05,4.987988055355469e-05,0.024571629566353448,231
Gad1-F-000043,132,80,52,612,80,52,0.0013701043127426547,2.9704487930756815e-05,1.5225101095216207e-05,0.006632832520978845,130
Gad1-F-000044,550,305,245,4001,305,245,0.015183190411369637,7.034398705693422e-05,5.328741431656013e-05,0.027636802170745187,352
Gad1-F-000045,107,91,16,396,91,16,0.0009295846474265697,3.3752682426489254e-06,1.5625313517673334e-05,0.005376614240490428,104
Gad1-F-000046,50,36,14,128,36,14,0.000737877146001145,3.865792740489703e-06,9.96176170226476e-06,0.002512436560976835,50
Gad1-F-000047,295,286,9,903,286,9,0.006068270778698649,4.6118657611690317e-05,5.933236652391389e-05,0.014823375709763328,161
Gad1-F-000048,40,13,27,122,13,27,8.399196864926331e-05,2.843673899881468e-07,8.34092736663811e-06,0.002009949248781468,40
Gad1-F-000049,444,51,393,1885,51,393,0.0008377568172549075,6.981351646975679e-07,1.0001588368022703e-05,0.0223104366614743,167
Gad1-F-000050,206,90,116,952,90,116,0.0016268669036224978,1.367431000715312e-05,1.5073032531483701e-05,0.010351238631224561,143
Gad1-F-000051,69,41,28,173,41,28,0.0003878426062153808,7.305484019229747e-07,9.538489470453812e-06,0.0034671624541480327,69
Gad1-F-000052,336,86,250,1298,86,250,0.0014157577721140445,5.31433392386938e-06,1.5468176172824215e-05,0.016883573689764335,274
Gad1-F-000053,270,138,132,1075,138,132,0.0004631635753724949,5.893844923792015e-07,2.8348751310281577e-05,0.01356715742927491,173
Gad1-F-000054,834,69,765,4650,69,765,0.0024631396181433118,5.286151545054683e-06,1.1186236695383751e-05,0.04190744183709361,352
Gad1-F-000056,94,85,9,303,85,9,0.0018754120596043429,9.693631339916136e-06,1.6108108231399282e-05,0.004723380734636451,91
Gad1-F-000057,207,12,195,2035,12,195,0.0007400042880582705,6.573985706292895e-07,9.126630082607844e-06,0.010401487362444098,204
Gad1-F-000059,456,150,306,3218,150,306,0.0038298533384988663,1.020137536732913e-05,2.1453978319687234e-05,0.02291342143610874,352
Gad1-F-000060,229,126,103,1054,126,103,0.0015985568300652786,3.028789421563205e-06,6.31858719761439e-05,0.011506959449273905,180
Gad1-F-000061,107,32,75,600,32,75,0.00013694996185097255,2.509563549569257e-07,2.01782246400176e-05,0.005376614240490428,88
Gad1-F-000062,221,164,57,1204,164,57,0.000316462926387191,4.3431227700103643e-07,0.000103758479806106,0.011104969599517612,138
Gad1-F-000063,361,294,67,2003,294,67,0.0023261666595745093,6.400109847226028e-05,4.972730712393185e-05,0.018139791970252752,211
Gad1-F-000064,277,129,148,1074,129,148,0.0006338317809847006,6.242014050703752e-07,2.7419945637754933e-05,0.013918898547811668,177
Gad1-F-000065,215,183,32,736,183,32,0.0003231981533143404,1.4510938431496867e-07,4.375507498699043e-05,0.010803477212200392,148
Gad1-F-000066,182,172,10,932,172,10,0.00434358082362195,1.0130591824393049e-05,2.3157952345297077e-05,0.009145269081955681,179
Gad1-F-000068,271,34,237,825,34,237,0.0004987024860324782,3.761831678222602e-06,9.061002918338204e-06,0.013617406160494448,150
Gad1-F-000069,143,29,114,616,29,114,8.650086272234926e-05,3.319301063775573e-08,1.109991588439127e-05,0.0071855685643937494,113
Gad1-F-000070,363,121,242,2284,121,242,0.0009642480774671884,3.468274634316214e-05,2.510329972130027e-05,0.018240289432691823,183
Gad1-F-000071,167,76,91,648,76,91,0.0011141361854828747,3.678439716995919e-05,1.2619615406728824e-05,0.00839153811366263,146
Gad1-F-000072,78,38,40,492,38,40,0.00029874903337723696,1.05584101745572e-06,1.387529818893384e-05,0.003919401035123863,67
Gad1-F-000073,104,57,47,496,57,47,0.0002733126828436544,1.4565960434715567e-07,1.9497996437947904e-05,0.005225868046831818,84
Gad1-F-000075,30,16,14,116,16,14,7.696207754623542e-05,2.916487985429532e-08,1.9673063855884406e-05,0.0015074619365861013,29
Gad1-F-000076,107,99,8,612,99,8,0.0002575432594565498,6.477569227644085e-07,4.4916950332784344e-05,0.005376614240490428,93
Gad1-F-000077,35,28,7,137,28,7,7.517917339204336e-05,6.326215700295187e-08,1.247669238838351e-05,0.0017587055926837848,35
Gad1-F-000078,494,246,248,3122,246,248,0.0026411385414892114,2.754904494332901e-05,6.332113549382101e-05,0.024822873222451133,233
Gad1-F-000079,398,72,326,2820,72,326,0.0002560288480487276,7.001052689993994e-07,1.0537405091255256e-05,0.01999899502537561,211
Gad1-F-000080,273,176,97,1671,176,97,0.0029599466058625244,1.1924462073988104e-05,2.9812709397675512e-05,0.01371790362293352,171
Gad1-F-000081,309,74,235,1309,74,235,0.0001684162044528402,6.641165120851716e-08,1.932687221437143e-05,0.015526857946836843,150
Gad1-F-000082,345,140,205,1766,140,205,0.0016654174187248944,4.463601091482616e-06,4.1187448260552684e-05,0.017335812270740165,269
Gad1-F-000083,323,147,176,2277,147,176,0.0005109988077935881,2.21282784176123e-06,4.243681240725159e-05,0.016230340183910355,174
Gad1-F-000084,379,212,167,3097,212,167,0.011112885756346462,4.1314917002578144e-05,4.2248776156384205e-05,0.019044269132204413,336
Gad1-F-000085,379,104,275,1960,104,275,0.0034331079616859244,5.553643713050009e-06,2.008953376664788e-05,0.019044269132204413,255
Gad1-F-000086,265,107,158,1389,107,158,0.00244830288316456,8.246499462828032e-06,1.6286560911760845e-05,0.013315913773177228,169
Gad1-F-000087,574,267,307,3838,267,307,0.004657818810238172,2.0445741104617648e-05,5.673255909271076e-05,0.02884277172001407,237
Gad1-F-000088,522,181,341,3333,181,341,0.000681186112158727,2.7459187549046035e-06,4.1156831899604864e-05,0.02622983769659816,186
Gad1-F-000089,285,21,264,1510,21,264,0.0003299501044194103,1.6647282109130568e-07,9.485638606142755e-06,0.014320888397567962,198
Gad1-F-000090,591,505,86,3488,505,86,0.006424220211163737,0.0007933297307784311,8.703982238988032e-05,0.029697000150746194,279
Gad1-F-000091,444,142,302,3017,142,302,0.0019541461761786653,1.8122834083499016e-05,2.155624604200133e-05,0.0223104366614743,352
Gad1-F-000092,500,96,404,3110,96,404,0.004675322589380882,3.0949593659454767e-06,1.9998826255353542e-05,0.025124365609768353,352
Gad1-F-000094,256,144,112,1089,144,112,0.0030088937071457217,0.00010963619047055714,2.3522931842445667e-05,0.012863675192201397,194
Gad1-F-000095,277,67,210,975,67,210,0.00047778535519169414,6.799816392709325e-07,1.0344351034046264e-05,0.013918898547811668,179
Gad1-F-000096,502,81,421,3518,81,421,0.0008363927705271117,2.9547632650056268e-05,1.5233826656855258e-05,0.025224863072207428,205
Gad1-F-000097,316,253,63,2447,253,63,0.0015762861128451287,7.871828863287264e-06,0.00011226725051963013,0.0158785990653736,150
Gad1-F-000098,216,132,84,877,132,84,0.004035651645835862,1.9220018061178955e-05,1.9445151065398337e-05,0.010853725943419929,186
Gad1-F-000099,7,4,3,13,4,3,4.141611952671672e-05,2.66581521045697e-08,7.868169831912703e-06,0.00035174111853675694,7
Gad1-F-000100,497,167,330,3224,167,330,0.0028158522478182895,2.2291626826776455e-05,2.3092167822197316e-05,0.024973619416109743,352
Gad1-F-000101,688,374,314,2819,374,314,0.01391256407083111,4.951202183186068e-05,3.775870247725385e-05,0.03457112707904125,346
Gad1-F-000102,429,100,329,1998,100,329,0.0004976579109379149,8.076513511244941e-07,2.077329649652572e-05,0.021556705693181247,201
Gad1-F-000103,194,134,60,1095,134,60,0.0008746580042195739,2.059644573740531e-05,2.2216683773427245e-05,0.009748253856590122,186
Gad1-F-000104,307,138,169,1461,138,169,0.0050181211652880545,3.0126225202306326e-05,3.5174275590657526e-05,0.015426360484397768,215
Gad1-F-000105,339,202,137,2304,202,137,0.002137749882877864,1.572802361032724e-05,2.4761878627978993e-05,0.017034319883422945,231
Gad1-F-000106,512,111,401,2185,111,401,0.0005012834892602502,5.37084281979298e-07,1.9806500662399878e-05,0.025727350384402794,183
Gad1-F-000107,1245,908,337,8213,908,337,0.017602428150669397,2.2060652997207585e-05,8.237187401779804e-05,0.0625596703683232,352
Gad1-F-000108,524,58,466,3292,58,466,0.0005488579150147319,1.3587254817456927e-06,1.0606882099945044e-05,0.026330335159037235,205
Gad1-F-000109,926,41,885,6909,41,885,0.0009465642344581652,4.713297022989888e-07,9.042652874229152e-06,0.04653032510929099,352
Gad1-F-000110,215,147,68,1121,147,68,0.00041614023304046964,3.4815438828713346e-07,6.569203501715429e-05,0.010803477212200392,135
Gad1-F-000111,334,242,92,1878,242,92,0.005089779437848795,5.331210104299158e-05,3.3494450760867713e-05,0.01678307622732526,201
Gad1-F-000112,164,105,59,744,105,59,0.00023323638115354644,1.4701407992507818e-07,2.8136873187171314e-05,0.00824079192000402,127
Gad1-F-000113,177,12,165,993,12,165,0.0003016896815308021,2.1185350147626667e-07,8.35184897150605e-06,0.008894025425857996,175
Gad1-F-000114,175,150,25,556,150,25,0.0010965611858522824,9.954275577021831e-06,2.17851899267813e-05,0.008793527963418923,139
Gad1-F-000115,408,303,105,2136,303,105,0.004961260289408497,2.32936583613433e-05,0.00013757778530146757,0.020501482337570976,277
Gad1-F-000116,691,459,232,8332,459,232,0.0058419817927431415,0.01064420262957359,9.407737127569885e-05,0.03472187327269986,348
Gad1-F-000117,416,165,251,3244,165,251,0.0025289471909276493,8.727666462372831e-06,3.1128224354649514e-05,0.02090347218732727,214
Gad1-F-000118,51,14,37,141,14,37,3.4548871007419166e-05,4.192045584132646e-08,7.955792906730463e-06,0.002562685292196372,51
Gad1-F-000119,129,114,15,517,114,15,0.0017871316905500193,2.632058666937078e-05,1.99870820179791e-05,0.006482086327320235,125
Gad1-F-000120,425,221,204,3611,221,204,0.01052939394969716,5.1677614010410583e-05,3.9532745839746714e-05,0.0213557107683031,349
Gad1-F-000121,213,98,115,1150,98,115,0.00033671947036178286,2.866399153448551e-07,5.725670361805422e-05,0.010702979749761319,148
Gad1-F-000122,612,493,119,2761,493,119,0.010294299938589001,1.1539936693896153e-05,3.3338020417244364e-05,0.030752223506356466,352
Gad1-F-000123,957,243,714,7180,243,714,0.003426877817576112,4.4904620193663985e-05,1.9636049690354394e-05,0.04808803577709663,352
Gad1-F-000124,403,155,248,2107,155,248,0.0005139938838090061,1.5559841268819538e-06,3.225780256265863e-05,0.02025023868147329,175
Gad1-F-000125,425,70,355,2502,70,355,0.0009040810234012877,3.658399334857612e-05,1.4994615388478918e-05,0.0213557107683031,205
Gad1-F-000127,403,25,378,1723,25,378,0.0003520795365736284,1.3077572356029477e-06,9.222274945812036e-06,0.02025023868147329,159
Gad1-F-000128,176,105,71,923,105,71,0.0002607278223029992,1.8991842982640758e-07,3.9482001271291136e-05,0.00884377669463846,130
Gad1-F-000129,319,252,67,1207,252,67,0.004188568481976256,6.431747149007004e-05,4.527304034664184e-05,0.01602934525903221,175
Gad1-F-000130,215,159,56,1704,159,56,0.0005387813585208189,5.8953145687602904e-06,0.00010194505946552083,0.010803477212200392,107
Gad1-F-000131,170,92,78,525,92,78,0.00020679792249493015,9.672979483530234e-08,2.1909462139733453e-05,0.00854228430732124,140
Gad1-F-000132,328,110,218,1831,110,218,0.000822253422010605,2.536289135981706e-06,1.7334115089271867e-05,0.01648158384000804,211
Gad1-F-000133,418,224,194,2206,224,194,0.005682885060653694,3.834477694814962e-05,4.031128580859498e-05,0.021003969649766342,244
Gad1-F-000134,403,363,40,2014,363,40,0.004274966123015664,0.004621965556116131,3.610108053129502e-05,0.02025023868147329,260
Gad1-F-000136,108,56,52,1489,56,52,0.00012797437040696185,1.9246625320008263e-06,4.737569100418682e-05,0.005426862971709964,94
Gad1-F-000137,1038,213,825,17351,213,825,0.001764963500750743,1.6418732315626536e-05,9.620430203471369e-05,0.0521581830058791,352
Gad1-F-000138,89,77,12,348,77,12,0.0018711994941285014,7.417663391938393e-06,1.4776123794976876e-05,0.004472137078538767,89
Gad1-F-000139,355,353,2,4876,353,2,0.002532765423312682,5.465923274721028e-05,6.573090975742793e-05,0.01783829958293553,211
Gad1-F-000140,24,3,21,68,3,21,1.1489133489458944e-05,5.771346856034398e-09,7.719969768247757e-06,0.001205969549268881,22
Gad1-F-000142,453,83,370,2350,83,370,0.0014059160770185585,0.00012131536150236057,1.665651192345339e-05,0.02276267524245013,255
Gad1-F-000143,422,204,218,3432,204,218,0.010338133888340258,6.473874475693936e-05,3.527237099266469e-05,0.02120496457464449,352
Gad1-F-000144,256,232,24,1499,232,24,0.003610976399849299,4.9113195630064694e-05,3.4864608156162064e-05,0.012863675192201397,180
Gad1-F-000145,323,310,13,1401,310,13,0.006418624878197116,1.848204656862944e-05,3.483487037584423e-05,0.016230340183910355,240
Gad1-F-000146,741,57,684,6935,57,684,0.0007708764513717514,7.558368730434336e-06,3.444587558817002e-05,0.0372343098336767,352
Gad1-F-000147,217,105,112,1495,105,112,0.00029794914676203795,3.0230082971321904e-07,1.8483424853021557e-05,0.010903974674639466,149
Gad1-F-000148,237,83,154,1145,83,154,0.0003052702830993935,3.54379381459105e-07,3.0616774985648185e-05,0.0119089492990302,150
Gad1-F-000149,290,130,160,2259,130,160,0.0003380228665758936,8.78939149388683e-07,9.919465048613205e-05,0.014572132053665645,121
Gad1-F-000150,72,43,29,296,43,29,0.0002009185257014746,1.8687257463167207e-07,2.6443148069473204e-05,0.003617908647806643,72
Gad1-F-000151,468,232,236,3454,232,236,0.008023898337750182,2.678947852099959e-05,4.2468957942595935e-05,0.02351640621074318,241
Gad1-F-000153,473,145,328,2964,145,328,0.0012236132172114731,1.061323052489673e-05,2.186982555591569e-05,0.02376764986684086,232
Gad1-F-000154,269,73,196,1548,73,196,0.0005281290829154266,5.661665142749436e-07,1.9443213639955397e-05,0.013516908698055373,197
Gad1-F-000155,246,29,217,1535,29,217,0.00026079701747840414,4.184461564582339e-06,1.1196138711349287e-05,0.012361187880006029,193
Gad1-F-000156,566,420,146,5966,420,146,0.0055274094732694476,0.010379543684164569,7.24818387964608e-05,0.028440781870257777,348
Gad1-F-000157,146,129,17,527,129,17,0.002831677765519692,1.9888342513911663e-05,1.8703416219127655e-05,0.007336314758052359,143
Gad1-F-000158,332,103,229,2124,103,229,0.0013999204240963887,8.114086544463633e-06,2.2275201972254764e-05,0.016682578764886186,235
Gad1-F-000159,184,125,59,580,125,59,0.0019845156052784737,0.00011146325630880869,1.5692318633653044e-05,0.009245766544394754,159
Gad1-F-000160,261,158,103,911,158,103,0.0005667097380261611,1.0989870674736606e-06,2.3419094804164838e-05,0.01311491884829908,179
Gad1-F-000161,256,213,43,1668,213,43,0.0018347731872718179,6.390610096737892e-05,3.6935483762952255e-05,0.012863675192201397,204
Gad1-F-000163,268,210,58,2360,210,58,0.001566199523906968,5.8178636184028266e-05,3.4759309195368856e-05,0.013466659966835838,211
Gad1-F-000164,182,86,96,712,86,96,0.0008435782380332125,7.663396256114444e-06,1.2031680843165162e-05,0.009145269081955681,144
Gad1-F-000165,233,122,111,712,122,111,0.0001519581324861382,4.0496074531372836e-08,2.855905844271483e-05,0.011707954374152053,148
Gad1-F-000166,253,43,210,815,43,210,0.00027398551603446643,4.008316313411601e-06,1.0147845173352309e-05,0.012712928998542787,143
Gad1-F-000167,402,317,85,1763,317,85,0.0018911246078871667,1.6005534430867795e-05,5.627541449497586e-05,0.020199989950253756,205
Gad1-F-000169,285,85,200,1417,85,200,0.0016160704211110317,9.377193009084027e-06,1.589247204731632e-05,0.014320888397567962,163
Gad1-F-000171,448,204,244,1949,204,244,0.003187838935502052,1.1315469911442487e-05,1.560566134147053e-05,0.022511431586352444,352
Gad1-F-000172,484,471,13,2860,471,13,0.014118543802170421,5.548028038538266e-05,5.4749816619365866e-05,0.024320385910255767,349
Gad1-F-000173,540,40,500,2618,40,500,0.0021524688300604937,2.71987673240878e-05,3.064897756212707e-05,0.02713431485854982,352
Gad1-F-000174,367,183,184,2589,183,184,0.011000045701555402,3.3371279329491486e-05,2.7316129789133448e-05,0.018441284357569972,338
Gad1-F-000175,606,333,273,3349,333,273,0.004424974612250906,7.615468186926033e-05,4.2863009167803214e-05,0.030450731119039245,241
Gad1-F-000176,160,101,59,862,101,59,0.0008324270619344383,1.6697593346596228e-05,2.2359530134963977e-05,0.008039796995125872,132
Gad1-F-000177,350,171,179,1820,171,179,0.009228471831061201,2.4136094868997167e-05,2.4229572923158217e-05,0.017587055926837847,326
Gad1-F-000178,62,30,32,322,30,32,0.0006673280435613072,4.324591946904571e-07,1.0687898564429204e-05,0.003115421335611276,57
Gad1-F-000179,321,206,115,1980,206,115,0.0029887259029583503,0.0010505114731535373,2.077440554105233e-05,0.016129842721471284,280
Gad1-F-000180,890,116,774,8662,116,774,0.0022951441723867367,6.32123267383868e-06,1.490172561664634e-05,0.04472137078538767,352
Gad1-F-000181,832,193,639,4221,193,639,0.0034378285160370043,5.694503796602162e-06,1.535269941887455e-05,0.04180694437465454,352
Gad1-F-000182,142,138,4,444,138,4,0.001963501783464701,3.24845623063871e-05,2.2881502831658933e-05,0.007135319833174212,127
Gad1-F-000183,730,694,36,4734,694,36,0.01785022038703839,0.0004533555739036071,0.0002317498963557202,0.036681573790261796,331
Gad1-F-000184,112,69,43,445,69,43,0.0001246009723423072,6.373120521714625e-07,3.0863978709627955e-05,0.005627857896588111,89
Gad1-F-000185,218,167,51,1429,167,51,0.0010633361086745724,1.8112339447355375e-05,1.978305185843188e-05,0.010954223405859002,203
Gad1-F-000186,1179,977,202,8960,977,202,0.018033099114452656,2.1721548666957287e-05,0.00010682206327017915,0.05924325410783378,352
Gad1-F-000187,125,64,61,556,64,61,0.00022577733182729343,7.624736928758486e-07,2.037663099840965e-05,0.006281091402442088,89
Gad1-F-000188,35,24,11,108,24,11,4.0842676869477615e-05,1.3117110671177049e-08,1.3992858815992528e-05,0.0017587055926837848,34
Gad1-F-000189,70,11,59,453,11,59,0.00011925676036030507,1.6077345061183267e-07,1.0151406760684983e-05,0.0035174111853675696,69
Gad1-F-000190,410,237,173,2678,237,173,0.013012267508969964,9.498005010922515e-05,4.394617086801237e-05,0.02060197980001005,349
Gad1-F-000192,238,199,39,1319,199,39,0.000993683930526389,1.335357471361174e-05,2.206106848591363e-05,0.011959198030249736,190
Gad1-F-000194,152,27,125,557,27,125,0.00013698337496910508,2.077190263201966e-07,1.481269430401806e-05,0.007637807145369579,124
Gad1-F-000195,811,380,431,5551,380,431,0.0011862356944963772,6.111393965960195e-06,0.0001345177367733436,0.04075172101904427,213
Gad1-F-000196,382,196,186,2711,196,186,0.01084706706340726,4.017919384133395e-05,3.616879149677607e-05,0.019195015325863023,344
Gad1-F-000197,90,49,41,449,49,41,0.0004357993032688734,6.800054571706874e-06,1.6075326239051505e-05,0.004522385809758303,86
Gad1-F-000199,137,72,65,709,72,65,0.0011713695821340703,4.4519711621834564e-06,2.721353233846074e-05,0.006884076177076529,114
Gad1-F-000200,318,166,152,1960,166,152,0.008817228734752774,8.238720292217667e-05,2.8183896289900027e-05,0.015979096527812674,304
Gad1-F-000201,316,152,164,1473,152,164,0.0009346483369548415,2.210684359765841e-05,1.7359612343413125e-05,0.0158785990653736,211
Gad1-F-000202,253,63,190,1345,63,190,0.0007253200406379284,1.0728290017168195e-05,1.2875866160887949e-05,0.012712928998542787,199
Gad1-F-000203,613,141,472,6720,141,472,0.0016658143562931684,5.3886635811667013e-05,2.684089610019764e-05,0.030802472237576,205
Gad1-F-000205,108,55,53,529,55,53,0.00035250888147189566,8.977549666561059e-06,1.312969861502506e-05,0.005426862971709964,95
Gad1-F-000206,365,117,248,1751,117,248,0.0008274249899513353,1.6395863117417962e-05,1.9991899728355962e-05,0.018340786895130898,186
Gad1-F-000207,495,362,133,2564,362,133,0.0048812253377773715,0.0017215568508846977,6.174184477713e-05,0.024873121953670668,337
Gad1-F-000208,136,72,64,356,72,64,0.0021625775074851747,7.622775916746928e-07,1.1629092140205366e-05,0.006833827445856992,136
Gad1-F-000209,436,250,186,3492,250,186,0.013437465890389152,9.741037150268753e-05,5.023347924782101e-05,0.021908446811718003,352
Gad1-F-000210,224,169,55,963,169,55,0.0004343233444624775,6.340788027329801e-07,5.074497725127465e-05,0.011255715793176222,144
Gad1-F-000211,135,45,90,682,45,90,0.0005671304451289528,4.827022181539909e-06,1.4701851460593476e-05,0.006783578714637455,134
Gad1-F-000212,509,171,338,4350,171,338,0.003926564317602031,1.9340086691367936e-05,2.576892108911222e-05,0.025576604190744184,352
Gad1-F-000213,124,57,67,729,57,67,0.0004853203716087847,1.9542079829437724e-06,1.4652434670453046e-05,0.006230842671222552,102
Gad1-F-000215,372,202,170,1940,202,170,0.0006212083654854517,1.0637568897901205e-06,4.3361549460724085e-05,0.018692528013667654,186
Gad1-F-000216,103,51,52,1228,51,52,0.00011769979427693957,4.826263544345279e-06,4.713922588071291e-05,0.0051756193156122805,94
Gad1-F-000217,153,71,82,901,71,82,0.0010942426994913332,5.194384001802826e-06,1.5848813522198765e-05,0.0076880558765891165,120
Gad1-F-000218,517,169,348,4134,169,348,0.005689528160752457,2.2424334703143226e-05,2.214830692268912e-05,0.02597859404050048,352
Gad1-F-000219,174,100,74,920,100,74,0.0002950951056398843,9.805662803250777e-07,1.7126988065373174e-05,0.008743279232199388,131
Gad1-F-000220,157,88,69,787,88,69,0.000660065167815486,2.524761978313694e-06,2.1839341214571425e-05,0.007889050801467262,131
Gad1-F-000221,88,52,36,277,52,36,0.00044660738015099566,1.6745822734350005e-05,1.0462867439780435e-05,0.00442188834731923,77
Gad1-F-000222,471,124,347,2080,124,347,0.0008368651398109287,6.885988384809888e-06,2.0312006812564308e-05,0.02366715240440179,191
Gad1-F-000223,932,787,145,7371,787,145,0.017714837920437022,3.099208025465108e-05,8.89174074315578e-05,0.04683181749660821,352
Gad1-F-000225,191,64,127,676,64,127,0.001323190312761201,1.915402127195525e-05,1.2841943413005436e-05,0.009597507662931512,170
Gad1-F-000226,236,191,45,1924,191,45,0.0006364003757798327,1.75942031317786e-06,0.00011838414022036376,0.011858700567810663,126
Gad1-F-000227,77,55,22,227,55,22,0.000857780289663187,6.663280379913271e-07,1.0718387348631177e-05,0.0038691523039043265,77
Gad1-F-000228,278,154,124,1342,154,124,0.002408129137324345,3.79858274883707e-05,1.899516253162697e-05,0.013969147279031204,241
Gad1-F-000229,119,71,48,344,71,48,0.0020272179737203496,1.1059492869373016e-06,1.2582986115969916e-05,0.005979599015124868,109
Gad1-F-000230,90,63,27,439,63,27,0.0007915955150683627,1.7714923753498586e-06,2.1577001937363278e-05,0.004522385809758303,78
Gad1-F-000231,354,194,160,1642,194,160,0.003359452410223002,4.068210007633766e-05,2.5969429626260415e-05,0.017788050851715993,211
Gad1-F-000232,829,808,21,6126,808,21,0.031012860103953096,7.330573091097655e-05,0.00011854923255563639,0.04165619818099593,352
Gad1-F-000233,645,633,12,3222,633,12,0.017104377419947858,2.8592979187007343e-05,6.048772321550718e-05,0.03241043163660118,352
Gad1-F-000234,96,59,37,573,59,37,0.0005258278446711338,1.53617918161527e-06,1.4509663682428916e-05,0.004823878197075524,84
Gad1-F-000235,278,205,73,1603,205,73,0.0011956493339667403,1.0350501795372889e-05,2.8176070750581435e-05,0.013969147279031204,211
Gad1-F-000236,295,103,192,2283,103,192,0.0015805984493808425,0.0008236792543680473,1.382891534862467e-05,0.014823375709763328,283
Gad1-F-000237,562,64,498,2512,64,498,0.0007342508387842974,1.715267898325112e-06,1.1854269390242764e-05,0.028239786945379628,231
Gad1-F-000238,413,227,186,2635,227,186,0.010707187260165413,0.00013508320542076775,3.6810649083495226e-05,0.02075272599366866,352
Gad1-F-000239,468,207,261,2651,207,261,0.012125395570409812,3.4676718796081316e-05,3.615287745770587e-05,0.02351640621074318,352
Gad1-F-000240,448,144,304,2646,144,304,0.0022602538803815977,2.426425941588314e-05,2.416516039376301e-05,0.022511431586352444,211
Gad1-F-000241,369,57,312,1634,57,312,0.0007548262230267247,2.385882914794637e-06,2.1967531307321135e-05,0.018541781820009044,241
Gad1-F-000242,585,362,223,6955,362,223,0.006822317207616941,0.00043573321720999825,0.0001136979801968619,0.029395507763428974,241
Gad1-F-000243,567,273,294,3791,273,294,0.01407910528007197,5.792556250643992e-05,5.444378342759703e-05,0.028491030601477313,352
Gad1-F-000244,363,199,164,2169,199,164,0.0029751848725534063,3.23028508143065e-05,3.4799266153363024e-05,0.018240289432691823,225
Gad1-F-000245,1335,213,1122,7148,213,1122,0.0060108643654865805,0.00023747143596177322,3.6082918985988955e-05,0.06708205617808151,352
Gad1-F-000246,499,298,201,2652,298,201,0.004225052645148734,1.298485886373703e-05,8.531307585600027e-05,0.025074116878548817,269
Gad1-F-000248,144,128,16,405,128,16,0.003660571217125249,6.603611792950163e-06,1.4831864119983488e-05,0.007235817295613286,142
Gad1-F-000249,297,110,187,1906,110,187,0.0012060682938413853,1.1631349468596147e-05,2.0077670064697827e-05,0.014923873172202402,211
Gad1-F-000250,153,80,73,782,80,73,0.0003752022428419047,5.338074740616388e-07,1.679429818665351e-05,0.0076880558765891165,119
Gad1-F-000251,204,111,93,837,111,93,0.0010391000850174085,2.743050136065846e-05,1.827237783362626e-05,0.010250741168785488,142
Gad1-F-000253,423,262,161,3009,262,161,0.012328106102587803,0.00010456874995715148,4.202747119483714e-05,0.021255213305864027,352
Gad1-F-000254,514,180,334,4522,180,334,0.003453408446004887,8.801954220327726e-05,2.981343968879061e-05,0.02582784784684187,352
Gad1-F-000255,142,101,41,772,101,41,0.00037888204559197007,3.7362596319100906e-07,4.4920568009840304e-05,0.007135319833174212,105
Gad1-F-000256,62,34,28,424,34,28,8.554691057572617e-05,1.357973606999443e-07,2.538321397462779e-05,0.003115421335611276,56
Gad1-F-000257,521,84,437,2782,84,437,0.003234741720976274,0.0004196332004733882,0.00011498482896211493,0.026179588965378624,334
Gad1-F-000258,774,109,665,6154,109,665,0.0017837458462870081,8.093444965982348e-06,1.9059564077932396e-05,0.03889251796392141,352
Gad1-F-000259,396,214,182,2513,214,182,0.012039117421863773,2.7935764792024794e-05,3.160413652814129e-05,0.019898497562936535,343
Gad1-F-000260,136,115,21,659,115,21,0.0007121369577216222,1.1661954333601347e-06,4.663579414563048e-05,0.006833827445856992,104
Gad1-F-000262,97,45,52,650,45,52,7.363747045539467e-05,3.929876963383991e-07,1.8155690694167135e-05,0.004874126928295061,85
Gad1-F-000263,169,81,88,864,81,88,0.0003263613498740681,4.559789092279118e-07,3.277279286283333e-05,0.008492035576101703,115
Gad1-F-000264,381,256,125,1912,256,125,0.001463689079708004,1.077683925919187e-05,3.745177435140377e-05,0.019144766594643484,211
Gad1-F-000265,153,76,77,1016,76,77,0.0003627086113559836,1.6523409544006895e-06,8.64624843984339e-05,0.0076880558765891165,90
Gad1-F-000266,386,215,171,2471,215,171,0.012855014646427233,5.927098918148911e-05,4.285361066651143e-05,0.01939601025074117,345
Gad1-F-000267,438,213,225,2955,213,225,0.010225354813060727,6.258321572811421e-05,3.336462596376976e-05,0.022008944274157078,352
Gad1-F-000268,514,191,323,3325,191,323,0.005548696741291912,2.0542719708400374e-05,2.6939267143579756e-05,0.02582784784684187,352
Gad1-F-000269,444,248,196,2991,248,196,0.013042200938373643,2.9717107484815177e-05,3.9528418444280085e-05,0.0223104366614743,352
Gad1-F-000271,362,163,199,1519,163,199,0.0029910936587963883,9.056067630034014e-06,4.475522017595499e-05,0.018190040701472288,209
Gad1-F-000272,80,39,41,282,39,41,0.003309992096683534,1.4589847529068899e-06,1.1149374148609456e-05,0.004019898497562936,80
Gad1-F-000273,1143,1054,89,4496,1054,89,0.031099721589279265,3.3911940698646963e-05,0.0001324056237115515,0.057434299783930456,352
Gad1-F-000274,143,7,136,796,7,136,0.0002574759868929067,3.142475054091937e-06,1.0226949405589563e-05,0.0071855685643937494,136
Gad1-F-000275,401,231,170,2471,231,170,0.0032753104710163076,8.6899564650229e-05,3.194397494078923e-05,0.02014974121903422,215
Gad1-F-000277,392,215,177,2813,215,177,0.009713248466429219,5.156991886068755e-05,3.265521975395943e-05,0.01969750263805839,352
Gad1-F-000278,565,325,240,3515,325,240,0.009554886523069114,1.6330228306973354e-05,3.8969801892606766e-05,0.02839053313903824,352
Gad1-F-000279,594,237,357,4462,237,357,0.011763781982048199,0.00012356882012894027,4.1967312267279275e-05,0.029847746344404805,352
Gad1-F-000280,93,10,83,523,10,83,0.00048668271027061777,3.03249409159507e-06,9.191328369522053e-06,0.0046731320034169134,91
Gad1-F-000282,93,64,29,515,64,29,0.00011977156488482968,1.5188842884478533e-07,5.430634836755739e-05,0.0046731320034169134,78
Gad1-F-000283,154,86,68,510,86,68,0.00032300142839043316,7.218239248813802e-07,1.3054915001696621e-05,0.007738304607808653,131
Gad1-F-000286,536,381,155,3468,381,155,0.003865221736431844,6.422870211305881e-05,5.8171821372213594e-05,0.026933319933671675,241
Gad1-F-000287,140,112,28,683,112,28,0.0006106277627238494,1.2465602507231951e-06,3.493522108171418e-05,0.007034822370735139,103
Gad1-F-000288,393,219,174,2940,219,174,0.013545873389792424,3.1640450364253766e-05,3.995702371640242e-05,0.019747751369277925,349
Gad1-F-000289,534,169,365,4695,169,365,0.0036743282057794496,2.172975554836078e-05,2.7159220907796347e-05,0.0268328224712326,352
Gad1-F-000290,170,62,108,988,62,108,7.83543798816767e-05,1.8617972576281863e-07,6.221998024812316e-05,0.00854228430732124,98
Gad1-F-000291,167,102,65,1151,102,65,0.0009406737489714653,1.0253235057737089e-05,2.868251387684574e-05,0.00839153811366263,135
Gad1-F-000293,456,250,206,4151,250,206,0.011242219759086543,0.00015507579681327895,4.188383139507874e-05,0.02291342143610874,352
Gad1-F-000294,57,11,46,302,11,46,2.462745379094189e-05,3.5212943596786274e-09,8.119314222252337e-06,0.0028641776795135924,53
Gad1-F-000295,158,84,74,734,84,74,0.00041335922799531867,2.2587063643360886e-06,1.3130896688540102e-05,0.0079392995326868,128
Gad1-F-000297,386,191,195,2624,191,195,0.008965041163182462,3.8103021948481136e-05,2.8832577811545038e-05,0.01939601025074117,348
Gad1-F-000298,400,91,309,2378,91,309,0.0008853661435214209,1.519653448430635e-05,1.8815107792546396e-05,0.02009949248781468,211
Gad1-F-000299,443,249,194,3322,249,194,0.010436628256918152,8.7674754166912e-05,3.710539382419562e-05,0.02226018793025476,352
Gad1-F-000300,262,203,59,1883,203,59,0.0006123311440696916,1.0980053185861435e-06,0.00011984287489399607,0.013165167579518617,128
Gad1-F-000301,434,225,209,3168,225,209,0.011041117294023087,0.00010522587469134019,3.478765731655688e-05,0.021807949349278932,352
Gad1-F-000302,273,202,71,1236,202,71,0.010199819599235252,1.012533071945899e-05,2.6429544622737358e-05,0.01371790362293352,235
Gad1-F-000303,444,201,243,2371,201,243,0.012134939095447918,2.7844414266765243e-05,3.759089560770026e-05,0.0223104366614743,352
Gad1-F-000304,537,194,343,4047,194,343,0.004636157435123949,2.0606306594867393e-05,2.654753974239128e-05,0.02698356866489121,352
Gad1-F-000305,278,143,135,2090,143,135,0.0005321082589351717,1.0623485724693414e-06,8.834631501053832e-05,0.013969147279031204,145
Gad1-F-000306,680,126,554,3614,126,554,0.005313973099312483,3.1457817052775715e-06,1.4041401998601626e-05,0.03416913722928496,352
Gad1-F-000307,455,256,199,4071,256,199,0.013069513814332771,6.493579073277521e-05,4.2479167469774143e-05,0.0228631727048892,352
Gad1-F-000308,116,61,55,1126,61,55,0.0007365622304728692,3.095522105830772e-06,1.8901141886534918e-05,0.005828852821466258,100
Gad1-F-000309,261,86,175,1770,86,175,0.00048325187167639114,3.859693386630721e-06,1.8878106211109987e-05,0.01311491884829908,201
Gad1-F-000310,288,77,211,1217,77,211,0.00209629258445184,6.547726588564894e-05,1.5063194890316712e-05,0.014471634591226572,206
Gad1-F-000311,429,243,186,3486,243,186,0.012525310249469967,3.112528844156166e-05,4.075831514961681e-05,0.021556705693181247,349
Gad1-F-000312,165,83,82,728,83,82,0.0009651770159903565,1.8626029817432603e-06,3.274887358956877e-05,0.008291040651223557,122
Gad1-F-000313,517,164,353,3853,164,353,0.0028012547307359166,2.5023456797297888e-05,2.383902964051421e-05,0.02597859404050048,352
Gad1-F-000314,214,53,161,918,53,161,0.00017241217017705616,2.609202899331317e-07,3.000178970735554e-05,0.010753228480980856,148
Gad1-F-000315,179,46,133,588,46,133,0.00013643746088550865,1.0740662596050902e-07,1.7570581333082397e-05,0.008994522888297071,142
Gad1-F-000316,153,71,82,1041,71,82,0.0003155155403416331,1.4569974438379484e-06,2.3801511237153138e-05,0.0076880558765891165,90
Gad1-F-000317,496,78,418,3859,78,418,0.0008205826288222522,1.8478164095585385e-05,1.646746111561986e-05,0.024923370684890207,183
Gad1-F-000318,451,224,227,4138,224,227,0.012339547463550132,7.740112410365013e-05,3.641224508420919e-05,0.022662177780011054,352
Gad1-F-000319,120,30,90,716,30,90,0.00038214277050909183,9.8657651828509e-07,9.83516395289443e-06,0.006029847746344405,87
Gad1-F-000320,132,57,75,668,57,75,0.00037745772001423805,3.838117362579034e-07,1.4570221467649588e-05,0.006632832520978845,108
Gad1-F-000321,193,104,89,869,104,89,0.0006512324988639934,3.0662007991711234e-05,1.7433801881294087e-05,0.009698005125370585,142
Gad1-F-000322,236,208,28,953,208,28,0.00041286216403343934,3.2434059796882527e-07,6.292876597309371e-05,0.011858700567810663,150
Gad1-F-000323,798,593,205,5320,593,205,0.018370089400580204,3.665204427800831e-05,8.703204577110972e-05,0.04009848751319029,352
Gad1-F-000324,379,270,109,2152,270,109,0.0008571811654051636,2.743519058477854e-06,5.8343279252745473e-05,0.019044269132204413,181
Gad1-F-000325,204,72,132,1078,72,132,0.0001193818181474231,1.5333934207176933e-07,0.00010813654827430274,0.010250741168785488,106
Gad1-F-000326,407,224,183,2977,224,183,0.01204449753054126,2.616630148636847e-05,4.3174635567301076e-05,0.02045123360635144,348
Gad1-F-000327,115,44,71,585,44,71,0.0003887538167402731,3.2305366419059704e-06,1.919500060634614e-05,0.005778604090246721,95
Gad1-F-000328,86,12,74,522,12,74,6.406025187193292e-05,8.598164582550299e-08,8.876591436754338e-06,0.004321390884880157,75
Gad1-F-000329,448,206,242,3121,206,242,0.010237229465054079,0.00019871406258783068,3.7356282341087934e-05,0.022511431586352444,352
Gad1-F-000330,560,192,368,3939,192,368,0.004821751624867031,2.405836020830928e-05,2.4908086781727647e-05,0.028139289482940557,352
Gad1-F-000331,99,86,13,248,86,13,0.001664864310966708,6.236894673893233e-06,1.532392848708009e-05,0.004974624390734134,97
Gad1-F-000332,512,297,215,2348,297,215,0.0010208100042876402,2.352172198317402e-06,6.158982767564065e-05,0.025727350384402794,186
Gad1-F-000333,159,38,121,705,38,121,0.0005502803256931344,3.916142884939134e-06,1.052722684217464e-05,0.007989548263906337,102
Gad1-F-000334,497,294,203,4227,294,203,0.0039541160948138076,0.005079000847084259,3.689925255314498e-05,0.024973619416109743,348
Gad1-F-000335,114,44,70,696,44,70,0.00025641390077896307,1.4599913548543098e-06,1.3756168520371243e-05,0.005728355359027185,89
Gad1-F-000336,316,134,182,1393,134,182,0.0007502031583188739,3.333227787200799e-06,2.0856410012603406e-05,0.0158785990653736,182
Gad1-F-000337,636,424,212,8826,424,212,0.005900490151643853,0.011641476449128007,8.009522541525889e-05,0.03195819305562535,348
Gad1-F-000338,329,52,277,1972,52,277,0.0011336976850659735,1.1659655958771382e-05,1.2222770400120179e-05,0.016531832571227575,202
Gad1-F-000339,563,396,167,3249,396,167,0.01169016908115919,1.8871318538270128e-05,4.3925729429361446e-05,0.028290035676599167,352
Gad1-F-000340,233,170,63,1108,170,63,0.0007045352863100291,3.237771832810835e-06,1.7977660620264568e-05,0.011707954374152053,200
Gad1-F-000341,451,240,211,3435,240,211,0.012525257555776687,6.326071598982879e-05,4.142342257446704e-05,0.022662177780011054,352
Gad1-F-000342,244,110,134,952,110,134,0.0003174644731384944,2.8799760314288633e-07,3.3094141611465025e-05,0.012260690417566956,145
Gad1-F-000343,395,211,184,2587,211,184,0.012094108879523162,3.942247933622632e-05,3.5450984839134744e-05,0.019848248831717,349
Gad1-F-000344,357,162,195,1778,162,195,0.003466862646878101,1.29241967832726e-05,2.2664740000420175e-05,0.017938797045374603,303
Gad1-F-000345,828,189,639,6101,189,639,0.009959039878849133,4.2673879796682253e-05,3.050680574930886e-05,0.04160594944977639,352
Gad1-F-000346,507,197,310,3819,197,310,0.004849088346266534,5.437753850793845e-05,2.7556324411588716e-05,0.02547610672830511,352
Gad1-F-000347,98,79,19,459,79,19,0.0002433211181916758,2.8014745282896563e-07,2.05863385607529e-05,0.004924375659514597,90
Gad1-F-000348,421,166,255,2508,166,255,0.004005335409494413,3.079998422971515e-05,2.0406830119738347e-05,0.021154715843424952,352
Gad1-F-000349,264,53,211,1147,53,211,0.0006862835195583388,1.9439973837224122e-06,3.7079494600946776e-05,0.01326566504195769,196
Gad1-F-000350,197,114,83,1871,114,83,0.00040257338024912763,6.19416429640047e-05,0.00010401698330866221,0.009899000050248732,90
Gad1-F-000351,203,83,120,1060,83,120,0.0002654518169609901,3.102058352334046e-07,2.3699899818920493e-05,0.01020049243756595,114
Gad1-F-000352,577,388,189,3753,388,189,0.016863185932273806,3.425156795493854e-05,4.4565568895288175e-05,0.02899351791367268,352
Gad1-F-000353,393,205,188,2535,205,188,0.009550386381135612,7.821527225839886e-05,3.1319100594301914e-05,0.019747751369277925,337
Gad1-F-000354,405,196,209,3713,196,209,0.011836455069815016,3.1523510700683284e-05,3.702327649474477e-05,0.020350736143912366,352
Gad1-F-000356,509,175,334,3577,175,334,0.0036693638531255963,5.5257704760714336e-05,2.240903337368513e-05,0.025576604190744184,352
Gad1-F-000357,351,187,164,1990,187,164,0.008838093473680206,2.072696775703717e-05,2.6824937200653888e-05,0.017637304658057382,329
Gad1-F-000358,431,234,197,3567,234,197,0.01137946625177077,0.00012596230245234949,4.54497774581631e-05,0.021657203155620322,349
Gad1-F-000359,135,12,123,452,12,123,0.0002698541786460991,4.408793303439122e-05,9.437334147125262e-06,0.006783578714637455,135
Gad1-F-000360,220,86,134,728,86,134,0.0018134272149807086,1.5979191232231644e-06,1.9453126404275642e-05,0.011054720868298076,197
Gad1-F-000361,451,232,219,2558,232,219,0.003509787865889273,0.00087342207728183,2.8197786573756274e-05,0.022662177780011054,346
Gad1-F-000362,244,68,176,1105,68,176,0.0002344470747550637,2.927719344848641e-07,3.5935908313309794e-05,0.012260690417566956,148
Gad1-F-000363,276,98,178,1107,98,178,0.004731039804808154,2.441473620524086e-05,1.5633590992758642e-05,0.013868649816592131,189
Gad1-F-000364,169,42,127,1079,42,127,0.0005437464901475278,7.04853796459029e-06,1.4935669824432904e-05,0.008492035576101703,108
Gad1-F-000365,382,206,176,2409,206,176,0.012325550320353262,5.50926598034074e-05,3.927634957123662e-05,0.019195015325863023,345
Gad1-F-000366,576,259,317,3505,259,317,0.0035076845214048625,2.1231878907527016e-05,2.1542920390756344e-05,0.028943269182453144,352
Gad1-F-000367,283,6,277,2151,6,277,2.1521161950085706e-05,1.0435854189354922e-07,8.636302521973113e-06,0.014220390935128889,211
Gad1-F-000368,696,194,502,3501,194,502,0.010029088428801717,0.0001166974424901866,3.319757808077634e-05,0.03497311692879755,352
Gad1-F-000369,291,220,71,2127,220,71,0.0030062384016129122,1.5018574269896123e-05,3.9705999331305424e-05,0.014622380784885182,233
Gad1-F-000370,325,52,273,1005,52,273,0.0005413240227603939,9.452925377286822e-07,1.2989220934625579e-05,0.01633083764634943,231
Gad1-F-000371,455,258,197,3716,258,197,0.011531932711371934,9.376038606583812e-05,3.761325144822158e-05,0.0228631727048892,352
Gad1-F-000373,371,194,177,2943,194,177,0.011495722353661706,2.7471215845562244e-05,3.202033618967186e-05,0.018642279282448118,343
Gad1-F-000374,883,127,756,4794,127,756,0.0016948542685601348,8.331266740605989e-05,1.2781252498146086e-05,0.044369629666850915,352
Gad1-F-000375,127,117,10,431,117,10,0.0025941897070375715,4.1303156112198915e-06,1.6199906357886677e-05,0.006381588864881162,122
Gad1-F-000376,79,28,51,336,28,51,0.0005301950807390015,5.247915934609188e-07,1.2810384078789102e-05,0.0039696497663434,79
Gad1-F-000377,760,113,647,3764,113,647,0.0014893606730727,3.352880032212042e-05,1.2241444168041048e-05,0.0381890357268479,352
Gad1-F-000378,598,391,207,3497,391,207,0.007853571539521473,6.173588701893977e-06,3.291990210479351e-05,0.03004874126928295,352
Gad1-F-000379,404,219,185,3022,219,185,0.008576254082350084,3.541136997575534e-05,3.1835272021582074e-05,0.02030048741269283,349
Gad1-F-000380,420,221,199,3151,221,199,0.012298969660818575,4.661388581983857e-05,3.8453878489194474e-05,0.021104467112205417,352
Gad1-F-000381,502,262,240,2567,262,240,0.0012772489858822941,1.9787796105161732e-05,2.557474802581942e-05,0.025224863072207428,211
Gad1-F-000382,304,257,47,1279,257,47,0.0005543549196971968,5.401689694927344e-07,8.330448527279624e-05,0.015275614290739158,150
Gad1-F-000384,420,215,205,3011,215,205,0.0011725796192641658,2.5367774796856637e-05,2.4093564786767818e-05,0.021104467112205417,229
Gad1-F-000385,589,245,344,3146,245,344,0.010072002848637126,0.00010129136270271007,3.652930444559701e-05,0.02959650268830712,352
Gad1-F-000386,549,198,351,3269,198,351,0.012060020731952998,0.00010120814291620492,4.04014919271154e-05,0.027586553439525652,352
Gad1-F-000387,530,192,338,3607,192,338,0.004038356882728745,3.164217510572434e-05,2.5765757432705262e-05,0.026631827546354455,352
Gad1-F-000388,396,208,188,3024,208,188,0.011012561386544627,0.00014938290731272662,3.892299935451582e-05,0.019898497562936535,348
Gad1-F-000389,87,31,56,274,31,56,0.00039065288603247326,2.5947514815614767e-06,1.3435667472962332e-05,0.004371639616099694,79
Gad1-F-000390,503,159,344,3467,159,344,0.004409821227543665,1.1737154407887909e-05,2.318540572723018e-05,0.025275111803426963,352
Gad1-F-000391,407,330,77,2430,330,77,0.002364167601932415,5.447468243214643e-05,6.197487374336133e-05,0.02045123360635144,211
Gad1-F-000392,871,190,681,5310,190,681,0.010955595192971932,4.4098471267859904e-05,3.30163733392194e-05,0.043766644892216475,352
Gad1-F-000393,359,82,277,2915,82,277,0.000994134348357379,2.5165408177498165e-06,1.373269255437401e-05,0.018039294507813677,211
Gad1-F-000394,503,151,352,7425,151,352,0.0021570313125213684,0.00044661671091321,1.863733218918234e-05,0.025275111803426963,346
Gad1-F-000395,342,173,169,2178,173,169,0.0006921396748978965,2.0682023712619155e-06,1.7904029660785004e-05,0.017185066077081555,211
Gad1-F-000396,72,57,15,287,57,15,0.001345580218046573,2.004796413923474e-05,1.53806357771347e-05,0.003617908647806643,70
Gad1-F-000397,381,196,185,2848,196,185,0.011432954769230702,5.8611254417966124e-05,3.871907170768849e-05,0.019144766594643484,349
Gad1-F-000398,458,154,304,3448,154,304,0.0028927531926779587,2.0891029847121052e-05,2.3204141884928174e-05,0.02301391889854781,352
Gad1-F-000399,979,156,823,12448,156,823,0.003364023940484536,1.2142421687216846e-05,2.4206657458309123e-05,0.049193507863926435,352
Gad1-F-000401,254,20,234,667,20,234,9.597680535958567e-05,5.291006875952615e-06,8.130285583760284e-06,0.012763177729762324,150
Gad1-F-000402,227,169,58,806,169,58,0.0030587775450346888,1.232916286295238e-06,1.4830942219398358e-05,0.011406461986834832,214
Gad1-F-000403,388,206,182,2947,206,182,0.012422636318035299,4.428225496225416e-05,3.7241407523408524e-05,0.019496507713180244,352
Gad1-F-000404,420,218,202,3319,218,202,0.012309221002963607,5.0996799380505506e-05,3.8777643796611336e-05,0.021104467112205417,352
Gad1-F-000405,439,228,211,3525,228,211,0.010029748806373766,3.253685576509794e-05,3.6328669287085885e-05,0.022059193005376614,352
Gad1-F-000406,619,350,269,2479,350,269,0.011131559588307197,8.046303630657247e-06,2.3393208619890214e-05,0.031103964624893222,352
Gad1-F-000407,160,79,81,507,79,81,0.0012174422529027265,2.9841634192434577e-06,1.1788617027595972e-05,0.008039796995125872,136
Gad1-F-000408,1255,1237,18,13204,1237,18,0.03773232073681981,0.0001613271982827916,0.0002196670165274635,0.06306215768051857,352
Gad1-F-000410,27,25,2,89,25,2,0.00016589011857889326,1.1162953321885829e-07,2.4281467335268316e-05,0.001356715742927491,26
Gad1-F-000411,33,32,1,109,32,1,0.00018019743448679815,1.8023061547411386e-07,1.513483621188597e-05,0.0016582081302447113,33
Gad1-F-000412,421,239,182,3726,239,182,0.013520655951259283,5.154494965821133e-05,5.277427748700768e-05,0.021154715843424952,352
Gad1-F-000413,407,231,176,3367,231,176,0.013455131364789133,7.905890788434762e-05,4.4730369554969776e-05,0.02045123360635144,352
Gad1-F-000414,435,243,192,3125,243,192,0.012845010793428821,5.1243729050468884e-05,3.865525970607791e-05,0.021858198080498468,352
Gad1-F-000415,587,221,366,3141,221,366,0.010099088531804634,0.00014453033154238347,3.616214091030387e-05,0.029496005225868045,352
Gad1-F-000417,156,37,119,382,37,119,0.0007943037274512446,9.137563757499351e-06,1.047804016343886e-05,0.007838802070247727,152
Gad1-F-000418,399,209,190,3280,209,190,0.010453986093070524,8.071493615435011e-05,3.2334332545224436e-05,0.020049243756595145,352
Gad1-F-000419,451,257,194,3662,257,194,0.013260414357916014,4.5960714120848156e-05,4.777786456114934e-05,0.022662177780011054,352
Gad1-F-000420,698,674,24,6993,674,24,0.024023447552001413,0.00017350105318115407,0.0001221160624777743,0.03507361439123662,352
Gad1-F-000421,431,221,210,3049,221,210,0.01242948652840176,3.342063034488445e-05,4.559300123349687e-05,0.021657203155620322,345
Gad1-F-000422,500,247,253,3547,247,253,0.011639985717446368,0.0001133932955024211,3.688685857344035e-05,0.025124365609768353,352
Gad1-F-000423,726,88,638,3731,88,638,0.0012416294202860498,7.573091649671617e-06,9.901660918218707e-06,0.036480578865383646,352
Gad1-F-000425,385,204,181,2794,204,181,0.010542163614215264,9.779786206161901e-05,3.1384942468686315e-05,0.019345761519521634,348
Gad1-F-000426,352,211,141,1554,211,141,0.0023646551085536073,3.874155352719573e-05,2.621215173250191e-05,0.01768755338927692,213
Gad1-F-000427,934,272,662,5491,272,662,0.003941190260499794,2.8083945053724044e-05,2.1500756743951123e-05,0.04693231495904728,352
Gad1-F-000428,628,203,425,4021,203,425,0.010294166107635748,7.563134501819771e-05,3.2554032624889613e-05,0.03155620320586905,352
Gad1-F-000429,746,297,449,10892,297,449,0.003982353399572012,0.0016359127352606518,4.5599911471429225e-05,0.037485553489774386,348
Gad1-F-000430,135,49,86,726,49,86,0.00045012069798799654,1.1834266108816151e-06,1.571973554221884e-05,0.006783578714637455,103
Gad1-F-000431,818,463,355,8355,463,355,0.006173986700280755,0.00024120779488473535,8.2605392417122e-05,0.04110346213758102,337
Gad1-F-000432,330,256,74,1490,256,74,0.0010294934848414762,6.484526721885191e-06,3.463178550077855e-05,0.016582081302447114,211
Gad1-F-000433,367,189,178,2184,189,178,0.009882518916181504,0.00012502123785267393,3.0616195869684424e-05,0.018441284357569972,342
Gad1-F-000434,208,88,120,895,88,120,0.0008779177711359917,4.293677805826966e-06,2.611837559872365e-05,0.010451736093663636,135
Gad1-F-000435,156,97,59,797,97,59,0.00031874556763483686,4.693350741321197e-07,1.6594356221446753e-05,0.007838802070247727,131
Gad1-F-000436,234,171,63,1203,171,63,0.0007231911787029604,8.94973290940839e-07,0.00013838257087688327,0.01175820310537159,127
Gad1-F-000437,143,96,47,599,96,47,0.0004502970292782539,3.974810809712677e-06,1.7375671527147476e-05,0.0071855685643937494,122
Gad1-F-000438,406,203,203,3656,203,203,0.011078394139451664,5.1616827329057396e-05,4.117452898983202e-05,0.0204009848751319,352
Gad1-F-000439,664,245,419,4806,245,419,0.012348320769166792,9.946587122585892e-05,5.0261998372547576e-05,0.03336515752977237,352
Gad1-F-000440,363,199,164,3331,199,164,0.011731310489404347,6.33891837970004e-05,4.161044384058103e-05,0.018240289432691823,332
Gad1-F-000442,161,54,107,876,54,107,0.0007042372694703096,6.747152241312526e-06,1.4125023782760464e-05,0.00809004572634541,111
Gad1-F-000443,860,11,849,11233,11,849,0.00041860982091128824,8.687094102173665e-08,7.921562057037911e-06,0.043213908848801566,352
Gad1-F-000444,238,7,231,1097,7,231,6.338321889696928e-05,2.5091796855118186e-08,9.867662764260506e-06,0.011959198030249736,145
Gad1-F-000445,542,271,271,3599,271,271,0.012262910124797365,0.00012382430635211555,4.7218359242960494e-05,0.027234812320988896,352
Gad1-F-000446,473,196,277,3482,196,277,0.005907135288715937,1.8117611552116642e-05,2.72288873001153e-05,0.02376764986684086,352
Gad1-F-000447,412,236,176,2755,236,176,0.011552144969169561,0.00013198535602857472,3.9608408338030304e-05,0.020702477262449122,350
Gad1-F-000448,411,223,188,2710,223,188,0.011491949327536577,0.0001221589565286015,7.174779369165034e-05,0.020652228531229586,348
Gad1-F-000449,290,258,32,1095,258,32,0.000385798721193047,8.658255205787648e-08,7.813629223199289e-05,0.014572132053665645,150
Gad1-F-000450,256,203,53,1257,203,53,0.0003810932892568909,2.485374444027339e-07,9.586807987838998e-05,0.012863675192201397,145
Gad1-F-000451,569,454,115,3596,454,115,0.002539199246100954,5.1633639448829375e-05,8.464126472532878e-05,0.028591528063916388,205
Gad1-F-000452,19,11,8,39,11,8,1.272055216851884e-05,5.551735314661761e-09,1.0761390380720747e-05,0.0009547258931711974,19
Gad1-F-000453,180,68,112,861,68,112,0.0008512955743758038,7.284128429214412e-06,1.9701009476067453e-05,0.009044771619516606,120
Gad1-F-000454,253,179,74,1438,179,74,0.00047878762234809796,5.118062853382472e-07,6.1009147941253233e-05,0.012712928998542787,135
Gad1-F-000455,522,169,353,4490,169,353,0.005178589049409079,1.489224168030853e-05,2.478588693222959e-05,0.02622983769659816,352
Gad1-F-000456,237,180,57,1201,180,57,0.0004790681773435552,7.526608085670553e-07,6.216934317886517e-05,0.0119089492990302,141
Gad1-F-000457,244,156,88,846,156,88,0.0004110349902925179,4.222556274669784e-07,2.9183247639912986e-05,0.012260690417566956,148
Gad1-F-000458,117,52,65,730,52,65,0.0004844454215681543,5.232313613742409e-06,1.8964951924965953e-05,0.005879101552685795,95
Gad1-F-000459,394,199,195,2893,199,195,0.009969722966703393,6.592306994839118e-05,3.130240892212846e-05,0.019798000100497464,352
Gad1-F-000460,516,174,342,4040,174,342,0.005268862111537514,1.801427281755657e-05,2.3624616682735418e-05,0.02592834530928094,352
Gad1-F-000461,273,244,29,1181,244,29,0.00036168255937445403,2.548652170400799e-07,8.063193247257633e-05,0.01371790362293352,148
Gad1-F-000462,200,127,73,922,127,73,0.00019970979649817238,1.0821501716389486e-07,5.593451180305727e-05,0.01004974624390734,136
Gad1-F-000463,686,240,446,4828,240,446,0.01166825755658262,4.591601720671897e-05,3.924569255785192e-05,0.03447062961660218,352
Gad1-F-000464,983,268,715,7126,268,715,0.0039054848162167677,2.1524098415552586e-05,2.1864678379112968e-05,0.049394502788804584,352
Gad1-F-000465,536,204,332,4134,204,332,0.007109322584144545,1.688513370850714e-05,2.8056092795349587e-05,0.026933319933671675,352
Gad1-F-000466,240,228,12,1113,228,12,0.0056056657117800265,9.56016380523578e-06,2.029808066227095e-05,0.01205969549268881,228
Gad1-F-000467,221,118,103,1328,118,103,0.0005177188290478576,1.267559289651626e-06,3.9838011098304574e-05,0.011104969599517612,141
Gad1-F-000469,1461,1375,86,15686,1375,86,0.042274247553018854,0.0002732728328556801,0.00026496069370616956,0.07341339631174312,352
Gad1-F-000470,126,25,101,751,25,101,0.00018241355483080503,3.3359224918791533e-07,1.0774784080028835e-05,0.006331340133661625,98
Gad1-F-000471,218,136,82,971,136,82,0.002214217404677791,6.864062690439996e-06,2.6541767241408856e-05,0.010954223405859002,154
Gad1-F-000472,198,56,142,762,56,142,0.0007007197850928555,7.49862854428564e-06,1.1639118468089225e-05,0.009949248781468268,133
Gad1-F-000473,131,85,46,1314,85,46,0.000273498214039519,3.4022980225199125e-06,6.873101572857871e-05,0.006582583789759309,94
Gad1-F-000474,400,280,120,2552,280,120,0.0016751043075347923,1.9041237164901378e-05,6.600331259905367e-05,0.02009949248781468,205
Gad1-F-000475,199,49,150,736,49,150,0.00016707347266783408,1.7976795133466595e-07,1.92389513201471e-05,0.009999497512687805,148
Gad1-F-000476,123,47,76,606,47,76,0.0004884137327979703,6.425996984400149e-06,2.18680621706219e-05,0.0061805939400030145,90
Gad1-F-000477,107,53,54,416,53,54,0.0004828803711496492,6.24997896650813e-06,1.2748931250461819e-05,0.005376614240490428,83
Gad1-F-000478,223,123,100,1285,123,100,0.0005776631384695277,2.688703076036894e-06,2.1429705022002036e-05,0.011205467061956685,148
Gad1-F-000479,177,41,136,674,41,136,0.0009233829315196333,1.1005843600285974e-06,0.00012003036673471707,0.008894025425857996,159
Gad1-F-000480,279,97,182,1154,97,182,0.0015986689501079332,2.5588134726530274e-06,2.0211365632693613e-05,0.014019396010250741,214
Gad1-F-000481,191,135,56,744,135,56,0.00025944198516697373,2.1066368726629296e-07,4.891822498064841e-05,0.009597507662931512,138
Gad1-F-000482,143,52,91,737,52,91,0.0005085802591263238,2.462110103557729e-06,2.0224767696231528e-05,0.0071855685643937494,99
Gad1-F-000483,430,150,280,2421,150,280,0.0009536566943076092,2.624098999733213e-05,2.3711889487117954e-05,0.021606954424400783,211
Gad1-F-000484,547,159,388,4306,159,388,0.0026188378577360356,3.8921839800626e-05,2.0848175270853394e-05,0.027486055977086577,352
Gad1-F-000485,675,490,185,4470,490,185,0.019866253870835605,5.7316419983438616e-05,6.02712578403259e-05,0.03391789357318728,352
Gad1-F-000486,494,274,220,3526,274,220,0.012451591367449335,0.0001273330999103904,4.972576898034346e-05,0.024822873222451133,352
Gad1-F-000487,391,207,184,2706,207,184,0.011870619355621042,3.8633087712884476e-05,3.597450702261123e-05,0.019647253906838854,337
Gad1-F-000488,28,20,8,119,20,8,5.451012744844574e-05,2.4639808343305176e-08,1.4452991452707639e-05,0.0014069644741470278,27
Gad1-F-000489,103,95,8,383,95,8,0.00028524649489402866,3.231889610548577e-07,4.061345154221808e-05,0.0051756193156122805,85
Gad1-F-000490,480,265,215,4388,265,215,0.014348145271729744,4.15196241440037e-05,4.317723250317983e-05,0.02411939098537762,352
Gad1-F-000491,92,39,53,415,39,53,0.0001689789603731812,2.5226043135348547e-07,1.4152572312300039e-05,0.004622883272197377,78
Gad1-F-000493,169,127,42,573,127,42,0.00023464378301799477,1.3958179442961107e-07,2.758382022293848e-05,0.008492035576101703,140
Gad1-F-000494,269,106,163,1303,106,163,0.0008000062386669055,1.5829793484566214e-05,1.8356039312062467e-05,0.013516908698055373,186
Gad1-F-000495,321,252,69,1531,252,69,0.0004221660401653202,3.698075846044841e-07,7.293556723518525e-05,0.016129842721471284,148
Gad1-F-000496,339,279,60,1680,279,60,0.0004967820908894573,2.729979228881082e-07,8.848599684285817e-05,0.017034319883422945,150
Gad1-F-000497,217,101,116,1412,101,116,0.0004574710686981132,5.126210614597951e-07,2.924550119983585e-05,0.010903974674639466,128
Gad1-F-000498,204,94,110,1316,94,110,0.00044399051430198333,8.769733854810217e-07,4.3499053103694956e-05,0.010250741168785488,125
Gad1-F-000499,242,161,81,1161,161,81,0.0010137877232149364,2.9337769666050864e-05,2.4463400009595396e-05,0.012160192955127883,164
Gad1-F-000500,426,230,196,3263,230,196,0.010215138870651863,4.830523269397249e-05,3.4163863292983484e-05,0.021405959499522637,352
Gad1-F-000501,259,82,177,1018,82,177,0.00023499983169131795,1.2049847212553893e-07,3.550017145637945e-05,0.013014421385860007,148
Gad1-F-000502,98,47,51,492,47,51,0.00026229148970234606,1.867444393369832e-07,1.4623027630564392e-05,0.004924375659514597,90
Gad1-F-000503,65,39,26,348,39,26,0.00022924049655864275,5.6267369446293404e-06,4.080957336070322e-05,0.003266167529269886,52
Gad1-F-000504,177,89,88,1002,89,88,0.0006076264121496253,1.4560263768221177e-05,1.8730925478329218e-05,0.008894025425857996,124
Gad1-F-000505,237,52,185,1059,52,185,0.0004237219436818696,1.384814540376073e-06,1.24959658948798e-05,0.0119089492990302,144
Gad1-F-000506,135,75,60,966,75,60,0.0007413210225765996,2.7609704780746115e-06,2.1424645369606484e-05,0.006783578714637455,105
Gad1-F-000507,49,36,13,122,36,13,6.360820418289107e-05,2.5435520425844593e-08,1.7529071894471944e-05,0.0024621878297572987,49
Gad1-F-000508,315,90,225,2316,90,225,0.006344873915460998,3.4533871626191583e-06,1.690742124850696e-05,0.015828350334154064,285
Gad1-F-000509,116,37,79,680,37,79,6.905976278638194e-05,6.539816900950411e-08,5.003021702381229e-05,0.005828852821466258,83
Gad1-F-000510,109,62,47,629,62,47,0.00010159758680154843,5.548833894930357e-07,3.8101622598914176e-05,0.005477111702929501,88
Gad1-F-000511,371,261,110,1821,261,110,0.0006752844007631301,9.947577177120811e-07,0.00010393255329068231,0.018642279282448118,148
Gad1-F-000512,177,74,103,1037,74,103,0.0013818873852438022,5.441980793347216e-06,2.0013412951689045e-05,0.008894025425857996,133
Gad1-F-000513,109,26,83,606,26,83,0.0001772712754343725,1.1739230679075627e-07,1.6994602007275698e-05,0.005477111702929501,92
Gad1-F-000514,60,53,7,144,53,7,0.0001244761275864693,8.606953860770726e-08,2.736631729949161e-05,0.0030149238731722026,54
Gad1-F-000515,147,63,84,705,63,84,0.0002639357514298568,6.176280482459022e-07,1.7781336079246702e-05,0.007386563489271896,112
Gad1-F-000516,157,95,62,732,95,62,0.0012794569232109831,1.5219561440744927e-06,1.6048784799145822e-05,0.007889050801467262,131
Gad1-F-000518,389,210,179,2410,210,179,0.010675552586554936,5.629961906277031e-05,3.079742854011375e-05,0.01954675644439978,345
Gad1-F-000519,238,72,166,1081,72,166,0.00019102526056309732,4.675438476177959e-07,2.620030360856642e-05,0.011959198030249736,121
Gad1-F-000520,664,379,285,10279,379,285,0.005154039966851826,0.012037624191340792,9.012755108897415e-05,0.03336515752977237,348
Gad1-F-000521,202,112,90,988,112,90,0.0008060047521060941,5.371234960706522e-06,2.208300769337279e-05,0.010150243706346415,185
Gad1-F-000522,245,82,163,1106,82,163,0.0003153219496553138,3.8940535872530403e-07,3.4518813196349306e-05,0.012310939148786493,150
Gad1-F-000523,203,141,62,833,141,62,0.0009076660848713955,9.71229480789597e-07,4.898594988448488e-05,0.01020049243756595,122
Gad1-F-000524,147,38,109,1016,38,109,0.00029219317322782623,8.889806124699604e-07,1.3320189059018086e-05,0.007386563489271896,100
Gad1-F-000525,101,56,45,416,56,45,0.000471543694243043,4.91616561627702e-07,2.5563675797446716e-05,0.005075121853173208,86
Gad1-F-000526,218,90,128,1124,90,128,0.001488185261839349,9.939326877541986e-06,2.2625657822432273e-05,0.010954223405859002,135
Gad1-F-000527,168,124,44,520,124,44,0.003775950224337835,8.828124096493138e-06,1.6576095480989623e-05,0.008441786844882167,163
Gad1-F-000528,446,254,192,4341,254,192,0.014014800333371106,4.851793438673062e-05,5.181131531942926e-05,0.02241093412391337,352
Gad1-F-000529,229,136,93,1826,136,93,0.0007399872294964511,2.1271596300768535e-05,1.841836188621432e-05,0.011506959449273905,203
Gad1-F-000530,65,46,19,294,46,19,0.0006185147737162609,2.2207181134597933e-06,1.201426366783268e-05,0.003266167529269886,62
Gad1-F-000531,190,83,107,1088,83,107,0.000504203537817001,1.8120224671765408e-06,1.8312897298516654e-05,0.009547258931711974,181
Gad1-F-000532,45,6,39,129,6,39,1.312952309215917e-05,1.7653792594404437e-09,8.767870763793336e-06,0.0022611929048791516,43
Gad1-F-000533,230,43,187,1322,43,187,0.0005756532924402645,4.535212391390676e-06,1.1984173292547181e-05,0.011557208180493442,152
Gad1-F-000534,307,36,271,1665,36,271,0.00040172161560550365,3.933848616075029e-06,9.093790131616598e-06,0.015426360484397768,211
Gad1-F-000535,328,279,49,1233,279,49,0.0007185597186795719,3.7569007446833246e-07,6.690969701068739e-05,0.01648158384000804,150
Gad1-F-000537,164,60,104,995,60,104,0.0004035288508303592,4.830600856250826e-07,2.2667938062813345e-05,0.00824079192000402,120
Gad1-F-000538,17,7,10,46,7,10,2.1861274800091997e-05,6.4739897097911704e-09,1.1560397520263718e-05,0.000854228430732124,17
Gad1-F-000539,865,139,726,5453,139,726,0.003824447314818963,6.296505903506069e-06,1.4700888153352416e-05,0.043465152504899254,352
Gad1-F-000540,356,114,242,2281,114,242,0.0007852272580795361,3.7327854604804615e-06,1.578980631628262e-05,0.017888548314155067,205
Gad1-F-000541,143,66,77,636,66,77,0.0015360938888754898,5.322051360834594e-05,1.3300788774166989e-05,0.0071855685643937494,137
Gad1-F-000542,194,23,171,1018,23,171,9.187102260163217e-05,6.418533801044767e-08,1.2829444042306951e-05,0.009748253856590122,121
Gad1-F-000543,909,222,687,4928,222,687,0.003195984546432345,4.24446508894353e-05,1.878709781030384e-05,0.04567609667855887,352
Gad1-F-000544,210,114,96,890,114,96,0.0007641943584358025,9.906923081805024e-06,2.3700799128020565e-05,0.010552233556102708,127
Gad1-F-000545,867,127,740,4499,127,740,0.005052384378790339,1.9423461777622237e-05,2.3422930660438776e-05,0.043565649967338325,352
Gad1-F-000546,19,3,16,57,3,16,5.839559111974758e-06,3.781807458845217e-09,8.110051039282476e-06,0.0009547258931711974,19
Gad1-F-000547,687,324,363,4567,324,363,0.005318691571836286,3.794125629551203e-05,3.121632115452578e-05,0.03452087834782172,352
Gad1-F-000548,20,9,11,54,9,11,4.2744095902169306e-05,4.0155288407626874e-08,1.4638934833875706e-05,0.001004974624390734,18
Gad1-F-000549,410,137,273,2692,137,273,0.000974129841166107,1.7255837176083174e-05,2.1162031994686165e-05,0.02060197980001005,211
Gad1-F-000550,295,133,162,1573,133,162,0.0006772408854411054,8.742903799482973e-06,1.5432519408573264e-05,0.014823375709763328,205
Gad1-F-000551,41,17,24,206,17,24,2.7562287697305833e-05,1.950044551175466e-08,1.8090630199313715e-05,0.002060197980001005,36
Gad1-F-000552,28,24,4,62,24,4,0.00011585164925818226,4.409359305203816e-08,9.917183105357565e-06,0.0014069644741470278,28
Gad1-F-000553,127,91,36,639,91,36,0.0003752377578536092,2.9403069467324447e-07,3.2273976943422583e-05,0.006381588864881162,101
Gad1-F-000554,459,89,370,2236,89,370,0.0006483327523679071,8.465755415223714e-07,1.8140954758184872e-05,0.02306416762976735,221
Gad1-F-000555,56,39,17,208,39,17,0.0001139210043040107,7.233942828195574e-08,2.169683287740211e-05,0.0028139289482940555,52
Gad1-F-000556,1127,322,805,8046,322,805,0.006508424143230439,6.494489941794357e-05,2.672125022058633e-05,0.056630320084417866,352
Gad1-F-000557,1075,292,783,7301,292,783,0.0049309000533289135,1.681066781063308e-05,0.0005974449868605625,0.05401738606100196,352
Gad1-F-000558,301,192,109,1715,192,109,0.0006710154983338804,1.2988249564127726e-06,7.445222758438443e-05,0.015124868097080548,146
Gad1-F-000560,422,237,185,2588,237,185,0.0034658256688185345,1.2699720627363168e-05,5.113151031344309e-05,0.02120496457464449,231
Gad1-F-000561,468,257,211,3324,257,211,0.013503607144370825,6.730053090719446e-05,4.1598019096778314e-05,0.02351640621074318,352
Gad1-F-000562,168,87,81,885,87,81,0.0003212726788512077,1.069122648030029e-06,1.661960970238122e-05,0.008441786844882167,134
Gad1-F-000563,101,47,54,243,47,54,0.00020819665832957896,5.379324721469852e-07,8.919934474228186e-06,0.005075121853173208,99
Gad1-F-000564,121,54,67,1122,54,67,0.0006648104760014635,1.9488376164498846e-06,2.174610790113899e-05,0.006080096477563942,94
Gad1-F-000565,116,10,106,635,10,106,5.3481102575653556e-05,1.2133574775754776e-07,1.0698281528826732e-05,0.005828852821466258,107
Gad1-F-000566,271,245,26,955,245,26,0.007524703373360609,3.2005378692828285e-05,2.7612939565547495e-05,0.013617406160494448,256
Gad1-F-000567,845,29,816,8545,29,816,0.001440122061508675,5.205967996757719e-07,8.350581300788129e-06,0.042460177880508515,352
Gad1-F-000569,241,147,94,1058,147,94,0.0005984344293696717,3.929512360760429e-06,2.338181462117915e-05,0.012109944223908346,148
Gad1-F-000570,211,88,123,1128,88,123,0.0006554016323913603,1.6769727134996906e-05,1.768916736768495e-05,0.010602482287322246,135
Gad1-F-000571,167,83,84,732,83,84,0.0007004542227608238,2.0516772010725153e-06,1.9296752519774324e-05,0.00839153811366263,128
Gad1-F-000572,232,148,84,1413,148,84,0.0003660685217529709,4.153974807960933e-07,8.89760860566246e-05,0.011657705642932515,135
Gad1-F-000573,531,74,457,2091,74,457,0.0018870238252600786,2.7332482089330822e-05,2.6907807580712703e-05,0.02668207627757399,351
Gad1-F-000574,627,450,177,4590,450,177,0.017584478354732456,5.2329715260505785e-05,5.7375973915392166e-05,0.03150595447464952,352
Gad1-F-000575,181,89,92,617,89,92,0.0015119416045501846,1.5648954681559846e-05,1.325100999757001e-05,0.009095020350736144,163
Gad1-F-000576,386,356,30,2103,356,30,0.0006597724951541124,7.316037933314488e-07,0.00014978783320652623,0.01939601025074117,148
Gad1-F-000578,1186,86,1100,9622,86,1100,0.002194256740463271,4.652946161605461e-06,1.3520662041115423e-05,0.05959499522637053,352
Gad1-F-000579,132,94,38,678,94,38,0.000362539466777644,4.784392863558782e-07,3.383139554812972e-05,0.006632832520978845,107
Gad1-F-000581,31,17,14,85,17,14,5.375090661951361e-05,4.478088314337612e-08,1.0527136740649849e-05,0.001557710667805638,31
Gad1-F-000582,83,49,34,327,49,34,0.0001329232032002693,8.095789150446116e-08,1.6269108359200383e-05,0.004170644691221546,70
Gad1-F-000583,78,10,68,424,10,68,5.5134501556754466e-05,1.676486018555034e-08,8.942163883757615e-06,0.003919401035123863,63
Gad1-F-000585,98,83,15,289,83,15,0.00017484039230836963,2.1036453979054852e-07,2.1191435670861957e-05,0.004924375659514597,91
Gad1-F-000586,40,20,20,219,20,20,1.0602681352926861e-05,2.6542511304819674e-09,2.7156265741192176e-05,0.002009949248781468,37
Gad1-F-000587,512,188,324,2837,188,324,0.008610239057702392,4.56624704747398e-05,3.056655447661104e-05,0.025727350384402794,348
Gad1-F-000588,235,147,88,1893,147,88,0.00048283027602130814,1.217169501336484e-06,9.309480472426215e-05,0.011808451836591126,135
Gad1-F-000589,165,139,26,1051,139,26,0.0015302911206585366,2.4676623427287688e-05,9.324545975690481e-05,0.008291040651223557,117
Gad1-F-000590,340,316,24,2030,316,24,0.0006374673180952154,6.604328284667053e-07,0.0001306536688241965,0.01708456861464248,148
Gad1-F-000591,113,58,55,741,58,55,0.0001394440676203233,4.859530786856519e-07,5.9231086254487815e-05,0.0056781066278076475,85
Gad1-F-000592,95,38,57,760,38,57,0.00034351821792718196,1.4306412064141755e-06,1.185499572168021e-05,0.004773629465855987,85
Gad1-F-000593,69,12,57,265,12,57,0.0001003936867397724,1.199407848366354e-07,8.128406384543993e-06,0.0034671624541480327,65
Gad1-F-000594,304,83,221,1199,83,221,0.0009425634545548339,1.1780355606290025e-06,1.24476383895777e-05,0.015275614290739158,188
Gad1-F-000595,26,17,9,110,17,9,5.911483533115158e-05,3.910895493627746e-08,1.4764782043018576e-05,0.0013064670117079544,26
Gad1-F-000596,124,64,60,394,64,60,0.0007964020733546084,2.1659467898923305e-05,1.255715552756734e-05,0.006230842671222552,121
Gad1-F-000597,135,51,84,627,51,84,0.00043355723318831826,1.0516255249381206e-06,2.6801121018639747e-05,0.006783578714637455,98
Gad1-F-000598,95,71,24,277,71,24,0.001340604745556275,2.1388071853921876e-06,1.160332205549655e-05,0.004773629465855987,94
Gad1-F-000599,467,224,243,3122,224,243,0.012731689487761471,6.951812161775463e-05,4.0697763923296494e-05,0.02346615747952364,349
Gad1-F-000600,47,9,38,123,9,38,9.65122142132283e-06,2.3842271817895552e-09,1.7224168619253854e-05,0.0023616903673182254,44
Gad1-F-000601,224,156,68,1449,156,68,0.001198919356780558,2.479964955096206e-06,0.00010566945924225984,0.011255715793176222,123
Gad1-F-000602,95,84,11,604,84,11,0.00043383261200676795,1.1770489261489913e-06,2.248450036377681e-05,0.004773629465855987,83
Gad1-F-000603,33,17,16,119,17,16,3.301234877130996e-05,1.2430582882705091e-08,1.3619901595880388e-05,0.0016582081302447113,31
Gad1-F-000604,178,76,102,616,76,102,0.0007134996657875623,6.930495358117302e-06,1.0654229888548348e-05,0.008944274157077534,150
Gad1-F-000605,805,447,358,14271,447,358,0.0058902456035688925,0.01394227263793359,8.726735538698982e-05,0.04045022863172705,348
Gad1-F-000606,308,259,49,1133,259,49,0.0005073004831443674,3.8118797580958615e-07,9.17604867120636e-05,0.015476609215617306,150
Gad1-F-000607,148,98,50,620,98,50,0.000992530437549897,1.0021788631973422e-05,1.4788580856450447e-05,0.0074368122204914325,148
Gad1-F-000608,152,88,64,869,88,64,0.0005065993881802873,2.8710364774373216e-06,2.362880093944702e-05,0.007637807145369579,120
Gad1-F-000609,197,180,17,508,180,17,0.0043838927413486235,3.6478593895238456e-06,1.729499487552146e-05,0.009899000050248732,193
Gad1-F-000611,167,108,59,635,108,59,0.0007337938450789049,1.206914836954363e-05,1.5195671338528327e-05,0.00839153811366263,129
Gad1-F-000612,122,97,25,1102,97,25,0.00020395496498745543,2.2699403293134244e-06,0.00010943888586905135,0.006130345208783478,89
Gad1-F-000613,893,261,632,7647,261,632,0.007097703445262659,7.336984409103354e-06,2.6735431681343938e-05,0.04487211697904628,352
Gad1-F-000614,55,52,3,136,52,3,7.19319281835793e-05,2.5913414835786022e-08,3.201418586149213e-05,0.002763680217074519,52
Gad1-F-000615,168,70,98,1010,70,98,0.0002142079819231983,3.534617214121227e-07,1.606380241457668e-05,0.008441786844882167,130
Gad1-F-000617,136,106,30,1389,106,30,0.0002842309951352868,1.1885084729609845e-06,0.00013882063735970847,0.006833827445856992,77
Gad1-F-000618,179,82,97,887,82,97,0.00031283536151273963,5.627547257143437e-07,2.6625628504582336e-05,0.008994522888297071,110
Gad1-F-000619,206,154,52,1296,154,52,0.0010954729941199228,6.97162437996666e-06,2.3646078090128795e-05,0.010351238631224561,183
Gad1-F-000620,658,453,205,3789,453,205,0.014181224779301208,1.7562591868735916e-05,6.520108566811625e-05,0.03306366514245515,352
Gad1-F-000621,464,205,259,2204,205,259,0.0010856767056410727,1.4605598286723034e-05,3.808889206607485e-05,0.02331541128586503,183
Gad1-F-000622,544,182,362,4499,182,362,0.0058649919521308,1.6048916919158018e-05,2.6313846010386712e-05,0.027335309783427967,352
Gad1-F-000624,64,24,40,328,24,40,0.0003452271928862784,1.1460623338312989e-06,1.2950906053464308e-05,0.0032159187980503492,61
Gad1-F-000625,307,44,263,1577,44,263,0.00189791255861789,8.577278247846206e-07,1.2028731528793806e-05,0.015426360484397768,169
Gad1-F-000627,106,105,1,244,105,1,0.00020102155652488226,8.56688593909626e-08,3.487776763986496e-05,0.005326365509270891,85
Gad1-F-000628,416,199,217,3614,199,217,0.011862809826803856,2.30133097080243e-05,3.579410735412323e-05,0.02090347218732727,352
Gad1-F-000629,433,218,215,4218,218,215,0.010934094904608078,0.00019564404082368292,4.044399645878026e-05,0.021757700618059393,352
Gad1-F-000630,257,134,123,785,134,123,0.0002162624595281252,8.056656967668281e-08,3.20369893541025e-05,0.012913923923420934,150
Gad1-F-000631,307,65,242,2102,65,242,0.0002365508541431889,4.2886183640593777e-07,1.285036365853385e-05,0.015426360484397768,175
Gad1-F-000632,77,56,21,265,56,21,0.000288728426885947,1.5587386298052691e-07,2.0859210693196764e-05,0.0038691523039043265,72
Gad1-F-000633,158,135,23,468,135,23,0.0007643626674350678,1.6713746539957762e-06,2.7909868792356213e-05,0.0079392995326868,119
Gad1-F-000634,110,54,56,472,54,56,0.00019525336895257384,1.2394432919195478e-07,1.386913897905406e-05,0.005527360434149038,94
Gad1-F-000635,213,99,114,1856,99,114,0.00034835485408431384,6.989017278254284e-07,6.315943695177806e-05,0.010702979749761319,135
Gad1-F-000636,453,427,26,2473,427,26,0.0010704673408492875,1.297612643091158e-06,0.00016752119164739274,0.02276267524245013,150
Gad1-F-000637,506,275,231,3781,275,231,0.01341489198337281,6.640059775896062e-05,5.351948593129059e-05,0.025425857997085573,352
Gad1-F-000639,226,171,55,866,171,55,0.0005525303085015174,6.22508114916234e-07,4.373367363693383e-05,0.011356213255615295,145
Gad1-F-000640,334,64,270,1638,64,270,0.00027356922633399087,4.312556010560192e-07,9.185967799300789e-06,0.01678307622732526,211
Gad1-F-000641,284,124,160,1844,124,160,0.00027351888445995747,4.936472104159685e-07,5.915079530533675e-05,0.014270639666348424,121
Gad1-F-000642,19,10,9,59,10,9,6.443544730281401e-05,1.817180119862258e-07,9.72233779708933e-06,0.0009547258931711974,18
Gad1-F-000643,431,166,265,3226,166,265,0.0005384609256310691,1.8238627842019698e-06,5.573605927821024e-05,0.021657203155620322,175
Gad1-F-000644,33,10,23,122,10,23,9.585915774039347e-05,4.65197375088925e-06,1.2235208572395165e-05,0.0016582081302447113,33
Gad1-F-000645,43,36,7,123,36,7,5.5874326120509985e-05,2.1088570415534134e-08,1.527492508607e-05,0.0021606954424400783,42
Gad1-F-000646,473,145,328,3350,145,328,0.002560939637816918,1.7398210866630477e-05,1.8459726572588584e-05,0.02376764986684086,352
Gad1-F-000647,782,665,117,9449,665,117,0.014812903416103636,4.116484395884195e-05,0.0001137336825469696,0.03929450781367771,352
Gad1-F-000648,87,58,29,479,58,29,0.00010949286727994347,9.040700799094657e-08,5.2176503367427916e-05,0.004371639616099694,62
Gad1-F-000649,90,48,42,1254,48,42,0.000587647010568725,3.670389837092639e-06,2.822102212539288e-05,0.004522385809758303,83
Gad1-F-000650,170,64,106,973,64,106,0.0002571274087863955,2.829203030195173e-06,1.3069941256018077e-05,0.00854228430732124,124
Gad1-F-000651,498,158,340,4463,158,340,0.0030255237702299285,2.567558159424165e-05,2.661984688161064e-05,0.02502386814732928,352
Gad1-F-000652,93,78,15,363,78,15,0.000275507001717034,2.3749420606660175e-07,2.806056739210753e-05,0.0046731320034169134,81
Gad1-F-000653,76,39,37,564,39,37,0.0003582020132735526,1.2393117538182962e-06,1.4379444490165031e-05,0.0038189035726847896,69
Gad1-F-000654,39,2,37,202,2,37,2.5660605140366647e-06,1.592261689628168e-09,7.8339217527083e-06,0.0019597005175619317,36
Gad1-F-000655,178,87,91,1133,87,91,0.0003116888496938263,4.150680901997682e-07,4.9775066436745615e-05,0.008944274157077534,131
Gad1-F-000656,145,84,61,585,84,61,0.000458919593895345,1.2281635923707063e-06,1.8282978693551815e-05,0.007286066026832822,115
Gad1-F-000657,104,49,55,462,49,55,0.00015497154021259311,1.581906720311307e-07,1.9325541305252638e-05,0.005225868046831818,84
Gad1-F-000660,480,128,352,4281,128,352,0.0030785860127139656,1.2469893464954335e-05,2.162947938414538e-05,0.02411939098537762,352
Gad1-F-000661,332,73,259,1283,73,259,0.00034708249416000585,7.26059867505079e-07,2.0411819730618774e-05,0.016682578764886186,148
Gad1-F-000662,536,273,263,4413,273,263,0.012669122326375633,0.00011922652227059435,4.8305538263470924e-05,0.026933319933671675,352
Gad1-F-000663,77,64,13,250,64,13,0.0013229796479323202,5.968952850349662e-06,1.3510778802141864e-05,0.0038691523039043265,77
Gad1-F-000664,24,8,16,147,8,16,3.124143542755735e-05,1.0689870523794826e-07,1.9556290818820388e-05,0.001205969549268881,23
Gad1-F-000665,115,69,46,699,69,46,0.0002875233157586719,2.9307446198025185e-07,3.772610241084509e-05,0.005778604090246721,99
Gad1-F-000666,1025,738,287,49460,738,287,0.008653909015640098,0.09409661045856932,0.0006641349927952695,0.05150494950002513,348
Gad1-F-000667,501,127,374,2987,127,374,0.0010988503340496596,1.0791945705353418e-05,1.4780519439465468e-05,0.02517461434098789,205
Gad1-F-000668,389,169,220,2702,169,220,0.0019668957029316163,7.6249538829044085e-06,3.565337901310492e-05,0.01954675644439978,256
Gad1-F-000669,176,87,89,661,87,89,0.0017934217010106466,1.1317473268304173e-05,1.9199476113339682e-05,0.00884377669463846,169
Gad1-F-000670,451,238,213,3776,238,213,0.013174938637185152,7.652733307550905e-05,4.828946265443742e-05,0.022662177780011054,352
Gad1-F-000671,298,213,85,2207,213,85,0.0010413980155088852,7.438983315164714e-06,3.834498080443045e-05,0.014974121903421938,205
Gad1-F-000672,43,35,8,166,35,8,0.00027456229700486396,3.8549980052853725e-07,1.943619867329577e-05,0.0021606954424400783,43
Gad1-F-000673,110,22,88,534,22,88,0.0002668527305466337,1.6753275824063778e-06,1.1186561692602841e-05,0.005527360434149038,85
Gad1-F-000674,296,207,89,1605,207,89,0.0006894920006422675,1.038859580736132e-06,8.714301589260635e-05,0.014873624440982865,145
Gad1-F-000675,459,247,212,3683,247,212,0.01085253024688097,0.00012475367715875503,4.379601247549695e-05,0.02306416762976735,352
Gad1-F-000676,327,276,51,1273,276,51,0.0005006139342601667,3.4088930148850887e-07,7.911619317237544e-05,0.016431335108788504,148
Gad1-F-000677,475,235,240,3655,235,240,0.011559360049038042,0.00013620598401101815,4.1688678045926105e-05,0.023868147329279936,352
Gad1-F-000678,468,252,216,5025,252,216,0.011843616369525588,2.9230309859907138e-05,3.919787119292638e-05,0.02351640621074318,352
Gad1-F-000679,274,117,157,1623,117,157,0.0005047478223358624,6.548246740979626e-07,0.00013437608093086085,0.013768152354153058,150
Gad1-F-000681,368,186,182,2779,186,182,0.011851612753114995,6.440558518047963e-05,3.3941660685624596e-05,0.018491533088789508,344
Gad1-F-000682,438,216,222,3102,216,222,0.010716638186957715,3.9923926934249657e-05,3.406071025899661e-05,0.022008944274157078,352
Gad1-F-000683,104,93,11,379,93,11,0.0018818991707177067,1.8107972111564024e-05,1.5507433567957343e-05,0.005225868046831818,100
Gad1-F-000684,284,181,103,2335,181,103,0.0005087930306510586,1.3049227472159617e-06,0.0001110702124588678,0.014270639666348424,139
Gad1-F-000685,1506,821,685,10210,821,685,0.018962187491919223,4.060413412389291e-05,8.22965696986884e-05,0.07567458921662228,352
Gad1-F-000687,226,111,115,1171,111,115,0.00037438669630485003,9.168033596184322e-07,2.1266876815282147e-05,0.011356213255615295,138
Gad1-F-000690,699,379,320,8145,379,320,0.005115255300110083,0.0030099355044528415,5.721806368027011e-05,0.035123863122456155,348
Gad1-F-000691,654,294,360,3877,294,360,0.004184380416170693,8.38360293482771e-05,4.076798236068387e-05,0.03286267021757701,235
Gad1-F-000692,120,67,53,574,67,53,0.000269019177298009,2.3573653130002885e-07,1.480944224243806e-05,0.006029847746344405,104
Gad1-F-000693,222,127,95,929,127,95,0.0007215546609710321,1.8615584056988026e-05,1.5577174824489256e-05,0.01115521833073715,148
Gad1-F-000695,222,52,170,796,52,170,0.0001723544537881585,2.1526998294478193e-07,1.3486174681195584e-05,0.01115521833073715,148
Gad1-F-000696,285,158,127,1663,158,127,0.000759884078825998,8.337362788916133e-06,2.2541227169928617e-05,0.014320888397567962,156
Gad1-F-000697,154,37,117,799,37,117,0.0003933131423714638,1.6306896064223178e-06,1.3263744678194141e-05,0.007738304607808653,99
Gad1-F-000698,99,46,53,660,46,53,0.0003914883662618729,1.5291551248827336e-06,1.902603003646296e-05,0.004974624390734134,85
Gad1-F-000699,38,17,21,134,17,21,9.728738888653478e-05,1.1801739083413149e-07,9.444521467625912e-06,0.0019094517863423948,38
Gad1-F-000700,95,79,16,400,79,16,0.00036866621358714344,3.151444932564986e-07,2.4172674084557126e-05,0.004773629465855987,76
Gad1-F-000701,134,15,119,625,15,119,6.149388855155228e-05,4.7409274550028454e-08,8.304221604068445e-06,0.006733329983417919,102
Gad1-F-000702,417,158,259,2097,158,259,0.0027101993912148044,3.8604961617998844e-05,3.264933584368391e-05,0.020953720918546807,298
Gad1-F-000703,878,261,617,13067,261,617,0.004847847431674331,0.00034406626028484166,9.26306041402689e-05,0.04411838601075323,232
Gad1-F-000704,342,163,179,1771,163,179,0.0014870600795457065,6.281057305945219e-06,3.8840164774262276e-05,0.017185066077081555,205
Gad1-F-000705,423,256,167,1720,256,167,0.011885019887690303,5.787055833927343e-05,4.411029419331789e-05,0.021255213305864027,265
Gad1-F-000706,123,79,44,1014,79,44,0.0002947221218978147,3.055074668019276e-06,4.411673746791961e-05,0.0061805939400030145,89
Gad1-F-000707,247,87,160,826,87,160,0.00011530447119427115,1.982749066510122e-08,2.0460341981663715e-05,0.012411436611225566,150
Gad1-F-000708,162,95,67,574,95,67,0.0007324897936891456,1.9121358416841534e-05,3.9460786541539634e-05,0.008140294457564947,129
Gad1-F-000709,144,92,52,901,92,52,0.0009305663232455441,3.6709212484669107e-06,1.9999571524167367e-05,0.007235817295613286,113
Gad1-F-000711,288,230,58,1185,230,58,0.00039726605392769674,2.0946979950993596e-07,6.066679498253033e-05,0.014471634591226572,148
Gad1-F-000712,473,164,309,2573,164,309,0.0008147497252590123,3.1765909631567063e-06,1.5429630638160312e-05,0.02376764986684086,211
Gad1-F-000713,181,85,96,1276,85,96,0.0004611820003507054,6.970764198853054e-07,3.622691910976733e-05,0.009095020350736144,118
Gad1-F-000714,9,5,4,36,5,4,4.599673469474378e-06,1.5038701195471883e-09,9.7280601482788e-06,0.00045223858097583037,9
Gad1-F-000715,187,145,42,648,145,42,0.0002394135156120655,7.17709593974577e-08,3.240362506144384e-05,0.009396512738053364,140
Gad1-F-000716,416,164,252,1891,164,252,0.0007449955391083413,1.2078699714389906e-06,3.9439860434979864e-05,0.02090347218732727,186
Gad1-F-000717,499,158,341,4007,158,341,0.0010669814679869275,6.89787899023831e-05,2.891991472810136e-05,0.025074116878548817,211
Gad1-F-000718,273,135,138,1423,135,138,0.0027403389550872863,1.87094466085886e-05,4.2618827399636135e-05,0.01371790362293352,216
Gad1-F-000719,27,21,6,134,21,6,2.775818725553336e-05,2.5659388342503264e-08,2.139737177232065e-05,0.001356715742927491,27
Gad1-F-000721,32,18,14,106,18,14,6.673713950909003e-05,7.066010809408545e-08,1.3420106154964412e-05,0.0016079593990251746,32
Gad1-F-000722,208,116,92,740,116,92,0.0002951548189789036,1.8725296180630502e-07,2.2882887186993936e-05,0.010451736093663636,150
Gad1-F-000723,488,216,272,4157,216,272,0.010789272723905749,8.704043439284386e-05,3.977041111747444e-05,0.024521380835133912,352
Gad1-F-000724,227,118,109,1241,118,109,0.00046268185163510504,8.12365784131111e-07,5.59641676919445e-05,0.011406461986834832,138
Gad1-F-000725,224,91,133,887,91,133,0.00016241152798723656,5.485077025113308e-08,3.503639330800576e-05,0.011255715793176222,145
Gad1-F-000726,396,206,190,2729,206,190,0.01288301094806924,2.986058920359124e-05,3.332308467800517e-05,0.019898497562936535,345
Gad1-F-000727,931,27,904,8423,27,904,0.0010903193492376882,4.367733072786821e-06,9.54680553326191e-06,0.04678156876538867,352
Gad1-F-000728,207,110,97,662,110,97,0.003046415457546188,4.0837868354601095e-06,1.4151687742243902e-05,0.010401487362444098,204
Gad1-F-000730,106,40,66,465,40,66,0.00027102604067298945,1.1681883290552177e-06,1.7565982562795983e-05,0.005326365509270891,90
Gad1-F-000731,144,105,39,920,105,39,0.0003916539465605221,5.103374939174848e-07,4.799017852708581e-05,0.007235817295613286,113
Gad1-F-000732,230,208,22,788,208,22,0.0062830871824545624,5.624683150951222e-06,2.0649754675744743e-05,0.011557208180493442,221
Gad1-F-000733,382,216,166,2822,216,166,0.011628736836909872,3.938874768619503e-05,3.9653712570830576e-05,0.019195015325863023,348
Gad1-F-000734,596,177,419,2731,177,419,0.008485773217927761,2.527419227411074e-05,3.0633061829924294e-05,0.029948243806843876,352
Gad1-F-000735,141,39,102,648,39,102,0.0005463282616514644,6.490860212782745e-07,1.615897669166377e-05,0.007085071101954676,102
Gad1-F-000736,204,102,102,922,102,102,0.0002567970109665672,4.2230088265664454e-07,1.590220887844013e-05,0.010250741168785488,140
Gad1-F-000738,640,155,485,2911,155,485,0.0077928960567669936,4.3694420415588605e-05,2.3569815554070946e-05,0.03215918798050349,352
Gad1-F-000739,69,45,24,279,45,24,0.00037854471854924693,2.9895958234702907e-07,1.623853098522275e-05,0.0034671624541480327,66
Gad1-F-000740,48,29,19,264,29,19,6.955089235031328e-05,9.480924034216269e-08,5.837308682958943e-05,0.002411939098537762,47
Gad1-F-000741,228,87,141,1051,87,141,0.0002724623960990663,3.231362132922763e-07,4.370871964085088e-05,0.01145671071805437,148
Gad1-F-000742,200,87,113,618,87,113,0.00027672610651071814,1.987944549037418e-07,2.652545979823071e-05,0.01004974624390734,150
Gad1-F-000743,590,204,386,11844,204,386,0.003003012593734792,0.0034123852968217508,2.6858531692874637e-05,0.029646751419526655,348
Gad1-F-000744,565,163,402,3301,163,402,0.0049672664436389916,1.449307924170854e-05,2.0957989778326017e-05,0.02839053313903824,352
Gad1-F-000745,443,328,115,2735,328,115,0.006364538727061925,5.407977701167062e-06,3.598899384472965e-05,0.02226018793025476,262
Gad1-F-000746,30,26,4,80,26,4,0.0001555929189013999,4.270846330057319e-08,1.2576798318535762e-05,0.0015074619365861013,30
Gad1-F-000747,143,69,74,823,69,74,0.00030924576125647256,4.151957962511154e-07,1.4298646005963039e-05,0.0071855685643937494,111
Gad1-F-000748,15,2,13,28,2,13,4.4434860483266e-06,2.157098664401123e-09,7.779165375104212e-06,0.0007537309682930506,14
Gad1-F-000749,98,59,39,414,59,39,0.0009717264816205802,1.8337797933286553e-06,1.520482405037601e-05,0.004924375659514597,92
Gad1-F-000750,135,108,27,373,108,27,0.00022925031562305042,9.536761250443391e-08,2.3828923965211293e-05,0.006783578714637455,122
Gad1-F-000751,234,183,51,1105,183,51,0.0009881413364962596,4.612695504411663e-06,2.3608621393247447e-05,0.01175820310537159,193
Gad1-F-000752,83,39,44,456,39,44,0.00020530549772494196,1.3992292129039236e-07,1.2160597311276384e-05,0.004170644691221546,76
Gad1-F-000753,158,64,94,1029,64,94,0.00023367212635396932,1.6234851085853e-06,2.006721811695609e-05,0.0079392995326868,99
Gad1-F-000754,771,359,412,3682,359,412,0.01045244701403745,6.63802975452442e-06,2.070515769490246e-05,0.0387417717702628,352
Gad1-F-000755,332,76,256,1410,76,256,0.0006461648965340695,1.1226049302822176e-06,1.8062017761865476e-05,0.016682578764886186,192
Gad1-F-000756,413,116,297,2211,116,297,0.00047727297361918966,6.844841656360854e-07,1.7525878648199773e-05,0.02075272599366866,156
Gad1-F-000757,78,77,1,233,77,1,0.00034238582289554636,2.451859163400839e-07,2.5960816099470038e-05,0.003919401035123863,72
Gad1-F-000758,874,475,399,7103,475,399,0.009418226648256835,9.466262782842284e-06,5.156907617823608e-05,0.043917391085875085,352
Gad1-F-000759,76,39,37,322,39,37,0.00017484923476071603,1.090203541604797e-07,1.3354105678007426e-05,0.0038189035726847896,72
Gad1-F-000760,140,79,61,551,79,61,0.0005695747851917846,2.9982972162396635e-06,1.8949894145272327e-05,0.007034822370735139,104
Gad1-F-000761,246,150,96,1111,150,96,0.000848749306791641,4.113375908232349e-06,1.922798733333181e-05,0.012361187880006029,152
Gad1-F-000762,249,117,132,1439,117,132,0.0005914088987813757,6.542408143484669e-07,3.177553861407664e-05,0.01251193407366464,143
Gad1-F-000763,185,145,40,1877,145,40,0.0004900455112815241,6.916305422661317e-06,0.00012099658645171524,0.009296015275614291,90
Gad1-F-000764,178,39,139,623,39,139,0.00013615191068841876,7.323989423146439e-08,1.8483806614510498e-05,0.008944274157077534,146
Gad1-F-000765,424,247,177,2019,247,177,0.0020067908774181343,5.175647908391024e-05,2.8086647952732452e-05,0.021305462037083563,205
Gad1-F-000766,307,183,124,1497,183,124,0.0006211390746689698,9.180468175470327e-07,8.032499540818589e-05,0.015426360484397768,150
Gad1-F-000767,184,96,88,1025,96,88,0.0003182312933159687,4.1924200339467945e-07,3.922645439359441e-05,0.009245766544394754,135
Gad1-F-000768,521,209,312,3951,209,312,0.0012831930141434154,8.875051886800419e-06,5.3463654090319335e-05,0.026179588965378624,201
Gad1-F-000769,176,101,75,815,101,75,0.001874388880145451,6.555622755790298e-05,1.654395844025781e-05,0.00884377669463846,135
Gad1-F-000770,310,166,144,1577,166,144,0.003310466849353148,2.8346271554576878e-06,2.0016535375492765e-05,0.015577106678056379,244
Gad1-F-000771,514,192,322,3771,192,322,0.004660025044820075,3.453946622583315e-05,2.651905225884047e-05,0.02582784784684187,352
Gad1-F-000772,20,18,2,39,18,2,5.038674781373769e-05,1.3952214558661358e-08,1.2583001035844402e-05,0.001004974624390734,19
Gad1-F-000773,102,19,83,469,19,83,1.623367661944123e-05,6.9938540164086e-09,1.7835606359286123e-05,0.005125370584392744,87
Gad1-F-000774,289,181,108,2200,181,108,0.0012425142153408184,4.018414794572327e-06,0.00010562583005866276,0.014521883322446109,138
Gad1-F-000776,23,9,14,66,9,14,4.737020626679034e-05,6.297261615591821e-08,9.413300997989555e-06,0.0011557208180493442,23
Gad1-F-000777,130,36,94,766,36,94,0.00024287477959389478,7.1927312008017e-07,1.1474735864161794e-05,0.006532335058539772,98
Gad1-F-000778,179,120,59,825,120,59,0.00037742536979258655,2.773907126647672e-07,3.19284006107056e-05,0.008994522888297071,136
Gad1-F-000779,128,37,91,659,37,91,0.00034332690874533546,6.183656873377493e-07,1.432440452668834e-05,0.0064318375961006985,123
Gad1-F-000780,166,91,75,726,91,75,0.00033418416258132,6.061116993284376e-07,2.8528255972251464e-05,0.008341289382443093,112
Gad1-F-000781,88,56,32,367,56,32,0.00024943743655287515,1.7501102506491104e-07,1.6771761673460505e-05,0.00442188834731923,77
Gad1-F-000782,172,123,49,890,123,49,0.0017026199771471688,1.4822032105665726e-05,2.588321254663235e-05,0.008642781769760313,133
Gad1-F-000783,55,33,22,245,33,22,6.32180439422575e-05,6.926093429305181e-08,2.0721281238091918e-05,0.002763680217074519,54
Gad1-F-000784,67,30,37,206,30,37,9.086717001336937e-05,1.4353367189044584e-07,1.1488991633842368e-05,0.0033666649917089594,65
Gad1-F-000785,480,157,323,3438,157,323,0.0033725697265108837,2.001085593320758e-05,2.6771504585852686e-05,0.02411939098537762,352
Gad1-F-000787,436,175,261,2673,175,261,0.00209575522423224,1.2399097898404633e-05,3.840022345597085e-05,0.021908446811718003,182
Gad1-F-000789,146,72,74,778,72,74,0.00018824196562405152,2.561077034852943e-07,1.365776828411712e-05,0.007336314758052359,122
Gad1-F-000791,149,12,137,624,12,137,0.0003294909997622489,3.556153828188135e-07,1.0414698956558895e-05,0.007487060951710969,141
Gad1-F-000793,134,91,43,633,91,43,0.0003263576632374681,4.7550170856617545e-07,3.182639175831549e-05,0.006733329983417919,107
Gad1-F-000794,155,94,61,539,94,61,0.0005770018465875987,1.3971930856508527e-06,3.19624983661364e-05,0.007788553339028189,102
Gad1-F-000795,584,130,454,3384,130,454,0.004873622832802429,5.756449901040096e-06,2.2999801114476197e-05,0.029345259032209435,344
Gad1-F-000796,134,49,85,759,49,85,0.00031518905944928394,5.148518160807151e-07,1.556784961223609e-05,0.006733329983417919,105
Gad1-F-000797,198,130,68,813,130,68,0.00045750836301832305,4.2427311743337467e-07,5.022850282782747e-05,0.009949248781468268,138
Gad1-F-000798,746,210,536,4056,210,536,0.0035507642103255683,2.207413669235235e-05,3.280711035740663e-05,0.037485553489774386,352
Gad1-F-000799,162,48,114,788,48,114,0.0005989598423462638,5.839945289118045e-06,1.4161795704087034e-05,0.008140294457564947,100
Gad1-F-000801,204,95,109,1165,95,109,0.0004354555939555848,1.1251419485408025e-06,4.7267812852847016e-05,0.010250741168785488,121
Gad1-F-000802,159,77,82,920,77,82,0.00041347312543412606,1.2892032423649607e-05,1.4504522318552767e-05,0.007989548263906337,117
Gad1-F-000803,102,73,29,492,73,29,0.00036788936711641007,7.170573896310927e-07,2.578875794003335e-05,0.005125370584392744,87
Gad1-F-000804,109,77,32,571,77,32,0.0002764049639338252,5.278210386791563e-07,3.0166539667380576e-05,0.005477111702929501,93
Gad1-F-000806,16,11,5,41,11,5,2.672720100363622e-05,1.725927549673399e-08,9.626260819529957e-06,0.0008039796995125873,16
Gad1-F-000807,377,314,63,3189,314,63,0.004681050802284172,0.0035774055011122447,7.717558622554191e-05,0.01894377166976534,314
Gad1-F-000808,156,66,90,685,66,90,0.0002929350179832305,2.1366937718462936e-07,3.0979835311287915e-05,0.007838802070247727,108
Gad1-F-000809,112,73,39,574,73,39,0.0006922423451761788,9.803839237336013e-05,3.13527617986356e-05,0.005627857896588111,105
Gad1-F-000810,298,255,43,1281,255,43,0.00039795115762998037,1.731605270090407e-07,6.387335375651882e-05,0.014974121903421938,148
Gad1-F-000811,490,123,367,3085,123,367,0.00048329782999442664,1.6197091070002294e-06,2.9723506161450654e-05,0.024621878297572987,182
Gad1-F-000812,107,89,18,331,89,18,0.0002473410039593572,1.8322199742267385e-07,2.61783185510721e-05,0.005376614240490428,78
Gad1-F-000813,555,139,416,3487,139,416,0.0012742095460033947,1.6665350275064627e-05,1.6407871087657766e-05,0.027888045826842872,210
Gad1-F-000814,95,20,75,889,20,75,0.00015668122483182372,5.688204765520622e-07,9.797392495264318e-06,0.004773629465855987,82
Gad1-F-000815,252,171,81,1544,171,81,0.004992247153090951,0.00024067982251660175,3.0266137665366724e-05,0.01266268026732325,211
Gad1-F-000816,47,20,27,180,20,27,6.761267847330917e-05,4.369296461333405e-08,1.1632266458832419e-05,0.0023616903673182254,47
Gad1-F-000817,236,137,99,1153,137,99,0.007951034769559539,8.124501239180055e-06,2.2289216994597447e-05,0.011858700567810663,209
Gad1-F-000818,43,16,27,165,16,27,8.785931262943696e-05,5.4750451071169997e-08,1.0910176092939047e-05,0.0021606954424400783,42
Gad1-F-000819,614,336,278,6041,336,278,0.004847013220536567,0.0041928847960449964,3.329067163945504e-05,0.030852720968795537,348
Gad1-F-000820,427,116,311,1755,116,311,0.0052379186105858365,2.829653116589774e-06,1.8868806163592238e-05,0.021456208230742173,272
Gad1-F-000822,358,261,97,1448,261,97,0.003259113657254647,0.0005888482936271014,3.8064504630675666e-05,0.017989045776594142,231
Gad1-F-000823,72,50,22,292,50,22,0.00039016763474823414,8.86283627456615e-07,1.7979209672770786e-05,0.003617908647806643,67
Gad1-F-000827,16,13,3,49,13,3,6.741796980811825e-05,3.907899028176917e-08,1.2407068851982287e-05,0.0008039796995125873,16
Gad1-F-000829,360,236,124,2115,236,124,0.005134878886404959,0.00011153071875938888,4.535098259986801e-05,0.018089543239033213,222
Gad1-F-000830,372,330,42,1408,330,42,0.000647908224010484,4.060600716511727e-07,7.775220104848512e-05,0.018692528013667654,148
Gad1-F-000831,268,117,151,1265,117,151,0.0022045059557534324,1.041727959348333e-05,2.3659039540646366e-05,0.013466659966835838,225
Gad1-F-000832,166,123,43,826,123,43,0.00048769601644250467,6.34235701148853e-07,6.431194900888743e-05,0.008341289382443093,99
Gad1-F-000833,14,13,1,49,13,1,1.8898785211011115e-05,3.4523749915996493e-09,1.4320440271878313e-05,0.0007034822370735139,14
Gad1-F-000834,248,67,181,1079,67,181,0.0002616113481731825,2.8149545835199816e-07,3.123075400116191e-05,0.012461685342445104,148
Gad1-F-000835,34,23,11,135,23,11,2.86188288628859e-05,1.9705670708940837e-08,1.8728182386137783e-05,0.001708456861464248,31
Gad1-F-000836,104,101,3,346,101,3,0.0002892952951005922,3.4601834320065326e-07,3.8522861536328235e-05,0.005225868046831818,81
Gad1-F-000837,20,7,13,63,7,13,3.3754214211990454e-05,7.403622635574558e-09,8.772042872990465e-06,0.001004974624390734,18
Gad1-F-000838,109,57,52,633,57,52,0.0002602522954080897,1.8544252534302187e-07,2.569453488335048e-05,0.005477111702929501,87
Gad1-F-000839,84,47,37,236,47,37,0.00020253932857383495,1.208279353583353e-07,1.7048266390875694e-05,0.004220893422441084,73
Gad1-F-000840,189,33,156,709,33,156,0.00015802162199604313,1.148338861960643e-07,1.418772358242915e-05,0.009497010200492437,148
Gad1-F-000841,28,23,5,85,23,5,7.720107762567426e-05,2.886856493131813e-08,1.2079582921944618e-05,0.0014069644741470278,28
Gad1-F-000842,12,10,2,43,10,2,2.1273538257688926e-05,8.863156565530342e-09,2.835388380473358e-05,0.0006029847746344405,12
Gad1-F-000844,45,25,20,171,25,20,4.40910059178338e-05,7.1717811720008166e-09,2.347307200005996e-05,0.0022611929048791516,45
Gad1-F-000845,28,16,12,69,16,12,9.551683162639563e-05,5.270224595325174e-08,9.263369087342573e-06,0.0014069644741470278,28
Gad1-F-000846,233,169,64,1047,169,64,0.00033040776236940524,1.5434461435656238e-07,7.749926931278756e-05,0.011707954374152053,140
Gad1-F-000847,70,36,34,374,36,34,2.9278430657653774e-05,1.3261966348497258e-08,0.0001306671574300241,0.0035174111853675696,55
Gad1-F-000848,53,27,26,281,27,26,0.0003548478347058582,1.1417369728271496e-06,1.8920266284033403e-05,0.0026631827546354453,49
Gad1-F-000850,38,17,21,105,17,21,6.719574840061306e-05,2.3809058025864085e-08,9.502641959505094e-06,0.0019094517863423948,38
Gad1-F-000851,61,17,44,167,17,44,0.00010261680526641248,4.059473364193409e-08,1.3312406006954897e-05,0.003065172604391739,59
Gad1-F-000852,53,20,33,143,20,33,0.00013541141097772358,6.029285924455162e-08,1.3444746971708433e-05,0.0026631827546354453,52
Gad1-F-000853,157,121,36,725,121,36,0.0003224908874154403,2.546152688955618e-07,3.72140505509243e-05,0.007889050801467262,133
Gad1-F-000854,50,11,39,222,11,39,2.6664157488172227e-05,4.4371317343634556e-08,8.356518061606867e-06,0.002512436560976835,48
Gad1-F-000855,433,75,358,2238,75,358,0.001152651223398162,2.9985541294183404e-05,2.1250159400888578e-05,0.021757700618059393,256
Gad1-F-000856,7,2,5,9,2,5,2.061609482470738e-07,3.1581525055562296e-12,7.571176409104303e-06,0.00035174111853675694,7
Gad1-F-000857,290,168,122,1751,168,122,0.0026972203585139466,1.1203872038063722e-05,4.94185270034402e-05,0.014572132053665645,174
Gad1-F-100001,352,241,111,1983,241,111,0.008835558616512577,1.3073693287016197e-05,4.0940344556609573e-05,0.01768755338927692,236
Gad1-F-100002,51,42,9,133,42,9,0.00013555807023808518,1.485089682828324e-06,8.644354105704405e-06,0.002562685292196372,51
Gad1-F-100003,324,46,278,1342,46,278,0.00046100543148703995,1.8345995190792908e-06,1.2131323142991943e-05,0.016280588915129894,205
Gad1-F-100004,346,195,151,2012,195,151,0.011313699775662156,3.175214194087569e-05,2.877500421263512e-05,0.0173860610019597,320
Gad1-F-100005,190,20,170,535,20,170,8.24605418224881e-05,1.3385734295070293e-06,8.169114548592268e-06,0.009547258931711974,141
Gad1-F-100006,287,250,37,1090,250,37,0.0011840705516090785,7.458548498488023e-06,3.470118074558071e-05,0.014421385860007034,179
Gad1-F-100007,237,218,19,823,218,19,0.001828421322575228,1.8430178070669573e-05,5.387462022503094e-05,0.0119089492990302,145
Gad1-F-100008,164,150,14,558,150,14,0.00028179772482764856,2.384722467857551e-07,2.413049185556517e-05,0.00824079192000402,138
Gad1-F-100009,403,200,203,2362,200,203,0.010749203221609846,1.862277557843924e-05,3.089733617544146e-05,0.02025023868147329,337
Gad1-F-100011,123,77,46,629,77,46,0.00034439425115537605,3.1447881649411856e-07,2.427012608834189e-05,0.0061805939400030145,104
Gad1-F-100012,314,273,41,1461,273,41,0.00041541210503057683,2.4815163999930255e-07,8.044444827198053e-05,0.015778101602934524,148
Gad1-F-100014,202,27,175,554,27,175,0.00033238916476026716,4.171350241176637e-06,8.636984090633908e-06,0.010150243706346415,142
Gad1-F-100015,344,181,163,1713,181,163,0.0030102282447127034,1.1410717186783283e-05,2.29179719128844e-05,0.017285563539520626,229
Gad1-F-100016,115,45,70,362,45,70,0.00037698258259025787,1.1274670407848174e-06,1.0356257018641955e-05,0.005778604090246721,108
Gad1-F-100017,88,69,19,307,69,19,0.001065100122528691,1.770020579602147e-05,1.1777532040527099e-05,0.00442188834731923,86
Gad1-F-100018,324,71,253,1697,71,253,0.0037735123836481186,6.725911526930429e-05,1.6422444268036814e-05,0.016280588915129894,291
Gad1-F-100019,108,50,58,328,50,58,0.0018797569386074726,8.13075041359883e-06,1.0599115932086318e-05,0.005426862971709964,106
Gad1-F-100020,129,22,107,440,22,107,0.0002909238906588132,8.519113974654795e-07,8.869627084666474e-06,0.006482086327320235,109
Gad1-F-100021,207,75,132,687,75,132,0.0012479907489831962,2.736069648507953e-05,1.2956349894298474e-05,0.010401487362444098,179
Gad1-F-100022,139,106,33,491,106,33,0.0021991322574025337,5.0178798548606024e-05,1.4691407791970007e-05,0.006984573639515602,133
Gad1-F-100023,247,108,139,1221,108,139,0.0019088663865109794,1.9675418465042766e-06,2.0950457200484226e-05,0.012411436611225566,199
Gad1-F-100024,86,58,28,323,58,28,0.0020655460897820266,1.6999126364043308e-05,1.2680913247543734e-05,0.004321390884880157,86
Gad1-F-100025,562,133,429,3641,133,429,0.001051284572521953,2.477358671410087e-05,1.669812938760092e-05,0.028239786945379628,205
Gad1-F-100026,89,39,50,215,39,50,0.00047890661126064185,1.0902968365996788e-05,9.362452921678021e-06,0.004472137078538767,89
Gad1-F-100027,150,87,63,2618,87,63,0.00023211946406322202,6.73319964646329e-06,8.118474280036623e-05,0.007537309682930506,94
Gad1-F-100028,86,65,21,331,65,21,0.0011544889065773802,3.05400495020333e-05,1.2242500472868579e-05,0.004321390884880157,84
Gad1-F-100029,83,54,29,213,54,29,0.00018373701709833282,3.2849893379212007e-07,9.40860655260099e-06,0.004170644691221546,83
Gad1-F-100030,116,49,67,477,49,67,0.00016513030606196759,1.1697651234313745e-07,1.5279558618192472e-05,0.005828852821466258,98
Gad1-F-100031,147,63,84,555,63,84,0.0007435056728082014,5.638474069455371e-07,1.1966320312701385e-05,0.007386563489271896,138
Gad1-F-100032,78,29,49,241,29,49,0.0002984832696296759,9.018899769593661e-06,9.690586733989922e-06,0.003919401035123863,78
Gad1-F-100033,438,29,409,2601,29,409,0.0002150493150530184,3.2868419915743324e-07,1.0877393374120246e-05,0.022008944274157078,186
Gad1-F-100034,31,29,2,75,29,2,7.401127248077711e-05,5.126801406236863e-08,1.1036297753537225e-05,0.001557710667805638,31
Gad1-F-100035,540,85,455,2512,85,455,0.0021562837520693904,2.5595590600385474e-06,1.0820871591773765e-05,0.02713431485854982,352
Gad1-F-100036,33,20,13,78,20,13,7.191996203202865e-05,1.9548362913908383e-08,1.0655934271199198e-05,0.0016582081302447113,32
Gad1-F-100037,70,39,31,309,39,31,9.922500343076334e-05,9.123738118832046e-08,1.6074452646564737e-05,0.0035174111853675696,64
Gad1-F-100038,158,72,86,392,72,86,0.00048398360773328644,4.564432341257431e-06,9.648608664255065e-06,0.0079392995326868,142
Gad1-F-100039,185,159,26,1095,159,26,0.0017081303321440865,4.183950467713054e-06,3.9474907227881885e-05,0.009296015275614291,178
Gad1-F-100040,94,43,51,319,43,51,0.00035241278903899525,8.430203723757468e-07,1.3844186773330354e-05,0.004723380734636451,87
Gad1-F-100041,1029,834,195,7953,834,195,0.01875586408607661,4.0861651368522177e-05,9.663389841622414e-05,0.05170594442490327,352
Gad1-F-100042,81,47,34,203,47,34,0.00025950569209831875,2.482222955964325e-07,8.828937011066717e-06,0.0040701472287824735,81
Gad1-F-100043,157,56,101,439,56,101,0.0006834781499983832,1.3365444476175728e-06,1.0312386947066015e-05,0.007889050801467262,135
Gad1-F-100044,568,98,470,3017,98,470,0.004014647091997248,1.0477823056478183e-05,1.4092995075217883e-05,0.02854127933269685,352
Gad1-F-100046,212,180,32,768,180,32,0.0005147004245923551,5.274956749220912e-07,2.946822971598494e-05,0.010652731018541781,148
Gad1-F-100047,140,76,64,501,76,64,0.0011559964519966537,8.535692870136031e-05,1.3186546385769818e-05,0.007034822370735139,137
Gad1-F-100049,385,285,100,3027,285,100,0.0034560553578628765,8.997404639365414e-06,6.269137048995474e-05,0.019345761519521634,209
Gad1-F-100050,248,229,19,856,229,19,0.0027545503213291336,1.6890963997227674e-05,4.308046723748139e-05,0.012461685342445104,149
Gad1-F-100051,58,15,43,245,15,43,0.00015250849190773979,1.2405439547866553e-07,8.05430515349665e-06,0.002914426410733129,58
Gad1-F-100052,192,73,119,902,73,119,0.00043498218670858077,7.2219536446959e-07,3.327502005380693e-05,0.009647756394151047,138
Gad1-F-100054,655,350,305,4440,350,305,0.006538793395523178,4.5750699667692916e-06,3.200479651995002e-05,0.03291291894879654,352
Gad1-F-100055,720,668,52,2306,668,52,0.01100350400070126,1.092238034893392e-05,5.54956679993335e-05,0.036179086478066426,352
Gad1-F-100056,105,80,25,507,80,25,0.0008304901410985796,5.479656908619258e-06,2.3399110489893474e-05,0.005276116778051354,94
Gad1-F-100057,55,34,21,142,34,21,0.0002116141649479718,5.30437181892986e-06,8.994009399572362e-06,0.002763680217074519,55
Gad1-F-100058,223,72,151,1044,72,151,0.0002686050648040249,3.303130504463184e-07,2.8921753252818175e-05,0.011205467061956685,148
Gad1-F-100059,216,183,33,611,183,33,0.0033254092123882993,6.507009843023165e-06,2.1364638366548415e-05,0.010853725943419929,156
Gad1-F-100060,194,66,128,796,66,128,0.0002973151999025784,3.4603044604881516e-07,2.429937948787251e-05,0.009748253856590122,147
Gad1-F-100061,322,113,209,2394,113,209,0.0010593215270480521,1.1272060586527406e-05,1.7580004453761437e-05,0.01618009145269082,231
Gad1-F-100062,88,16,72,336,16,72,0.00026120787257036417,3.6103883100027243e-07,8.885141800262633e-06,0.00442188834731923,86
Gad1-F-100063,109,36,73,417,36,73,0.0006838612556417268,2.84618037836346e-07,8.409093390361307e-06,0.005477111702929501,86
Gad1-F-100064,177,107,70,819,107,70,0.0015011620249810009,1.1019882193330791e-05,1.7645269074245308e-05,0.008894025425857996,144
Gad1-F-100065,485,137,348,4013,137,348,0.002158926035992289,1.0539649479086953e-05,2.1231687501498653e-05,0.024370634641475302,352
Gad1-F-100066,337,191,146,2664,191,146,0.0020935704638432133,6.305954516103582e-06,4.266604145426289e-05,0.01693382242098387,205
Gad1-F-100067,64,41,23,258,41,23,0.00013427662113022653,1.6348547724579617e-07,1.8107570948499895e-05,0.0032159187980503492,61
Gad1-F-100069,377,129,248,1996,129,248,0.0023987918799626027,7.865809759766954e-06,1.7956647815858823e-05,0.01894377166976534,233
Gad1-F-100070,223,122,101,1182,122,101,0.0016031959714224648,4.756243343569182e-06,6.093902767533345e-05,0.011205467061956685,181
Gad1-F-100071,339,66,273,1520,66,273,0.0006929189965955005,9.570446162489633e-07,1.4861827287360697e-05,0.017034319883422945,235
Gad1-F-100072,346,118,228,1641,118,228,0.0008861656033486449,1.414263364826395e-05,1.589734883954938e-05,0.0173860610019597,205
Gad1-F-100073,239,205,34,1354,205,34,0.0006736475943560565,1.1928417218241502e-06,8.983237836584354e-05,0.012009446761469273,135
Gad1-F-100074,423,177,246,2614,177,246,0.0019313595212557687,9.242280513323499e-05,3.117771405113158e-05,0.021255213305864027,219
Gad1-F-100075,236,173,63,941,173,63,0.0026718313198517,9.267017430293033e-06,3.0510220557015245e-05,0.011858700567810663,178
Gad1-F-100076,927,112,815,10280,112,815,0.008117448045984098,6.4289900695125024e-06,2.3779977360414636e-05,0.04658057384051053,352
Gad1-F-100077,398,120,278,2235,120,278,0.0006884667482738593,8.68184048776541e-06,1.685256029329849e-05,0.01999899502537561,211
Gad1-F-100078,77,64,13,256,64,13,0.00044974831994177894,3.855620850931202e-07,3.1189131394952884e-05,0.0038691523039043265,73
Gad1-F-100079,38,29,9,134,29,9,0.0001055361956427593,8.285948745593116e-08,1.8715207286007464e-05,0.0019094517863423948,37
Gad1-F-100080,95,49,46,504,49,46,0.000688499167592859,5.41680255013364e-06,1.1738253522973162e-05,0.004773629465855987,83
Gad1-F-100081,427,187,240,2677,187,240,0.0027162693917803754,0.0020203487838072976,1.6553930000955537e-05,0.021456208230742173,348
Gad1-F-100082,1373,47,1326,5814,47,1326,0.0006267627702195,4.325115222391617e-06,1.1545233077185736e-05,0.0689915079644239,352
Gad1-F-100083,523,255,268,3375,255,268,0.01142493117600629,4.925205504642942e-05,4.020666160158235e-05,0.0262800864278177,352
Gad1-F-100084,128,80,48,570,80,48,0.000701554780811981,2.6010199977432792e-06,2.593514948787729e-05,0.0064318375961006985,112
Gad1-F-100085,419,206,213,2489,206,213,0.0030381560844694334,8.604484433139701e-06,4.576596617922873e-05,0.02105421838098588,269
Gad1-F-100086,201,174,27,1179,174,27,0.0024249867054622924,8.909063084062394e-06,2.5706121278726927e-05,0.010099994975126878,145
Gad1-F-100087,359,132,227,1943,132,227,0.0009370835807815877,2.8954380832605368e-06,3.910010839210607e-05,0.018039294507813677,205
Gad1-F-100088,275,216,59,1624,216,59,0.005561981552260948,1.066628907641164e-05,2.387993588825533e-05,0.013818401085372594,245
Gad1-F-100089,474,254,220,2152,254,220,0.004077444031272254,1.8433838255116956e-05,6.876925472926697e-05,0.0238178985980604,274
Gad1-F-100090,274,259,15,1513,259,15,0.005778802638804184,3.27039837551153e-05,3.7234507839644275e-05,0.013768152354153058,198
Gad1-F-100091,354,160,194,1820,160,194,0.00535661872566123,1.2548925847745264e-05,3.906534486674784e-05,0.017788050851715993,211
Gad1-F-100092,311,188,123,1117,188,123,0.0003377409761057287,3.183997633472562e-07,5.64457460998924e-05,0.015627355409275914,148
Gad1-F-100093,309,80,229,2089,80,229,0.00171080922149248,1.456759791170589e-05,1.6000458376373326e-05,0.015526857946836843,210
Gad1-F-100094,179,94,85,897,94,85,0.0011390384987240544,7.795381325499399e-07,1.6388075667845253e-05,0.008994522888297071,167
Gad1-F-100095,448,221,227,3588,221,227,0.0028577122641238006,1.3476436888042856e-05,6.435662479194117e-05,0.022511431586352444,237
Gad1-F-100096,530,72,458,3886,72,458,0.004882966479972993,4.9153543426594e-05,1.4018233082173242e-05,0.026631827546354455,352
Gad1-F-100097,350,116,234,2787,116,234,0.0011145041241640687,8.24167800320573e-06,3.0082642039614715e-05,0.017587055926837847,205
Gad1-F-100098,24,14,10,84,14,10,0.0003241200350989635,7.6207753307220685e-06,1.0033787645071066e-05,0.001205969549268881,24
Gad1-F-100099,354,104,250,2625,104,250,0.0027373868198620394,4.773653180014867e-06,3.098746330511764e-05,0.017788050851715993,211
Gad1-F-100100,156,63,93,862,63,93,0.0004898087514416151,7.734439084312496e-06,1.320929759851814e-05,0.007838802070247727,110
Gad1-F-100101,159,52,107,422,52,107,0.00014620722928303568,7.687277602958349e-07,9.017759886186486e-06,0.007989548263906337,131
Gad1-F-100102,131,93,38,789,93,38,0.00018918195931989814,1.7664648107053218e-06,5.065996696014931e-05,0.006582583789759309,89
Gad1-F-100103,581,168,413,3380,168,413,0.002063257451792249,2.242846307177191e-05,3.0150986172103625e-05,0.02919451283855083,218
Gad1-F-100104,206,129,77,2065,129,77,0.0005079109148221929,3.833372693972374e-06,4.871426817397353e-05,0.010351238631224561,106
Gad1-F-100105,1004,627,377,33963,627,377,0.007503239457447176,0.0669446596148395,0.00040725261833479454,0.050449726144414855,348
Gad1-F-100106,111,40,71,501,40,71,0.00038268142923318426,8.392025409841972e-07,3.385205142871098e-05,0.005577609165368575,103
Gad1-F-100107,455,41,414,2238,41,414,0.000881709600119467,2.83936058229088e-05,1.0191571785143533e-05,0.0228631727048892,346
Gad1-F-100108,123,99,24,400,99,24,0.0022466467059817537,3.484763180435331e-05,1.570553792603588e-05,0.0061805939400030145,120
Gad1-F-100109,208,100,108,1272,100,108,0.0003503571023844024,3.1521573168472244e-07,1.7249598947808895e-05,0.010451736093663636,141
Gad1-F-100110,201,123,78,958,123,78,0.0007145781370570358,6.372454841867526e-06,1.6441772874643374e-05,0.010099994975126878,140
Gad1-F-100111,315,192,123,3122,192,123,0.0018202619332685663,6.414595176742245e-05,3.120969316911507e-05,0.015828350334154064,211
Gad1-F-100112,394,93,301,2279,93,301,0.0005254241135220382,5.900508647945543e-06,3.4756096905167515e-05,0.019798000100497464,223
Gad1-F-100113,219,150,69,1331,150,69,0.0004250911058778429,7.501705284976287e-07,0.00010573733291366741,0.011004472137078539,138
Gad1-F-100114,1091,858,233,24771,858,233,0.010500975174365114,0.024453949541126258,0.0006304794366033327,0.054821365760514544,348
Gad1-F-100116,46,29,17,245,29,17,0.0004946394057149766,4.1102275590254645e-07,1.417662272206172e-05,0.0023114416360986885,44
Gad1-F-100117,46,38,8,189,38,8,0.0007027406194411643,2.177502892514065e-06,1.5180889194823194e-05,0.0023114416360986885,46
Gad1-F-100119,142,52,90,597,52,90,0.0004630426242956559,5.015318963007494e-06,1.8493875088759486e-05,0.007135319833174212,120
Gad1-F-100120,224,85,139,1407,85,139,0.0004723000328117099,6.792667438864185e-07,3.5514382870799334e-05,0.011255715793176222,131
Gad1-F-100121,460,308,152,2473,308,152,0.0008501681702727452,1.7516593338238425e-06,0.00010429853634340572,0.023114416360986885,160
Gad1-F-100122,121,68,53,789,68,53,0.0002430997577155904,3.871034355915548e-07,2.2775689102010457e-05,0.006080096477563942,101
Gad1-F-100123,499,404,95,2923,404,95,0.003524194042539761,1.4911969838391106e-05,0.00010423810433717684,0.025074116878548817,231
Gad1-F-100124,467,95,372,2835,95,372,0.0012854050418089613,9.987380024855747e-06,1.2672124847112049e-05,0.02346615747952364,213
Gad1-F-100125,94,84,10,571,84,10,0.001716782774498433,2.198354871712192e-06,1.7842522691525285e-05,0.004723380734636451,89
Gad1-F-100126,241,62,179,1472,62,179,0.0034548128750933205,2.1201492246184057e-06,1.1397376229805319e-05,0.012109944223908346,214
Gad1-F-100127,312,215,97,2639,215,97,0.0005938862440478869,1.5899909628165455e-06,0.0001303860659726056,0.015677604140495453,129
Gad1-F-100128,221,31,190,644,31,190,0.0001233691732592801,2.978713107082757e-07,8.340507058348202e-06,0.011104969599517612,129
Gad1-F-100129,82,17,65,429,17,65,0.00011875251177970647,5.463115115501183e-08,1.2294615944378744e-05,0.00412039596000201,72
Gad1-F-100130,108,48,60,489,48,60,0.00041485283444903445,1.0913704621678938e-06,1.3578714932038319e-05,0.005426862971709964,92
Gad1-F-100131,291,227,64,1093,227,64,0.003688587789844512,2.2358361465019065e-05,3.697520129863092e-05,0.014622380784885182,245
Gad1-F-100132,299,80,219,1836,80,219,0.0004201812325860904,2.264204872405492e-06,1.3186256931777595e-05,0.015024370634641475,205
Gad1-F-100133,380,137,243,2204,137,243,0.001074956603008892,2.2674910783221994e-05,1.7812138424235993e-05,0.01909451786342395,209
Gad1-F-100134,305,236,69,1101,236,69,0.001203669825573561,4.501720761157082e-06,3.859519560632951e-05,0.015325863021958696,187
Gad1-F-100135,557,199,358,3407,199,358,0.011801356844561321,5.6791351257497364e-05,3.692552316434892e-05,0.027988543289281947,352
Gad1-F-100136,120,78,42,517,78,42,0.0002541153495219267,5.770848392046636e-07,2.400162355111426e-05,0.006029847746344405,97
Gad1-F-100138,402,218,184,3476,218,184,0.011305812566875729,8.729055245187214e-05,3.782925617438387e-05,0.020199989950253756,350
Gad1-F-100139,392,204,188,3134,204,188,0.009762955160516076,9.344274277241255e-05,2.9884400974322492e-05,0.01969750263805839,352
Gad1-F-100140,325,159,166,1524,159,166,0.008400869682944942,4.1656827476352584e-05,2.422407496234097e-05,0.01633083764634943,296
Gad1-F-100141,440,210,230,2380,210,230,0.0088063747241351,3.9519333360272816e-05,2.639448534137988e-05,0.022109441736596153,352
Gad1-F-100142,362,205,157,2610,205,157,0.012819114421070558,4.015885555976618e-05,3.920293111921718e-05,0.018190040701472288,337
Gad1-F-100144,409,189,220,2635,189,220,0.009490050073843364,0.00017615202434923932,3.276194987088448e-05,0.02055173106879051,345
Gad1-F-100145,427,208,219,2398,208,219,0.009015795236400687,4.9952420167967393e-05,2.5932700203432208e-05,0.021456208230742173,352
Gad1-F-100146,290,188,102,1730,188,102,0.0007367794924059753,2.6201242610726495e-06,3.718516183746637e-05,0.014572132053665645,190
Gad1-F-100147,294,257,37,1270,257,37,0.0004010756016975751,1.9189298098770608e-07,6.738790741795433e-05,0.014773126978543792,150
Gad1-F-100148,419,175,244,2590,175,244,0.009435427094453925,0.00015622523026082805,3.0272160204904184e-05,0.02105421838098588,331
Gad1-F-100149,192,74,118,832,74,118,0.00032413347791046364,2.6730710309773887e-07,3.1137552945474995e-05,0.009647756394151047,145
Gad1-F-100150,445,171,274,3487,171,274,0.002706108879168512,3.745597790085385e-05,2.8176866925232874e-05,0.022360685392693834,296
Gad1-F-100151,265,121,144,1828,121,144,0.0005499647416098709,1.4243695218702833e-06,1.322614240921885e-05,0.013315913773177228,211
Gad1-F-100152,470,166,304,3444,166,304,0.0031807180350971725,3.269996162606119e-05,2.7601359793497278e-05,0.02361690367318225,352
Gad1-F-100153,208,104,104,891,104,104,0.0016158923031333956,3.5913071045714175e-06,1.7271606415985746e-05,0.010451736093663636,183
Gad1-F-100154,243,101,142,1005,101,142,0.0005971476530837074,4.740314117610781e-06,1.1978843359704022e-05,0.01221044168634742,206
Gad1-F-100155,420,230,190,2382,230,190,0.011192861130630633,4.897319684391214e-05,3.369831149032564e-05,0.021104467112205417,347
Gad1-F-100156,210,194,16,773,194,16,0.004805622146421226,5.120648948683891e-06,1.753957183755943e-05,0.010552233556102708,204
Gad1-F-100157,1033,263,770,7562,263,770,0.004399104955836527,2.0085827335068277e-05,2.33455839002441e-05,0.05190693934978142,352
Gad1-F-100158,493,232,261,2774,232,261,0.011621763946698074,3.325218980487122e-05,4.24531178810707e-05,0.024772624491231597,352
Gad1-F-100159,421,301,120,4273,301,120,0.0006760809341456825,1.9692647658062076e-06,0.0001904507846167411,0.021154715843424952,148
Gad1-F-100160,118,37,81,741,37,81,0.0001728344197010247,4.563678416172203e-07,1.1383467135060539e-05,0.0059293502839053314,89
Gad1-F-100162,335,71,264,1645,71,264,0.0007357476412753295,1.021490964896001e-06,1.654549062312258e-05,0.016833324958544796,239
Gad1-F-100163,159,37,122,514,37,122,0.00013420936456597261,8.185413847548291e-08,1.9257238309857544e-05,0.007989548263906337,132
Gad1-F-100164,468,95,373,2211,95,373,0.0020653911067198927,2.206076832974679e-06,1.8206531342917895e-05,0.02351640621074318,291
Gad1-F-100165,154,108,46,967,108,46,0.0003307496497730599,4.4111087452947644e-07,5.724869846948205e-05,0.007738304607808653,109
Gad1-F-100167,272,238,34,996,238,34,0.0033142802869880104,5.62310142975424e-06,2.8031396962343045e-05,0.013667654891713983,202
Gad1-F-100168,201,72,129,1023,72,129,0.00040422121096315614,8.13174313356065e-07,1.1489338421747902e-05,0.010099994975126878,175
Gad1-F-100169,381,153,228,2686,153,228,0.004457644481391265,3.242698888159211e-05,3.62307198936785e-05,0.019144766594643484,267
Gad1-F-100170,644,314,330,4008,314,330,0.007052476650998119,2.8102059409667276e-05,2.632785324910609e-05,0.03236018290538164,352
Gad1-F-100171,2436,2186,250,19524,2186,250,0.06016491676884653,0.00014115821178991339,0.0003040046471620646,0.12240590925079142,352
Gad1-F-100172,719,654,65,3379,654,65,0.009970799757342625,0.004839897702151601,8.0762873130773e-05,0.036128837746846894,348
Gad1-F-100173,410,195,215,4358,195,215,0.011782982203151703,0.0001010248630525974,4.144200243696408e-05,0.02060197980001005,352
Gad1-F-100174,385,191,194,3058,191,194,0.009549739066959979,7.401617050395056e-05,2.9085630258773522e-05,0.019345761519521634,328
Gad1-F-100175,141,86,55,742,86,55,0.0006573286186585274,3.365768843788697e-05,1.590148124051658e-05,0.007085071101954676,114
Gad1-F-100177,180,114,66,661,114,66,0.00030174574540659714,2.4623686956278683e-07,2.4814809594959825e-05,0.009044771619516606,145
Gad1-F-100178,513,38,475,4416,38,475,0.0002807883873829352,3.8524151129535765e-06,1.3373586085788275e-05,0.02577759911562233,205
Gad1-F-100179,115,50,65,959,50,65,0.0004301933563929282,1.5605540928370924e-06,2.006572186952818e-05,0.005778604090246721,93
Gad1-F-100180,352,17,335,2983,17,335,0.00010929549390508196,1.272023209885701e-07,8.115009685673236e-06,0.01768755338927692,181
Gad1-F-100181,334,159,175,2918,159,175,0.0012869482862409851,1.799340728852188e-05,4.321145964095172e-05,0.01678307622732526,219
Gad1-F-100182,296,152,144,796,152,144,0.00028947582646662704,1.7116186913150587e-07,2.9729050892890762e-05,0.014873624440982865,150
Gad1-F-100183,889,23,866,12023,23,866,0.000515240783980591,4.971049605598974e-07,8.867706246230914e-06,0.04467112205416813,352
Gad1-F-100184,1110,378,732,16418,378,732,0.004407768298982772,0.00014681294120689954,0.0003288131888895816,0.055776091653685744,348
Gad1-F-100185,246,196,50,1025,196,50,0.0004668108904397748,4.0687477016653164e-07,5.941367657150188e-05,0.012361187880006029,148
Gad1-F-100186,666,148,518,2929,148,518,0.003008342617457659,0.0001593672812731374,3.290142719493872e-05,0.03346565499221145,348
Gad1-F-100187,873,33,840,9962,33,840,0.0014802131583432712,7.383073556711808e-07,8.846387422977335e-06,0.043867142354655546,352
Gad1-F-100188,159,66,93,672,66,93,0.00035112105985419596,4.2786559927046686e-06,1.1747026673377372e-05,0.007989548263906337,114
Gad1-F-100189,1040,866,174,6362,866,174,0.017712555678175285,1.7392446904742138e-05,7.327322090828358e-05,0.05225868046831818,352
Gad1-F-100190,483,87,396,3647,87,396,0.0004955917720729531,9.908328536478753e-07,1.2623454539115523e-05,0.02427013717903623,211
Gad1-F-100191,202,91,111,1257,91,111,0.0004355485178576236,1.1417547557994163e-06,4.797329614078918e-05,0.010150243706346415,138
Gad1-F-100192,483,78,405,2853,78,405,0.00034045562219714296,5.987403238415806e-07,1.3973208423772346e-05,0.02427013717903623,186
Gad1-F-100193,667,230,437,4330,230,437,0.012315974032295004,6.49455885507941e-05,3.36080318449948e-05,0.03351590372343098,352
Gad1-F-100194,190,110,80,1640,110,80,0.00039138184824607613,8.389998735284331e-07,5.858686628386337e-05,0.009547258931711974,127
Gad1-F-100195,430,195,235,3834,195,235,0.009901600730742328,9.603626842835403e-05,3.243352075310487e-05,0.021606954424400783,352
Gad1-F-100196,110,51,59,1016,51,59,0.00013054011089585322,5.108255009996551e-07,3.1157481913653236e-05,0.005527360434149038,94
Gad1-F-100197,249,118,131,979,118,131,0.0007947875486485174,3.7050883116438225e-06,1.2777630264430537e-05,0.01251193407366464,205
Gad1-F-100198,469,234,235,2155,234,235,0.011200788050036865,1.5457774297133393e-05,3.7854861393423984e-05,0.023566654941962716,352
Gad1-F-100199,124,60,64,1571,60,64,0.00014211095265857183,1.1548351872245383e-06,3.9020424377269534e-05,0.006230842671222552,94
Gad1-F-100200,205,91,114,1284,91,114,0.0014486652114159932,4.367331239622321e-06,2.302446047375164e-05,0.010300989900005025,152
Gad1-F-100201,137,71,66,1557,71,66,0.00019831393365913382,1.8644760270643587e-06,4.277428066589211e-05,0.006884076177076529,94
Gad1-F-100202,207,126,81,1112,126,81,0.00045741118519335893,3.4585664005671837e-06,2.3713677325984194e-05,0.010401487362444098,149
Gad1-F-100203,390,222,168,2676,222,168,0.01014579859028099,5.5905281264234255e-05,3.490745853691345e-05,0.019597005175619315,348
Gad1-F-100204,282,277,5,1007,277,5,0.005780686772492892,1.1209204983831262e-05,2.285648627271465e-05,0.014170142203909351,271
Gad1-F-100205,281,101,180,1320,101,180,0.00034864004932705605,5.483906019155599e-07,4.365609417861126e-05,0.014119893472689814,148
Gad1-F-100206,207,72,135,758,72,135,0.0006750760948683473,4.4400220290892294e-07,1.16078819673303e-05,0.010401487362444098,204
Gad1-F-100207,103,70,33,701,70,33,0.0001477219495861487,6.472831348111818e-07,4.212952360204239e-05,0.0051756193156122805,81
Gad1-F-100208,473,176,297,3004,176,297,0.00468086151542169,5.75947214376389e-05,3.277226558272603e-05,0.02376764986684086,241
Gad1-F-100209,559,180,379,2357,180,379,0.008534070042132214,1.9521465102054477e-05,3.267644342589162e-05,0.028089040751721018,344
Gad1-F-100210,1636,581,1055,9242,581,1055,0.022467024426027857,0.0002588773823486182,0.00014105141558276251,0.08220692427516205,352
Gad1-F-100211,121,6,115,580,6,115,0.00018440421895877482,9.20160825722183e-08,8.871659561593428e-06,0.006080096477563942,120
Gad1-F-100212,158,64,94,641,64,94,0.0002623286815175351,4.053133894461836e-07,2.3112865011409223e-05,0.0079392995326868,106
Gad1-F-100213,31,11,20,78,11,20,3.913658899156485e-05,1.517523941023898e-08,9.064455175215966e-06,0.001557710667805638,29
Gad1-F-100214,28,12,16,120,12,16,1.4401541426162396e-05,1.4474651752270268e-08,1.0187713670901751e-05,0.0014069644741470278,27
Gad1-F-100217,423,233,190,3428,233,190,0.010859652380357026,0.000108593987760555,3.879086455877391e-05,0.021255213305864027,345
Gad1-F-100218,521,145,376,3915,145,376,0.0023602723103098603,3.8477302614794474e-05,2.3854102973884057e-05,0.026179588965378624,211
Gad1-F-100219,328,60,268,1575,60,268,0.00021219909665462204,2.0261202980170545e-07,1.3987490097652811e-05,0.01648158384000804,180
Gad1-F-100220,1006,172,834,11407,172,834,0.004539662054453773,2.5650262743303873e-05,2.5407545046036417e-05,0.050550223606853927,352
Gad1-F-100221,53,7,46,321,7,46,6.545771426064374e-06,2.936717936682141e-08,8.276489479151975e-06,0.0026631827546354453,50
Gad1-F-100222,84,44,40,507,44,40,0.00036334133830114577,1.193574100515454e-06,1.4617499986387312e-05,0.004220893422441084,75
Gad1-F-100223,198,10,188,1370,10,188,0.00031845829912887405,1.1852396256728276e-07,9.109052343303901e-06,0.009949248781468268,185
Gad1-F-100224,661,190,471,4569,190,471,0.0110763842315795,5.706526946346105e-05,3.574734859218452e-05,0.03321441133611376,352
Gad1-F-100225,259,10,249,1450,10,249,0.00011275989630569563,1.9308237802466486e-07,8.8505927166867e-06,0.013014421385860007,198
Gad1-F-100226,435,232,203,3400,232,203,0.010729346998258614,0.00013155709190651327,3.72426230090374e-05,0.021858198080498468,352
Gad1-F-100227,245,117,128,1626,117,128,0.000941713477478698,1.8782310622786597e-05,4.730657821276283e-05,0.012310939148786493,187
Gad1-F-100228,1526,336,1190,10384,336,1190,0.01503745968816267,9.00042240558711e-05,6.252686841081386e-05,0.07667956384101302,352
Gad1-F-100230,454,239,215,4529,239,215,0.01345107787103273,9.265106820012043e-05,5.3249092830095707e-05,0.022812923973669665,352
Gad1-F-100231,315,19,296,1195,19,296,0.001492877176073408,5.789906660691163e-07,8.888534508986126e-06,0.015828350334154064,143
Gad1-F-100232,898,825,73,52077,825,73,0.009202086762682502,0.1186445219408144,0.00080220360471491,0.04512336063514396,348
Gad1-F-100233,414,219,195,2836,219,195,0.013112172268950574,5.650658156981744e-05,3.4326560519456685e-05,0.020802974724888196,349
Gad1-F-100234,244,126,118,1360,126,118,0.0010669056434261443,1.7594344941828462e-05,1.6284799038001528e-05,0.012260690417566956,205
Gad1-F-100235,68,66,2,180,66,2,0.0019171738134126308,1.31960075487385e-05,1.7210025728815382e-05,0.003416913722928496,68
Gad1-F-100236,1385,1369,16,17287,1369,16,0.042055116017851606,0.00029591862910549295,0.00029270133447861297,0.06959449273905834,352
Gad1-F-100237,509,171,338,3849,171,338,0.0048837586772001685,1.9343940108302157e-05,2.1243446356265784e-05,0.025576604190744184,352
Gad1-F-100238,473,313,160,3174,313,160,0.004183048537120403,0.003450198307388333,3.132830174265127e-05,0.02376764986684086,348
Gad1-F-100239,172,64,108,908,64,108,0.0002773888318897391,6.738031044387044e-07,1.3896415819603178e-05,0.008642781769760313,156
Gad1-F-100240,126,70,56,1714,70,56,0.00023121480592906829,9.798248877927791e-05,4.966372331936877e-05,0.006331340133661625,94
Gad1-F-100241,87,42,45,692,42,45,0.0004078725343255349,1.416880692270186e-06,1.3149307473335068e-05,0.004371639616099694,78
Gad1-F-100242,950,183,767,9549,183,767,0.004294240520524706,2.9710345279031995e-05,2.732287399819225e-05,0.04773629465855987,352
Gad1-F-100243,226,73,153,968,73,153,0.00032357403006567085,3.144803174724308e-07,3.752242057524914e-05,0.011356213255615295,150
Gad1-F-100244,74,56,18,441,56,18,0.00018273008174547815,2.718827266617128e-07,3.553948981587586e-05,0.0037184061102457163,62
Gad1-F-100245,98,42,56,556,42,56,0.00032588557001308934,1.7534922827695053e-06,1.2015550556420931e-05,0.004924375659514597,84
Gad1-F-100246,457,145,312,2766,145,312,0.0025535399838277108,9.668296886419663e-06,1.766434214502923e-05,0.022963670167328275,352
Gad1-F-100247,367,57,310,2181,57,310,0.0008820473746875447,2.1078894969394178e-05,1.2158845033322921e-05,0.018441284357569972,211
Gad1-F-100248,44,12,32,164,12,32,6.128690846114376e-05,1.720587734800267e-07,1.0257956566606971e-05,0.002210944173659615,37
Gad1-F-100249,234,221,13,688,221,13,0.004513240643220787,2.70425028430934e-06,1.9711354571098158e-05,0.01175820310537159,222
Gad1-F-100250,281,101,180,1605,101,180,0.0002828208862583504,4.008442797875685e-07,6.381287342459814e-05,0.014119893472689814,150
Gad1-F-100251,67,34,33,291,34,33,0.00015709452896523493,1.6340470088070748e-07,1.3766872082012077e-05,0.0033666649917089594,60
Gad1-F-100252,450,143,307,3088,143,307,0.0034695769097053456,2.0115889502965963e-05,2.1161615402873253e-05,0.02261192904879152,352
Gad1-F-100254,271,156,115,1206,156,115,0.002259580634084741,1.83644934738262e-05,1.9335525750911357e-05,0.013617406160494448,213
Gad1-F-100255,121,62,59,2203,62,59,0.00011465759089069126,1.9804233979018247e-06,7.126107704795433e-05,0.006080096477563942,94
Gad1-F-100257,556,344,212,3159,344,212,0.010206509363868936,2.2922230571937433e-05,4.302050554733871e-05,0.027938294558062408,352
Gad1-F-100258,223,55,168,1080,55,168,0.0010745134150035316,2.090672496964306e-06,1.1758528224422312e-05,0.011205467061956685,203
Gad1-F-100259,506,172,334,4189,172,334,0.0038093172504067904,2.3024127047263265e-05,2.4059549911985138e-05,0.025425857997085573,352
Gad1-F-100260,89,44,45,389,44,45,0.0004416615572031551,1.0585358999283394e-06,1.0832486768360317e-05,0.004472137078538767,85
Gad1-F-100261,410,233,177,3244,233,177,0.011523639691362988,0.00021929945241921172,4.055668111002833e-05,0.02060197980001005,349
Gad1-F-100262,134,82,52,580,82,52,0.0006118546102888266,3.832172257007238e-06,2.86537653879967e-05,0.006733329983417919,110
Gad1-F-100263,257,154,103,1495,154,103,0.0007118733237873389,1.84022893165198e-06,3.115356452110926e-05,0.012913923923420934,152
Gad1-F-100264,705,126,579,4007,126,579,0.001490013397397188,3.2755269220820934e-06,2.530382247835594e-05,0.035425355509773375,223
Gad1-F-100265,380,208,172,2746,208,172,0.01259327395887613,7.863219329946128e-05,4.2120627243354604e-05,0.01909451786342395,344
Gad1-F-100266,120,46,74,519,46,74,0.0004021210578775316,3.1669709660421605e-07,1.3890380526733446e-05,0.006029847746344405,98
Gad1-F-100267,97,68,29,443,68,29,0.0002644859628376335,4.592663617218046e-07,2.3542799044149165e-05,0.004874126928295061,83
Gad1-F-100268,594,176,418,5222,176,418,0.0034211086667623168,2.0559599334753526e-05,2.7635656540406333e-05,0.029847746344404805,352
Gad1-F-100269,321,148,173,2083,148,173,0.001225421323260404,5.3134814862723226e-05,2.344065862296842e-05,0.016129842721471284,231
Gad1-F-100270,74,61,13,446,61,13,0.001636914275624871,7.969840770989408e-06,1.3778137737238211e-05,0.0037184061102457163,73
Gad1-F-100271,553,277,276,2593,277,276,0.004734530562010724,2.4874368409442855e-05,2.147463399063447e-05,0.027787548364403798,352
Gad1-F-100272,115,49,66,715,49,66,0.000446020917639945,9.80746075231192e-06,1.802370561239465e-05,0.005778604090246721,94
Gad1-F-100273,203,64,139,886,64,139,0.00029828586374330834,2.832552603748917e-07,3.0700314162281484e-05,0.01020049243756595,148
Gad1-F-100274,265,195,70,1346,195,70,0.0006085204933333616,6.358950289290915e-07,7.67173873336683e-05,0.013315913773177228,145
Gad1-F-100275,197,151,46,814,151,46,0.0003114776648595597,3.805056694887106e-07,6.122107752181545e-05,0.009899000050248732,138
Gad1-F-100276,156,57,99,971,57,99,0.00022984847238997365,3.7369602262229466e-07,3.34580204755692e-05,0.007838802070247727,127
Gad1-F-100277,308,70,238,2336,70,238,0.004079545763248021,2.7513429424822886e-05,1.113990914490176e-05,0.015476609215617306,303
Gad1-F-100278,427,228,199,3677,228,199,0.0133094033222489,4.094371699198153e-05,4.836879950644401e-05,0.021456208230742173,352
Gad1-F-100280,666,292,374,4585,292,374,0.012647613526240992,0.00014367796569322058,5.1240327051536925e-05,0.03346565499221145,352
Gad1-F-100281,390,254,136,2894,254,136,0.013759776624458753,4.617448801984438e-05,5.218388153347936e-05,0.019597005175619315,348
Gad1-F-100282,477,155,322,3291,155,322,0.0027194917357937914,2.6104544311852534e-05,2.390856553853114e-05,0.02396864479171901,352
Gad1-F-100283,804,221,583,5967,221,583,0.0037038493449691925,1.3360550809537564e-05,2.160077565704212e-05,0.04039997990050751,352
Gad1-F-100284,419,175,244,2774,175,244,0.008711639780240536,6.579211570102577e-05,2.6778476996016623e-05,0.02105421838098588,352
Gad1-F-100285,383,250,133,2624,250,133,0.014060331069406492,3.4902683181849965e-05,4.593370213469533e-05,0.01924526405708256,349
Gad1-F-100286,185,149,36,741,149,36,0.001226590440231479,1.1261409876100579e-05,2.297230834506183e-05,0.009296015275614291,175
Gad1-F-100287,696,119,577,3425,119,577,0.0022873589767837816,1.3379183073979052e-05,1.3008620575276386e-05,0.03497311692879755,352
Gad1-F-100288,739,79,660,7411,79,660,0.00504025545101552,6.239235207718107e-06,1.4021457108696803e-05,0.037133812371237626,352
Gad1-F-100289,428,231,197,2289,231,197,0.01100956308858894,8.682440389580625e-05,3.556731503979776e-05,0.021506456961961712,352
Gad1-F-100291,172,14,158,614,14,158,6.180827652229626e-05,3.541801353458816e-08,9.696512121200256e-06,0.008642781769760313,148
Gad1-F-100292,473,258,215,2495,258,215,0.004434695657390229,3.045310595263069e-05,2.231664372465929e-05,0.02376764986684086,352
Gad1-F-100293,262,68,194,1130,68,194,0.00015449238536751413,1.2689120444407057e-07,1.899487920414605e-05,0.013165167579518617,140
Gad1-F-100294,408,216,192,2875,216,192,0.009781140362565369,0.0001161969292687022,3.077689138281514e-05,0.020501482337570976,352
Gad1-F-100295,479,180,299,3342,180,299,0.004635653001269217,1.26704852604038e-05,2.6189932428859506e-05,0.02406914225415808,352
Gad1-F-100296,547,109,438,2879,109,438,0.00214193530951644,4.7780518683827205e-05,3.267279022219006e-05,0.027486055977086577,352
Gad1-F-100297,71,48,23,203,48,23,0.0009741796612876618,6.422630082233743e-07,1.4200766075152309e-05,0.003567659916587106,66
Gad1-F-100298,809,587,222,4083,587,222,0.015767848785814522,1.3600748883702026e-05,5.5659573542436583e-05,0.04065122355660519,352
Gad1-F-100300,246,198,48,1412,198,48,0.0033783017021356485,3.6740931798395445e-05,6.686876753772463e-05,0.012361187880006029,217
Gad1-F-100301,419,231,188,3538,231,188,0.010956309902834792,0.00010067300868339018,3.584252377924358e-05,0.02105421838098588,352
Gad1-F-100302,648,11,637,5642,11,637,9.014358580510666e-05,1.8997843146584836e-07,8.57886347035923e-06,0.03256117783025979,189
Gad1-F-100303,153,6,147,756,6,147,4.6640546533495314e-05,9.59691928241804e-08,7.831745863553486e-06,0.0076880558765891165,134
Gad1-F-100304,789,245,544,4804,245,544,0.011691315490788024,0.0002255234107037799,4.852585048540327e-05,0.03964624893221446,352
Gad1-F-100306,218,35,183,990,35,183,0.0006056285623303261,1.4873280973525276e-06,1.094559870748189e-05,0.010954223405859002,208
Gad1-F-100307,1333,1311,22,11262,1311,22,0.03980272583784703,8.574201381210953e-05,0.0011014312560398843,0.06698155871564243,352
Gad1-F-100308,455,152,303,3030,152,303,0.00427077126081238,1.2168606973008807e-05,1.9458150542747843e-05,0.0228631727048892,352
Gad1-F-100309,436,187,249,2849,187,249,0.0029397116050840543,0.000569046307408532,2.028353534430947e-05,0.021908446811718003,336
Gad1-F-100310,398,223,175,3319,223,175,0.012283038864019378,4.902734303387799e-05,4.1045000959238566e-05,0.01999899502537561,349
Gad1-F-100311,681,444,237,3258,444,237,0.010658911964824507,2.4285310623055213e-05,4.100671625724312e-05,0.0342193859605045,352
Gad1-F-100313,217,89,128,618,89,128,0.00014161002804340708,2.4186452008658246e-08,2.0547325850772104e-05,0.010903974674639466,150
Gad1-F-100314,51,43,8,143,43,8,0.000787972142435486,4.277092218923571e-06,1.531633660297318e-05,0.002562685292196372,50
Gad1-F-100315,235,201,34,844,201,34,0.00031632211779147537,2.3633237674802527e-07,4.540363531757307e-05,0.011808451836591126,148
Gad1-F-100316,320,140,180,1769,140,180,0.007635313861946033,3.091697597415881e-05,2.738849438155012e-05,0.016079593990251745,288
Gad1-F-100317,977,566,411,37373,566,411,0.007468832939473354,0.04389706998514936,0.00030997029628230497,0.049093010401487364,348
Gad1-F-100319,15,10,5,78,10,5,0.00010955116689527097,6.210515162167546e-08,8.932121048382084e-06,0.0007537309682930506,15
Gad1-F-100320,490,171,319,3313,171,319,0.005316734699770589,2.2680438172141277e-05,2.292216486957492e-05,0.024621878297572987,352
Gad1-F-100321,682,127,555,3495,127,555,0.0018442459065994325,9.799656971129076e-06,1.28074490253683e-05,0.03426963469172403,352
Gad1-F-100322,343,101,242,2423,101,242,0.0028437596188430757,5.1297179991709146e-05,2.2803777086720697e-05,0.01723531480830109,203
Gad1-F-100323,296,118,178,1591,118,178,0.00042148320657057575,4.222343176741651e-07,7.89444144161885e-05,0.014873624440982865,150
Gad1-F-100324,152,113,39,654,113,39,0.0004940069675221432,8.824350591800776e-07,1.521766472594806e-05,0.007637807145369579,151
Gad1-F-100325,705,228,477,3985,228,477,0.011064807559621144,0.00019463213099280387,4.135996219742679e-05,0.035425355509773375,352
Gad1-F-100326,428,225,203,2788,225,203,0.009977966468823159,3.051549941113076e-05,3.4926958996975836e-05,0.021506456961961712,352
Gad1-F-100327,86,61,25,239,61,25,0.0011097276731617987,9.011660153460381e-07,1.5251521180211754e-05,0.004321390884880157,83
Gad1-F-100330,516,196,320,4037,196,320,0.005363492203418016,1.970696258008119e-05,3.023043153474424e-05,0.02592834530928094,352
Gad1-F-100331,393,210,183,3101,210,183,0.010627995365388497,0.00018362382796869393,3.2394741203868344e-05,0.019747751369277925,349
Gad1-F-100332,449,254,195,3229,254,195,0.01155435705047377,6.018062571739932e-05,4.0616961470393765e-05,0.02256168031757198,352
Gad1-F-100334,161,12,149,586,12,149,0.00019935704569401153,2.322165676736895e-06,8.122831491759409e-06,0.00809004572634541,131
Gad1-F-100335,392,199,193,3454,199,193,0.010155898581817549,0.00012537991975824863,3.290240826626901e-05,0.01969750263805839,349
Gad1-F-100336,339,85,254,2224,85,254,0.000886863495256136,3.821278424651886e-06,1.9888477962093837e-05,0.017034319883422945,231
Gad1-F-100339,120,23,97,586,23,97,7.993271913368326e-05,1.1816047831292451e-07,8.794740136798523e-06,0.006029847746344405,91
Gad1-F-100340,177,80,97,923,80,97,0.001025228606073769,2.8884654665028918e-06,1.8000608794207372e-05,0.008894025425857996,131
Gad1-F-100341,753,111,642,4403,111,642,0.0013960195579999536,1.7695739767168586e-05,1.2630494014357138e-05,0.03783729460831114,352
Gad1-F-100342,506,155,351,4090,155,351,0.0035153031184192887,1.2232078071602366e-05,2.1844172884481433e-05,0.025425857997085573,352
Gad1-F-100343,733,81,652,3981,81,652,0.0011188110207488802,2.5613403364163384e-06,1.0927610282949895e-05,0.036832319983920406,352
Gad1-F-100344,295,288,7,1075,288,7,0.007123526177050899,2.7910003071526596e-05,3.3881220771826835e-05,0.014823375709763328,282
Gad1-F-100345,365,68,297,1712,68,297,0.000353891011551642,2.106977352648259e-06,9.149511826202779e-06,0.018340786895130898,205
Gad1-F-100346,452,259,193,2605,259,193,0.00424489015825949,4.3536000516979876e-05,6.773996952433219e-05,0.02271242651123059,301
Gad1-F-100347,250,215,35,1097,215,35,0.005727463801368375,1.1197440642851652e-05,1.726391583506152e-05,0.012562182804884177,228
Gad1-F-100348,417,241,176,2968,241,176,0.012845179726413091,2.9629155577480793e-05,3.761344492432291e-05,0.020953720918546807,350
Gad1-F-100349,429,262,167,3207,262,167,0.012158882768705208,0.0002220272005031676,4.166192716958606e-05,0.021556705693181247,352
Gad1-F-100350,599,503,96,6117,503,96,0.006254526021142611,0.006253008420074816,0.00014488177124432648,0.030098990000502486,346
Gad1-F-100351,272,44,228,1493,44,228,0.00029281861947124543,4.4509066853029764e-07,1.0501177713013994e-05,0.013667654891713983,196
Gad1-F-100352,580,214,366,4193,214,366,0.005185941923283909,2.085236593742166e-05,1.991878652651785e-05,0.02914426410733129,352
Gad1-F-100353,379,205,174,2711,205,174,0.010596869744418414,3.618377232921914e-05,3.609781890349006e-05,0.019044269132204413,349
Gad1-F-100354,513,161,352,3940,161,352,0.0031586312294724682,1.9963779580021744e-05,2.4246144450773064e-05,0.02577759911562233,352
Gad1-F-100355,373,220,153,2808,220,153,0.010638962274557259,3.3781326762164894e-05,3.170493121145392e-05,0.018742776744887193,338
Gad1-F-100356,563,337,226,5546,337,226,0.004531954493850744,0.00618428000343643,4.453747626208777e-05,0.028290035676599167,348
Gad1-F-100357,353,88,265,2084,88,265,0.0014636936403530484,1.8193187011161507e-05,1.608181751467777e-05,0.017737802120496457,211
Gad1-F-100358,285,122,163,1702,122,163,0.0014565145854495208,4.355267881030933e-05,2.8956164307845553e-05,0.014320888397567962,194
Gad1-F-100359,540,203,337,4195,203,337,0.005263383193069816,1.8908308916812065e-05,2.4544236369874636e-05,0.02713431485854982,352
Gad1-F-100360,418,21,397,10282,21,397,0.0003130427019621233,8.07379925669943e-05,8.690749978087473e-06,0.021003969649766342,339
Gad1-F-100363,729,543,186,4240,543,186,0.019476146191219935,0.00010463462891546963,5.297083263546605e-05,0.036631325059042256,352
Gad1-F-100364,417,208,209,2865,208,209,0.012475447417209339,6.29479479712352e-05,3.3455781466302365e-05,0.020953720918546807,352
Gad1-F-100365,641,88,553,2864,88,553,0.002394108438907528,2.445108715468787e-06,4.075585585151582e-05,0.03220943671172303,352
Gad1-F-100366,1066,854,212,46226,854,212,0.009342589838388454,0.10854479201451746,0.0007185364096492911,0.05356514748002613,348
Gad1-F-100367,221,198,23,1026,198,23,0.004944204430710067,2.859986469148509e-06,2.0236161927749117e-05,0.011104969599517612,206
Gad1-F-100368,400,213,187,2548,213,187,0.010404052733583366,0.00021011282225835023,3.46717849755513e-05,0.02009949248781468,348
Gad1-F-100369,414,229,185,2719,229,185,0.0107296889656584,5.242499023713724e-05,3.125080289707763e-05,0.020802974724888196,352
Gad1-F-100370,216,47,169,1371,47,169,0.001768366706402352,2.10348927004962e-06,9.63624195839183e-06,0.010853725943419929,198
Gad1-F-100371,434,177,257,2773,177,257,0.0033352583991562014,2.8343162468337875e-05,2.5701942471155606e-05,0.021807949349278932,352
Gad1-F-100372,422,233,189,3345,233,189,0.012365458606108602,3.594842896669269e-05,3.772505318083149e-05,0.02120496457464449,349
Gad1-F-100373,548,367,181,3133,367,181,0.0158211950621972,5.443538897834557e-05,4.8467580147884616e-05,0.027536304708306116,352
Gad1-F-100374,2034,1926,108,11962,1926,108,0.05296256673341729,9.329670487621266e-05,0.00019279874820283375,0.10220591930053766,352
Gad1-F-100375,380,212,168,2745,212,168,0.010378368062265737,0.0001011694550701588,3.6117468918220036e-05,0.01909451786342395,349
Gad1-F-100376,471,162,309,2709,162,309,0.0022848071723624605,4.612023961790156e-06,2.3787719543397465e-05,0.02366715240440179,254
Gad1-F-100377,22,7,15,105,7,15,0.00012281273927694094,1.2372393767604107e-07,8.533499540614379e-06,0.0011054720868298076,22
Gad1-F-100378,245,190,55,981,190,55,0.00024410392350493663,8.285785047478063e-08,5.103924490733655e-05,0.012310939148786493,150
Gad1-F-100379,364,179,185,2417,179,185,0.011604709944529203,2.0035895613900148e-05,3.4667131811950025e-05,0.018290538163911362,331
Gad1-F-100380,260,156,104,1541,156,104,0.0006465837685985366,6.106289855957663e-06,6.67669043186226e-05,0.013064670117079544,135
Gad1-F-100381,664,229,435,3767,229,435,0.012884594571527469,5.2065877775858594e-05,3.779215850256076e-05,0.03336515752977237,352
Gad1-F-100382,35,29,6,152,29,6,0.00010424430810700776,3.693828115166021e-07,2.4994296141119187e-05,0.0017587055926837848,33
Gad1-F-100384,211,195,16,803,195,16,0.0005800915692037067,4.4233452410652304e-07,5.605111828165374e-05,0.010602482287322246,148
Gad1-F-100385,168,9,159,798,9,159,0.00038677832690669345,4.0172676471150127e-07,8.534312395020552e-06,0.008441786844882167,137
Gad1-F-100386,546,253,293,3333,253,293,0.003511510626825358,3.297481963920917e-05,2.3912236095784417e-05,0.02743580724586704,352
Gad1-F-100387,585,146,439,2966,146,439,0.006708978740815759,2.5501321072098404e-05,2.2683629314108653e-05,0.029395507763428974,352
Gad1-F-100388,14,10,4,28,10,4,4.93392207964527e-05,9.9032410035403e-09,8.872028002755731e-06,0.0007034822370735139,14
Gad1-F-100389,29,19,10,55,19,10,6.618009593531375e-05,8.148784550971329e-09,1.0484842286255633e-05,0.0014572132053665644,29
Gad1-F-100390,21,16,5,85,16,5,0.0001269417933856868,5.566686656543714e-08,9.540387615139948e-06,0.001055223355610271,20
Gad1-F-100391,14,8,6,34,8,6,7.198228004847835e-06,1.7206071172418385e-08,1.0258037800974203e-05,0.0007034822370735139,14
Gad1-F-100392,163,90,73,738,90,73,0.0002849418104949776,2.6833586240261e-07,1.64542354264657e-05,0.008190543188784483,131
Gad1-F-100393,750,141,609,4298,141,609,0.0020771059237564087,1.0828826307974134e-05,2.027820077083762e-05,0.03768654841465253,352
Gad1-F-100395,925,263,662,7176,263,662,0.0036268822392407523,3.076896665670016e-05,2.0210210797094025e-05,0.04648007637807145,352
Gad1-F-100396,419,231,188,3519,231,188,0.011156604824862729,0.00011219169661857987,4.1007601216835365e-05,0.02105421838098588,352
Gad1-F-100397,511,153,358,3957,153,358,0.003115999833130497,2.8489519736429314e-05,2.5260980770781977e-05,0.02567710165318326,352
Gad1-F-100398,323,279,44,1154,279,44,0.0008505051310847797,5.600765461441388e-06,6.734468986861014e-05,0.016230340183910355,150
Gad1-F-100399,462,274,188,3382,274,188,0.011148685641448742,6.772196102978494e-05,3.807676577376805e-05,0.02321491382342596,352
Gad1-F-100400,154,64,90,690,64,90,0.0005892616951194978,3.056199268025863e-07,1.437831212899332e-05,0.007738304607808653,111
Gad1-F-100401,910,308,602,5902,308,602,0.0044280047781600365,5.124612764333466e-05,2.6914995116701498e-05,0.0457263454097784,352
Gad1-F-100402,554,321,233,2900,321,233,0.00823063976439884,4.6180934088396125e-05,2.7986498202383417e-05,0.027837797095623337,352
Gad1-F-100403,569,55,514,4533,55,514,0.0017754423469370385,8.362611596591928e-07,1.1206046782911552e-05,0.028591528063916388,352
Gad1-F-100404,452,240,212,3916,240,212,0.011541597341779125,0.00010470968041427432,4.2276393041096726e-05,0.02271242651123059,352
Gad1-F-100405,1092,1014,78,11157,1014,78,0.0331227792814774,0.00019245398271185244,0.0001901991147228328,0.05487161449173408,352
Gad1-F-100406,935,40,895,5383,40,895,0.0007968691286072424,4.53200156792069e-06,9.585870501102466e-06,0.04698256369026682,352
Gad1-F-100407,277,214,63,1465,214,63,0.0005614864473015818,8.584298147186914e-07,0.00015354498135193126,0.013918898547811668,145
Gad1-F-100408,153,146,7,421,146,7,0.003057239172167872,1.3800642344273722e-05,1.6292516993552517e-05,0.0076880558765891165,150
Gad1-F-100409,820,401,419,19095,401,419,0.005304878338453061,0.004949694072017006,0.00010670400506088947,0.0412039596000201,348
Gad1-F-100411,534,267,267,2468,267,267,0.005375416454423561,1.462574741558648e-05,2.0167813349004163e-05,0.0268328224712326,352
Gad1-F-100412,449,279,170,2707,279,170,0.012848608776879954,7.015713828950696e-05,4.8428414778490516e-05,0.02256168031757198,352
Gad1-F-100413,427,230,197,3510,230,197,0.010488783782195215,3.314381280866082e-05,3.7761751998503025e-05,0.021456208230742173,349
Gad1-F-100414,386,163,223,2410,163,223,0.003080935040236532,2.4032741095600153e-06,2.202876516725773e-05,0.01939601025074117,280
Gad1-F-100415,897,13,884,7364,13,884,0.0005225683490486227,2.722850663382829e-07,7.962071109874026e-06,0.04507311190392443,352
Gad1-F-100416,750,250,500,4391,250,500,0.012480276080730974,0.00010145566245685619,4.7443851969083714e-05,0.03768654841465253,352
Gad1-F-100417,187,81,106,700,81,106,0.0011764752198164064,1.0940692050969338e-05,1.80035202103228e-05,0.009396512738053364,127
Gad1-F-100418,194,144,50,935,144,50,0.00040275080465031286,4.3175039161906724e-07,5.12590626555364e-05,0.009748253856590122,135
Gad1-F-100419,109,15,94,439,15,94,3.20577132682165e-05,1.0528878421405865e-08,1.1819302535745228e-05,0.005477111702929501,78
Gad1-F-100420,385,221,164,2463,221,164,0.010805571365238605,0.00011732042977078092,3.7109539064005226e-05,0.019345761519521634,343
Gad1-F-100421,433,175,258,2612,175,258,0.007320845279568959,2.467522507431585e-05,2.29354479636337e-05,0.021757700618059393,352
Gad1-F-100422,98,4,94,339,4,94,2.3940876585071766e-05,7.842135111480043e-09,7.608297611323173e-06,0.004924375659514597,81
Gad1-F-100423,277,270,7,915,270,7,0.0058325800500312235,9.211531050148768e-06,2.0217436602242732e-05,0.013918898547811668,264
Gad1-F-100424,223,173,50,867,173,50,0.00041367996377895955,3.19799515057564e-07,3.6201520315633896e-05,0.011205467061956685,148
Gad1-F-100425,306,272,34,1185,272,34,0.0005404488206992512,3.641072478543367e-07,6.766689449027406e-05,0.015376111753178233,150
Gad1-F-100426,238,154,84,1132,154,84,0.0004594249304562602,6.048053261395419e-07,6.00664440935797e-05,0.011959198030249736,138
Gad1-F-100427,115,70,45,1700,70,45,0.0002157369571419624,3.8110503267119514e-06,6.984159433109563e-05,0.005778604090246721,94
Gad1-F-100428,478,268,210,4007,268,210,0.011785735773616421,7.22499824752691e-05,3.871487466588804e-05,0.024018893522938546,352
Gad1-F-100429,417,210,207,3284,210,207,0.010768581922575703,1.1594947853722856e-05,3.618446078739039e-05,0.020953720918546807,348
Gad1-F-100431,377,204,173,2662,204,173,0.010483805696965734,0.00014392160934419097,3.433928616718245e-05,0.01894377166976534,347
Gad1-F-100432,73,50,23,412,50,23,9.332225699405359e-05,4.65947840281981e-07,3.3766941580170036e-05,0.0036681573790261794,68
Gad1-F-100434,60,41,19,146,41,19,0.0007926757873110358,1.2167171383693513e-06,1.000083595408062e-05,0.0030149238731722026,60
Gad1-F-100436,290,210,80,1438,210,80,0.0004563832360774375,3.038111448694557e-07,8.976039889833419e-05,0.014572132053665645,141
Gad1-F-100437,296,262,34,1194,262,34,0.00045425336979382783,1.5129573423207482e-07,7.975691223586841e-05,0.014873624440982865,150
Gad1-F-100438,245,101,144,1022,101,144,0.00047778167282842485,5.035871515385258e-07,3.201579584937858e-05,0.012310939148786493,150
Gad1-F-100439,1262,294,968,5227,294,968,0.005779211160779056,1.6860884466939763e-05,5.00682603971293e-05,0.06341389879905532,352
Gad1-F-100440,466,213,253,3581,213,253,0.011975322450235004,5.99684794687349e-05,4.6916757212246934e-05,0.023415908748304105,352
Gad1-F-100441,556,218,338,4903,218,338,0.008292669381569808,1.9453851517412152e-05,2.827030024503498e-05,0.027938294558062408,352
Gad1-F-100442,193,112,81,953,112,81,0.00042388320211176716,5.407133703476237e-07,1.7053223406103124e-05,0.009698005125370585,145
Gad1-F-100443,182,129,53,921,129,53,0.0023880900280508466,5.3072742793748735e-06,2.0106005396876282e-05,0.009145269081955681,135
Gad1-F-100444,186,117,69,1213,117,69,0.0004962984297397112,8.692749580747194e-07,5.202530440746142e-05,0.009346264006833827,133
Gad1-F-100445,202,124,78,903,124,78,0.0008069784698693286,1.8397002918614505e-05,1.7449084573816868e-05,0.010150243706346415,145
Gad1-F-100446,171,85,86,1380,85,86,0.0004530117535460178,9.89975003699998e-07,7.301568383353126e-05,0.008592533038540778,136
Gad1-F-100447,43,18,25,137,18,25,6.624883113115932e-05,2.2570491250525096e-08,1.247100899514467e-05,0.0021606954424400783,43
Gad1-F-100448,406,194,212,3548,194,212,0.010104578642627227,0.00012064125753368004,3.364778433772838e-05,0.0204009848751319,352
Gad1-F-100449,608,235,373,5118,235,373,0.011463107957699673,0.0002118129238464328,4.5240455774432187e-05,0.030551228581478317,352
Gad1-F-100450,96,17,79,396,17,79,8.266266795865993e-05,3.150748156665998e-08,9.554279482704656e-06,0.004823878197075524,83
Gad1-F-100451,240,175,65,1405,175,65,0.00032763841631321296,2.719747029874914e-07,9.703540396219324e-05,0.01205969549268881,137
Gad1-F-100452,554,331,223,4881,331,223,0.015112426324195478,7.909594411276555e-05,6.0151758797261834e-05,0.027837797095623337,352
Gad1-F-100454,1007,319,688,6468,319,688,0.005851073492810894,3.921141719282721e-05,2.714717013248738e-05,0.050600472338073466,352
Gad1-F-100455,74,40,34,507,40,34,0.0004065491260901763,9.065768706331377e-07,1.2023580267737016e-05,0.0037184061102457163,68
Gad1-F-100456,701,126,575,3677,126,575,0.007621306877263941,9.148989230318353e-06,1.8151775139785593e-05,0.03522436058489523,352
Gad1-F-100457,183,144,39,637,144,39,0.0001826570270564376,1.02864346846575e-07,3.2508912217527604e-05,0.009195517813175217,142
Gad1-F-100458,177,66,111,938,66,111,0.00034688642231271006,4.387632118609296e-07,1.7489044967490087e-05,0.008894025425857996,129
Gad1-F-100459,203,4,199,741,4,199,3.953446179245674e-06,8.756582248340197e-10,8.799731606390887e-06,0.01020049243756595,150
Gad1-F-100460,54,41,13,266,41,13,0.0006644422521129516,4.915331841304339e-06,1.1029329300289479e-05,0.002713431485854982,54
Gad1-F-100461,321,212,109,1316,212,109,0.0011534280849892764,5.259834380995554e-06,2.9696092551632555e-05,0.016129842721471284,186
Gad1-F-100462,60,41,19,292,41,19,0.0001849810926214841,1.4534585979790731e-07,1.7955089907940908e-05,0.0030149238731722026,57
Gad1-F-100463,45,17,28,156,17,28,3.339067782663171e-05,7.505043297162655e-09,1.1868351301752684e-05,0.0022611929048791516,45
Gad1-F-100464,222,42,180,934,42,180,0.00011259379989487062,1.3437815994600518e-07,3.159984257391287e-05,0.01115521833073715,150
Gad1-F-100465,129,126,3,631,126,3,0.0006082357964055792,6.294805172247247e-07,9.511951087309422e-05,0.006482086327320235,92
Gad1-F-100466,133,118,15,874,118,15,0.0004471666645128007,9.430904700630841e-07,4.5014869661304836e-05,0.006683081252198382,98
Gad1-F-100468,220,129,91,1186,129,91,0.002152315085957797,0.0013107744780883437,2.0252851759336817e-05,0.011054720868298076,211
Gad1-F-100469,495,302,193,3969,302,193,0.01140551355281438,3.6293717354895225e-05,4.07689221282664e-05,0.024873121953670668,352
Gad1-F-100470,225,176,49,798,176,49,0.0003995081296306256,3.087505507905343e-07,3.076627951186466e-05,0.01130596452439576,148
Gad1-F-100471,268,220,48,1011,220,48,0.00037085537694089664,9.897302655217e-08,6.049808288590386e-05,0.013466659966835838,150
Gad1-F-100472,63,41,22,264,41,22,3.506935034507097e-05,1.9474953897073072e-08,1.6939030835913313e-05,0.0031656700668308124,62
Gad1-F-100473,63,29,34,339,29,34,0.0002885623243833126,7.913515273764727e-07,1.1238181925384086e-05,0.0031656700668308124,59
Gad1-F-100474,113,62,51,430,62,51,0.000817645113264696,8.881791935047074e-07,1.3821035622090732e-05,0.0056781066278076475,96
Gad1-F-100475,274,168,106,1686,168,106,0.0014397606651554596,2.7855208617016563e-06,6.182469623077592e-05,0.013768152354153058,148
Gad1-F-100477,210,122,88,578,122,88,0.0013374964228251463,1.8716368265037516e-06,1.2853393569763377e-05,0.010552233556102708,153
Gad1-F-100478,166,72,94,1029,72,94,0.0005535761005553514,2.1041880917236123e-05,1.3260470021291068e-05,0.008341289382443093,112
Gad1-F-100479,86,57,29,396,57,29,0.00016991192128835896,4.4460818692925983e-07,2.670033584606946e-05,0.004321390884880157,79
Gad1-F-100480,270,62,208,1684,62,208,0.00038943660382328326,1.5212910594415623e-06,1.529465718002129e-05,0.01356715742927491,181
Gad1-F-100481,225,111,114,794,111,114,0.0002222623379967133,1.2701120005172095e-07,2.686263078423483e-05,0.01130596452439576,148
Gad1-F-100482,532,273,259,3947,273,259,0.012409670037896519,0.00028647655989081776,5.025582276219242e-05,0.02673232500879353,352
Gad1-F-100483,289,120,169,1142,120,169,0.0001775061625552137,4.7237596777467123e-08,3.42445615627066e-05,0.014521883322446109,150
Gad1-F-100484,78,42,36,291,42,36,0.00016611890908433874,1.4828401901276727e-07,1.7503194112744245e-05,0.003919401035123863,75
Gad1-F-100485,221,57,164,733,57,164,0.0009222019806050092,6.6593545318247454e-06,1.066204180129024e-05,0.011104969599517612,173
Gad1-F-100486,177,1,176,1100,1,176,7.143121668076008e-09,2.800909299982351e-13,7.726362868026646e-06,0.008894025425857996,127
Gad1-F-100487,43,34,9,164,34,9,0.00012598182615561638,6.263091402481444e-08,1.8018432218356774e-05,0.0021606954424400783,42
Gad1-F-100488,1073,398,675,6293,398,675,0.01053068680358616,2.701113387858016e-05,3.071292176532501e-05,0.05391688859856288,352
Gad1-F-100489,331,199,132,1687,199,132,0.008508391853044963,4.105004392170152e-05,3.463747880303777e-05,0.01663233003366665,297
Gad1-F-100490,60,15,45,369,15,45,0.0001385791618405909,1.3907254171151876e-07,8.546738419385643e-06,0.0030149238731722026,55
Gad1-F-100491,831,280,551,7128,280,551,0.004201357442987031,1.828278891288362e-05,0.00012311434021536745,0.041756695643435,314
Gad1-F-100492,216,41,175,1349,41,175,0.00011812532249288358,8.431411490870461e-08,1.343149226626993e-05,0.010853725943419929,135
Gad1-F-100494,218,148,70,876,148,70,0.0023929489725281806,1.687564493705304e-05,1.995621796409958e-05,0.010954223405859002,150
Gad1-F-100495,137,55,82,777,55,82,0.0003073061890248359,3.9426432246689324e-07,1.658415051883423e-05,0.006884076177076529,109
Gad1-F-100496,401,113,288,2091,113,288,0.001229794197690087,4.7368644638172206e-05,1.8829343167437435e-05,0.02014974121903422,216
Gad1-F-100497,398,188,210,3177,188,210,0.002443520796304175,0.0011524668705224735,2.4812853215006316e-05,0.01999899502537561,339
Gad1-F-100498,110,69,41,379,69,41,0.0009548020439465053,4.1364725592618986e-06,1.7576397388511822e-05,0.005527360434149038,101
Gad1-F-100499,130,53,77,983,53,77,0.0004702484084870658,2.3528600809257926e-06,1.728206440418535e-05,0.006532335058539772,107
Gad1-F-100500,1005,346,659,6877,346,659,0.005087132892044264,1.6956007156925048e-05,0.00012537640048629524,0.05049997487563439,331
Gad1-F-100501,158,20,138,474,20,138,0.0003618194331687848,8.770169160406139e-06,1.3662992640587156e-05,0.0079392995326868,156
Gad1-F-100502,25,13,12,85,13,12,3.017691370441773e-05,2.9356134525918818e-08,8.636494048997659e-06,0.0012562182804884176,23
Gad1-F-100503,96,80,16,560,80,16,0.00034084191221675476,4.038807949725739e-07,3.204874150169234e-05,0.004823878197075524,86
Gad1-F-100504,30,23,7,82,23,7,6.413701128248085e-05,4.0514360068072435e-08,1.143912734211634e-05,0.0015074619365861013,29
Gad1-F-100505,159,82,77,1081,82,77,0.0003531661799382686,9.550968125687308e-07,4.1715539969298274e-05,0.007989548263906337,93
Gad1-F-100506,169,119,50,721,119,50,0.0002233214353977633,1.1864418296625008e-07,3.5278996009202194e-05,0.008492035576101703,136
Gad1-F-100507,20,14,6,135,14,6,4.9001502326385946e-05,2.023714544936645e-07,2.9325157924368933e-05,0.001004974624390734,17
Gad1-F-100508,292,261,31,1275,261,31,0.0004949300174891901,2.545010346988713e-07,9.044283022840129e-05,0.014672629516104718,150
Gad1-F-100509,233,110,123,1102,110,123,0.0012234577549007839,3.2753885434263286e-05,1.9929143192568437e-05,0.011707954374152053,138
Gad1-F-100510,89,86,3,397,86,3,0.00014150768885226486,8.742026972099666e-08,3.647525926947457e-05,0.004472137078538767,80
Gad1-F-100511,228,193,35,1379,193,35,0.0005586731147088112,6.766470387120938e-07,9.013805448909743e-05,0.01145671071805437,138
Gad1-F-100512,834,405,429,5543,405,429,0.004554124789482632,2.5750017309987657e-05,0.0001122476913811808,0.04190744183709361,246
Gad1-F-100513,169,58,111,726,58,111,0.0002639619759855774,1.947680931240485e-07,2.5414102392299013e-05,0.008492035576101703,135
Gad1-F-100514,412,263,149,2041,263,149,0.003424137793502929,2.80169711827045e-05,6.0875735402795655e-05,0.020702477262449122,223
Gad1-F-100515,339,207,132,1738,207,132,0.0024006569672730955,6.225046195623725e-06,4.068728517170759e-05,0.017034319883422945,202
Gad1-F-100516,38,22,16,388,22,16,6.966853642240416e-05,2.1096391744712715e-06,8.607120150120575e-05,0.0019094517863423948,32
Gad1-F-100517,313,218,95,2938,218,95,0.0014826289352341088,1.885936860768797e-05,3.9213760060662193e-05,0.01572785287171499,205
Gad1-F-100518,98,59,39,426,59,39,0.00020749689277152443,1.4122516389038344e-07,2.210792303211781e-05,0.004924375659514597,89
Gad1-F-100519,89,76,13,267,76,13,0.0006072358560856685,3.1309156444579072e-06,1.431858754924981e-05,0.004472137078538767,84
Gad1-F-100520,1104,213,891,7803,213,891,0.0030000289644348584,1.454708669383815e-05,8.925779766381184e-05,0.055474599266368524,331
Gad1-F-100521,228,50,178,1473,50,178,0.000453923246405615,1.2353978230886048e-06,1.5072904733926861e-05,0.01145671071805437,185
Gad1-F-100522,326,252,74,1251,252,74,0.00040133998262506244,1.9357689391685834e-07,6.936316125179755e-05,0.016381086377568965,150
Gad1-F-100524,173,115,58,623,115,58,0.0007462935154156436,7.970218302351339e-06,2.5586192993512683e-05,0.00869303050097985,128
Gad1-F-100526,579,206,373,4626,206,373,0.006883282004010939,3.2882435555006485e-05,2.7596307393114423e-05,0.029094015376111754,352
Gad1-F-100527,229,145,84,1469,145,84,0.0007238601262283272,1.1902963079338738e-06,7.361347035270051e-05,0.011506959449273905,138
Gad1-F-100528,133,30,103,533,30,103,8.569884189830615e-05,4.039405077687882e-08,9.368227803688042e-06,0.006683081252198382,115
Gad1-F-100529,99,29,70,465,29,70,0.00018254842096010286,2.463039613756448e-07,9.904074225314736e-06,0.004974624390734134,84
Gad1-F-100530,150,94,56,719,94,56,0.0007870100574710164,7.327345852641036e-07,3.8752181882206735e-05,0.007537309682930506,114
Gad1-F-100531,72,16,56,639,16,56,3.097106656890089e-05,2.6378355504107525e-07,1.479163835167065e-05,0.003617908647806643,69
Gad1-F-100532,101,24,77,515,24,77,0.00020416039106921049,4.928307492492845e-07,9.506990815522478e-06,0.005075121853173208,82
Gad1-F-100533,228,138,90,1522,138,90,0.0004966374898818548,8.403260050291393e-07,2.291216646368703e-05,0.01145671071805437,156
Gad1-F-100535,75,73,2,209,73,2,0.0002097794363475541,7.505434766383271e-08,2.3864618610012354e-05,0.003768654841465253,70
Gad1-F-100536,386,256,130,2935,256,130,0.0007542797486597934,2.421267060285852e-06,0.00014866619787947332,0.01939601025074117,148
Gad1-F-100537,163,129,34,960,129,34,0.00038202877211474353,5.789619767449883e-07,4.6065464036020574e-05,0.008190543188784483,110
Gad1-F-100539,228,179,49,958,179,49,0.0004000970634591091,4.403957481016177e-07,6.563153701091079e-05,0.01145671071805437,142
Gad1-F-100540,512,496,16,2981,496,16,0.006054735964329618,0.00031482611978974506,0.00022773124372292317,0.025727350384402794,263
Gad1-F-100541,460,85,375,3022,85,375,0.0003119434208016818,1.1178874897732326e-06,2.2983946181496248e-05,0.023114416360986885,150
Gad1-F-100542,430,75,355,2098,75,355,0.002121907513748345,3.53583693397792e-06,1.2292170540059137e-05,0.021606954424400783,352
Gad1-F-100544,73,48,25,489,48,25,8.701175399978361e-05,1.064207830565456e-07,6.554650073216817e-05,0.0036681573790261794,65
Gad1-F-100546,276,229,47,2262,229,47,0.000574482968480895,1.5418863648349582e-06,0.0001234207896065926,0.013868649816592131,121
Gad1-F-100547,129,71,58,529,71,58,0.0006931339496628407,4.94167115086626e-07,2.9975946518661765e-05,0.006482086327320235,100
Gad1-F-100548,229,133,96,906,133,96,0.0009085959239668424,1.4994876076477462e-05,1.7750307341624316e-05,0.011506959449273905,174
Gad1-F-100549,240,94,146,1007,94,146,0.000609006533445847,6.1821571951949935e-06,1.666439911572859e-05,0.01205969549268881,165
Gad1-F-100550,744,621,123,3937,621,123,0.014312058207804828,3.497777313939756e-05,5.318038972640987e-05,0.03738505602733531,352
Gad1-F-100551,54,38,16,259,38,16,0.00011805497744857164,1.88670682739362e-07,1.5030613554261676e-05,0.002713431485854982,51
Gad1-F-100552,615,308,307,5492,308,307,0.013111682690862854,0.0001531259512337999,6.204814825361759e-05,0.030902969700015076,352
Gad1-F-100553,145,45,100,668,45,100,0.0003601389076748597,1.1484935052988653e-06,1.2054502514875347e-05,0.007286066026832822,102
Gad1-F-100554,733,315,418,5069,315,418,0.014000052125763019,0.00019145517679296388,6.264322673808128e-05,0.036832319983920406,352
Gad1-F-100555,135,30,105,652,30,105,0.00036494700363334445,6.726352339717619e-06,9.84548016168186e-06,0.006783578714637455,131
Gad1-F-100556,390,195,195,1636,195,195,0.0007752268413553448,1.3803692663998701e-06,3.19361261280118e-05,0.019597005175619315,186
Gad1-F-100557,157,63,94,1055,63,94,0.0004907493820409572,5.0125280258805045e-06,3.2117034503259514e-05,0.007889050801467262,133
Gad1-F-100558,381,162,219,2371,162,219,0.004517277809832696,4.646029811826069e-05,2.8544063029972893e-05,0.019144766594643484,221
Gad1-F-100559,552,342,210,5122,342,210,0.013892790809692473,0.00014109541965071372,6.307679507621075e-05,0.027737299633184262,352
Gad1-F-100560,371,32,339,2210,32,339,0.0006154899909294291,5.008408274695698e-07,9.664041506098274e-06,0.018642279282448118,344
Gad1-F-100561,102,78,24,370,78,24,0.00026139063340803654,7.737462145707099e-07,2.011068811276289e-05,0.005125370584392744,94
Gad1-F-100562,511,331,180,4414,331,180,0.0046688523717289465,0.007217827640233819,4.73121337253902e-05,0.02567710165318326,348
Gad1-F-100563,386,270,116,2402,270,116,0.0032693728343478412,1.1696586435971176e-05,0.00011865808931820182,0.01939601025074117,228
Gad1-F-100564,140,30,110,665,30,110,0.0005121124624058014,5.908055704734852e-06,9.512404149382959e-06,0.007034822370735139,136
Gad1-F-100565,135,55,80,850,55,80,0.00020450838822199375,2.7932913698153955e-07,1.574623281484519e-05,0.006783578714637455,104
Gad1-F-100566,112,34,78,553,34,78,0.00042722182476069744,9.596373065858881e-07,1.1942668633422413e-05,0.005627857896588111,85
Gad1-F-100567,135,62,73,671,62,73,0.0003890647425696663,1.7983329580540194e-07,2.1586676089362303e-05,0.006783578714637455,107
Gad1-F-100568,511,401,110,6507,401,110,0.0011620061112809963,6.457249545957909e-06,0.00036034533812889346,0.02567710165318326,148
Gad1-F-100570,512,264,248,4442,264,248,0.012162423248795007,0.0001720522824292816,5.290109523627177e-05,0.025727350384402794,352
Gad1-F-100571,63,25,38,228,25,38,8.803341923400305e-05,8.905325607571872e-08,1.090438945858175e-05,0.0031656700668308124,60
Gad1-F-100572,42,13,29,91,13,29,2.8497641797540224e-05,1.0952639224543001e-08,9.343766190373122e-06,0.002110446711220542,39
Gad1-F-100573,234,166,68,1393,166,68,0.00036713109790509796,5.188071809174937e-07,7.498931004944269e-05,0.01175820310537159,135
Gad1-F-100574,421,232,189,3668,232,189,0.010358968147419424,0.00012721871208020292,3.9895606928970145e-05,0.021154715843424952,349
Gad1-F-100575,334,291,43,1486,291,43,0.0004409542760508438,2.03676093165393e-07,9.032391637525634e-05,0.01678307622732526,150
Gad1-F-100576,130,43,87,797,43,87,0.0005620549083359099,1.0228598234975387e-06,1.344954788613032e-05,0.006532335058539772,96
Gad1-F-100577,166,101,65,952,101,65,0.0002852509648169802,2.5805765040651337e-07,4.078417423287961e-05,0.008341289382443093,127
Gad1-F-100578,13,2,11,40,2,11,1.803622527067782e-06,6.562905726220791e-10,1.5100014874913714e-05,0.0006532335058539772,13
Gad1-F-100579,340,130,210,2154,130,210,0.0045909276180198045,6.49755761082152e-06,2.909776928050616e-05,0.01708456861464248,232
Gad1-F-100580,48,45,3,140,45,3,0.0001500918470319218,8.716467040517812e-08,1.452606616001482e-05,0.002411939098537762,48
Gad1-F-100582,372,371,1,1822,371,1,0.0008569780463267774,1.1803940435246383e-06,0.00011680725164351497,0.018692528013667654,148
Gad1-F-100583,111,50,61,1142,50,61,0.0008176401137834471,2.7426557978796573e-06,2.347001399617351e-05,0.005577609165368575,92
Gad1-F-100584,102,98,4,881,98,4,0.00023748715226093456,5.276909844286392e-07,5.514803382615162e-05,0.005125370584392744,79
Gad1-F-100585,63,38,25,311,38,25,0.0001419390708832365,1.0890919564858543e-07,1.956681487328398e-05,0.0031656700668308124,56
Gad1-F-100586,474,212,262,3469,212,262,0.006164880780929708,2.1978544139543708e-05,4.342829053918422e-05,0.0238178985980604,236
Gad1-F-100587,287,116,171,1457,116,171,0.00048031609909344417,1.2202156849381433e-06,1.7825940763073697e-05,0.014421385860007034,175
Gad1-F-100588,475,173,302,3783,173,302,0.005658331913648426,1.6580190660097198e-05,2.6558134996278217e-05,0.023868147329279936,352
Gad1-F-100589,183,75,108,893,75,108,0.00032829605369013833,3.2150856120669107e-07,4.2873552006074627e-05,0.009195517813175217,136
Gad1-F-100590,329,265,64,2361,265,64,0.0039369158712089245,6.289583038299578e-05,9.518946588483399e-05,0.016531832571227575,229
Gad1-F-100591,697,147,550,5762,147,550,0.0009471355096721885,7.038783688510102e-06,5.447620865885192e-05,0.03502336566001708,205
Gad1-F-100592,751,112,639,13147,112,639,0.0025414567222502853,8.317083330566585e-06,2.4936299125882277e-05,0.03773679714587207,352
Gad1-F-100594,20,8,12,41,8,12,8.488449454546042e-05,9.202392887475846e-08,8.119372523358692e-06,0.001004974624390734,20
Gad1-F-100596,215,118,97,1175,118,97,0.0007072245500724429,1.2426313861145133e-05,1.876186189827946e-05,0.010803477212200392,145
Gad1-F-100597,84,53,31,402,53,31,0.0003868814152896802,7.718354583767946e-07,2.5052214750431525e-05,0.004220893422441084,78
Gad1-F-100598,139,120,19,535,120,19,0.0009363040407206022,1.0457679293653364e-06,3.1668877228468945e-05,0.006984573639515602,107
Gad1-F-100599,841,125,716,5570,125,716,0.002338205050016104,5.2617974288759885e-06,1.428628926623146e-05,0.04225918295563037,352
Gad1-F-100600,246,60,186,1616,60,186,0.00022415834925231285,7.771915981545047e-07,1.3786528321250777e-05,0.012361187880006029,141
Gad1-F-100601,654,362,292,9767,362,292,0.004944024012092839,0.008453403781982848,0.00013549849458669827,0.03286267021757701,348
Gad1-F-100602,272,61,211,2222,61,211,0.0007448364557857638,6.003511077501853e-06,1.3119521505428516e-05,0.013667654891713983,226
Gad1-F-100603,611,216,395,4024,216,395,0.012304828567175442,4.1262791107870584e-05,4.097569349597933e-05,0.030701974775136927,352
Gad1-F-100604,571,216,355,4360,216,355,0.0038848394811592537,0.00014465499336912546,4.143494926112233e-05,0.02869202552635546,275
Gad1-F-100605,110,36,74,577,36,74,0.00026746668807714355,2.767538050121352e-07,1.1713632759960188e-05,0.005527360434149038,91
Gad1-F-100606,135,39,96,739,39,96,0.0004282379628060101,7.14635046349699e-07,1.2627664901099842e-05,0.006783578714637455,100
Gad1-F-100607,41,7,34,234,7,34,1.2616620851642387e-05,1.693380721464703e-08,9.767063564622063e-06,0.002060197980001005,37
Gad1-F-100608,485,204,281,3485,204,281,0.006590842357908928,1.5978657065679083e-05,2.871838309844904e-05,0.024370634641475302,352
Gad1-F-100609,16,12,4,54,12,4,1.0813047643879833e-05,2.162514280622387e-09,1.9477961089624077e-05,0.0008039796995125873,16
Gad1-F-100610,113,61,52,554,61,52,0.0004929731482083846,4.068623445115582e-06,1.5916319272953336e-05,0.0056781066278076475,99
Gad1-F-100611,115,67,48,443,67,48,0.0004702139413553494,2.0085419946944755e-06,2.241849793754854e-05,0.005778604090246721,98
Gad1-F-100613,234,50,184,1043,50,184,0.0007460732819335723,2.055539568205323e-05,1.1187770108594555e-05,0.01175820310537159,164
Gad1-F-100615,2479,1525,954,26401,1525,954,0.01862942863602819,0.033769773252736536,0.000801897147206211,0.1245666046932315,352
Gad1-F-100616,442,223,219,3544,223,219,0.011521393065911182,6.441107532632927e-05,3.9913045014925715e-05,0.022209939199035224,352
Gad1-F-100617,382,73,309,2736,73,309,0.0041956445001575995,1.3094700126175295e-05,1.6078718333915074e-05,0.019195015325863023,318
Gad1-F-100618,207,135,72,1002,135,72,0.0002958408927702446,1.9495271941726262e-07,7.953189257764631e-05,0.010401487362444098,138
Gad1-F-100620,535,172,363,4207,172,363,0.0044512378473953295,1.587129456804743e-05,2.6636057498872034e-05,0.02688307120245214,352
Gad1-F-100621,252,99,153,1001,99,153,0.002137514318013933,6.32693192755163e-06,2.7327763780269504e-05,0.01266268026732325,192
Gad1-F-100623,556,158,398,4240,158,398,0.003965572094374461,2.3599793612518874e-05,2.390457874195354e-05,0.027938294558062408,352
Gad1-F-100625,1003,587,416,6276,587,416,0.01715612179447247,4.709248634336608e-05,7.514394225743181e-05,0.050399477413195316,352
Gad1-F-100627,297,106,191,1890,106,191,0.0004843237008664049,2.9098285710166443e-06,2.256036693866366e-05,0.014923873172202402,175
Gad1-F-100628,183,101,82,848,101,82,0.0004094053987150393,6.119008919117044e-07,2.2586621700426986e-05,0.009195517813175217,136
Gad1-F-100629,713,307,406,25549,307,406,0.007364858985247308,0.0001801051494569949,7.271315722335301e-05,0.03582734535952967,348
Gad1-F-100631,468,136,332,3095,136,332,0.0005077066843745914,1.450815801531798e-06,3.728224053702118e-05,0.02351640621074318,183
Gad1-F-100632,555,277,278,4530,277,278,0.014038383101688905,0.00010170375033541876,6.887401508386412e-05,0.027888045826842872,352
Gad1-F-100634,225,116,109,1018,116,109,0.0005615968746475174,4.480608051134146e-06,1.643141530404208e-05,0.01130596452439576,138
Gad1-F-100635,161,93,68,485,93,68,0.0023542171241467784,2.5906190646945454e-06,1.3418332627852924e-05,0.00809004572634541,155
Gad1-F-100636,303,238,65,1260,238,65,0.0005180521515581845,2.937430090360762e-07,0.00010324206120486371,0.015225365559519623,147
Gad1-F-100637,601,264,337,4096,264,337,0.01197927738385426,0.0001212708679342695,4.62679899945847e-05,0.03019948746294156,352
Gad1-F-100638,663,233,430,4854,233,430,0.012604361039386376,5.544896417314644e-05,4.3892800016962764e-05,0.03331490879855284,352
Gad1-F-100639,89,66,23,349,66,23,0.0002772198708576351,1.8883330327990455e-07,1.573011512596243e-05,0.004472137078538767,83
Gad1-F-100640,284,188,96,1770,188,96,0.002880393317912423,0.0008499920921347341,3.1654016554452496e-05,0.014270639666348424,248
Gad1-F-100642,403,220,183,2598,220,183,0.012128640809799859,4.032446004360311e-05,4.0930375169065054e-05,0.02025023868147329,336
Gad1-F-100643,211,143,68,1710,143,68,0.0016902042189589153,1.7018185421083946e-05,3.813404040131513e-05,0.010602482287322246,144
Gad1-F-100644,691,225,466,5343,225,466,0.010673284400525498,0.0001019025693983427,3.686844040541074e-05,0.03472187327269986,352
Gad1-F-100645,423,222,201,3620,222,201,0.012306113087051292,4.75762990044216e-05,4.3988047070891e-05,0.021255213305864027,352
Gad1-F-100646,218,157,61,882,157,61,0.00045151257014401565,4.283509105668346e-07,4.743612515285967e-05,0.010954223405859002,135
Gad1-F-100647,276,160,116,1516,160,116,0.0008429703905894767,5.2791007122964954e-06,3.084118230064144e-05,0.013868649816592131,158
Gad1-F-100648,146,79,67,723,79,67,0.0009747552582108472,6.487583942553935e-06,1.8379128723833575e-05,0.007336314758052359,118
Gad1-F-100649,12,5,7,22,5,7,1.0027795789175083e-05,7.236006815759856e-09,9.441951547728532e-06,0.0006029847746344405,12
Gad1-F-100650,407,199,208,3155,199,208,0.010085544981535634,8.82920689226087e-05,3.500699099080092e-05,0.02045123360635144,352
Gad1-F-100651,19,11,8,57,11,8,1.0409471565328335e-05,2.858494251818631e-09,1.685551594420584e-05,0.0009547258931711974,19
Gad1-F-100652,54,46,8,147,46,8,0.00020763293293145306,1.8343783489177313e-07,1.409833324573216e-05,0.002713431485854982,54
Gad1-F-100653,311,135,176,1817,135,176,0.0005961414765095952,1.3893451472811816e-06,6.032848372289306e-05,0.015627355409275914,150
Gad1-F-100656,421,135,286,2552,135,286,0.0006227444571182775,1.9996124038700825e-06,2.5201463322067525e-05,0.021154715843424952,186
Gad1-F-100657,251,38,213,2037,38,213,0.00012344228998422815,4.0629348372071886e-08,1.627969696250113e-05,0.012612431536103714,132
Gad1-F-100658,384,202,182,2517,202,182,0.010984489181399531,4.439655802224525e-05,2.9835941565810225e-05,0.019295512788302095,347
Gad1-F-100659,377,199,178,2863,199,178,0.010494587588914013,0.0001194138683050749,3.687665132500123e-05,0.01894377166976534,348
Gad1-F-100660,121,114,7,688,114,7,0.00084055722845319,1.3935766361478704e-06,2.527055514753739e-05,0.006080096477563942,91
Gad1-F-100662,107,78,29,320,78,29,0.0015464028175876685,2.5178800048945015e-06,1.6191712768403515e-05,0.005376614240490428,100
Gad1-F-100663,432,185,247,2865,185,247,0.011066924221191961,3.346537628687217e-05,3.914813463633327e-05,0.021707451886839858,352
Gad1-F-100665,467,236,231,3428,236,231,0.011188131196590925,0.00015198002411572208,4.061740276263927e-05,0.02346615747952364,352
Gad1-F-100666,240,78,162,1112,78,162,0.0003399986247367045,5.227198269759001e-07,4.01145994970706e-05,0.01205969549268881,150
Gad1-F-100667,385,153,232,1629,153,232,0.0005948380969766271,1.3138584802481887e-06,2.5268716111155183e-05,0.019345761519521634,186
Gad1-F-100668,360,319,41,1507,319,41,0.0006518439862382922,4.276275739887004e-07,9.803662432094826e-05,0.018089543239033213,150
Gad1-F-100669,786,154,632,3945,154,632,0.004370834754923635,2.0669160154358455e-05,1.4727358646875163e-05,0.03949550273855585,352
Gad1-F-100670,372,289,83,1671,289,83,0.00051227469885384,5.806797075333352e-07,0.00010823855403296369,0.018692528013667654,150
Gad1-F-100671,236,98,138,1193,98,138,0.0009526784629501413,3.26079766702503e-06,2.803646833746035e-05,0.011858700567810663,146
Gad1-F-100672,259,213,46,956,213,46,0.0010022798712151439,3.8219494868213525e-06,5.7953011033408656e-05,0.013014421385860007,150
Gad1-F-100673,338,177,161,1817,177,161,0.005593118939282509,1.2411384775723218e-05,5.932690391499843e-05,0.016984071152203406,216
Gad1-F-100674,144,50,94,506,50,94,0.0003066288154752725,1.7672511940830956e-07,1.672956504360941e-05,0.007235817295613286,118
Gad1-F-100676,39,19,20,119,19,20,0.00038493266109048253,3.8638553579613715e-06,1.0575332215565243e-05,0.0019597005175619317,39
Gad1-F-100677,175,83,92,1773,83,92,0.0008240470362169739,3.6109602530275865e-06,3.1204071097125327e-05,0.008793527963418923,111
Gad1-F-100678,174,144,30,649,144,30,0.00024885225955422136,1.0350354994036379e-07,3.2846418998610476e-05,0.008743279232199388,144
Gad1-F-100679,38,27,11,129,27,11,4.68219494493498e-05,2.2833634230525337e-08,2.2584192372515472e-05,0.0019094517863423948,37
Gad1-F-100680,209,67,142,688,67,142,0.00021468456884829847,1.903736213721869e-07,1.3562961931020345e-05,0.010501984824883171,148
Gad1-F-100681,207,85,122,1124,85,122,0.0019234223249642772,3.3382766132741393e-06,2.0121321161284232e-05,0.010401487362444098,183
Gad1-F-100682,446,234,212,3654,234,212,0.012722947372500118,6.09730195800912e-05,4.505914783453259e-05,0.02241093412391337,350
Gad1-F-100683,185,76,109,820,76,109,0.00034479782842500707,2.1941238200162134e-06,1.300254336468303e-05,0.009296015275614291,107
Gad1-F-100684,61,36,25,256,36,25,0.00020060234051232927,1.4069809029684528e-07,1.9300885805639347e-05,0.003065172604391739,61
Gad1-F-100685,314,125,189,1446,125,189,0.0006042325564897201,5.803262976921233e-07,5.2949782559308937e-05,0.015778101602934524,148
Gad1-F-100686,412,99,313,2033,99,313,0.0031639531921557147,2.7246613300960134e-06,2.043195859382577e-05,0.020702477262449122,350
Gad1-F-100687,20,3,17,47,3,17,2.438264789916074e-06,2.7198327739873375e-10,1.6805583120142144e-05,0.001004974624390734,19
Gad1-F-100689,360,302,58,2891,302,58,0.0008013132061949319,1.761118284650036e-06,0.00019877291863903084,0.018089543239033213,144
Gad1-F-100690,482,201,281,3844,201,281,0.003791067475273502,2.68884750733208e-05,3.0074599878164e-05,0.024219888447816692,352
Gad1-F-100692,156,41,115,525,41,115,0.0002446465486972333,1.9288209151591242e-07,1.9892699552423003e-05,0.007838802070247727,138
Gad1-F-100693,249,87,162,1427,87,162,0.0003821325969307085,6.136901778909654e-07,5.365117795423876e-05,0.01251193407366464,150
Gad1-F-100694,220,106,114,996,106,114,0.0012689977226478758,4.304482590510572e-06,1.9937327347429527e-05,0.011054720868298076,132
Gad1-F-100695,92,8,84,533,8,84,5.505198811864868e-05,5.0765050945099915e-08,9.57041545756174e-06,0.004622883272197377,73
Gad1-F-100696,198,95,103,998,95,103,0.0005978124714193286,1.0768997617926413e-05,1.369627823773671e-05,0.009949248781468268,140
Gad1-F-100697,15,8,7,48,8,7,7.88853125891755e-06,3.413187640131328e-09,9.946427814603573e-06,0.0007537309682930506,15
Gad1-F-100699,221,123,98,1239,123,98,0.0010431097987789104,1.9355341629413767e-06,2.5345986668132205e-05,0.011104969599517612,125
Gad1-F-100700,399,219,180,2290,219,180,0.012576614170678634,4.985367954982232e-05,3.510490946058313e-05,0.020049243756595145,347
Gad1-F-100701,240,57,183,876,57,183,0.0010530969639237636,3.511148810719015e-05,1.331248228373753e-05,0.01205969549268881,205
Gad1-F-100702,101,37,64,727,37,64,0.0005097487706097348,1.026891052240846e-06,1.4091964790270025e-05,0.005075121853173208,78
Gad1-F-100703,10,4,6,23,4,6,6.506616430307764e-07,6.39255208485478e-11,1.1083742682877527e-05,0.000502487312195367,10
Gad1-F-100704,412,192,220,2299,192,220,0.011685290258068826,3.351239542783643e-05,3.131919203172121e-05,0.020702477262449122,331
Gad1-F-100705,435,229,206,3078,229,206,0.01131820105155269,0.00026519334158707763,4.006168415673218e-05,0.021858198080498468,346
Gad1-F-100707,91,37,54,608,37,54,0.0003289527840967968,9.155087071024893e-07,1.388183973096503e-05,0.0045726345409778405,85
Gad1-F-100708,83,5,78,533,5,78,2.6273832454094834e-05,2.174243686430695e-08,8.341499052180284e-06,0.004170644691221546,66
Gad1-F-100709,313,269,44,1491,269,44,0.00041464882701378915,1.252546739673963e-07,9.177500911361566e-05,0.01572785287171499,150
Gad1-F-100713,417,221,196,2882,221,196,0.012823007615626101,6.458491033380959e-05,3.757132018335467e-05,0.020953720918546807,352
Gad1-F-100714,14,11,3,38,11,3,7.267253811531991e-06,3.7237030299823016e-09,1.6948369128395955e-05,0.0007034822370735139,14
Gad1-F-100715,120,51,69,603,51,69,0.00033185055631376623,6.340768943275965e-07,1.867562355438932e-05,0.006029847746344405,100
Gad1-F-100716,299,274,25,1263,274,25,0.0005265907980814596,2.942979199733823e-07,8.560567448159066e-05,0.015024370634641475,150
Gad1-F-100718,119,43,76,847,43,76,0.00041170954557071904,1.5508407910201732e-06,1.5567947124255304e-05,0.005979599015124868,91
Gad1-F-100719,156,66,90,797,66,90,0.00044592525829903983,6.844735067268046e-06,1.210927521742767e-05,0.007838802070247727,125
Gad1-F-100720,193,103,90,1025,103,90,0.00042266642701763965,5.164956306207959e-07,5.1737332428344586e-05,0.009698005125370585,129
Gad1-F-100721,387,354,33,2947,354,33,0.00506339539266808,8.870755557293625e-05,8.133532184248844e-05,0.019446258981960705,235
Gad1-F-100722,69,33,36,307,33,36,0.0003130820804538448,5.919271697927358e-07,1.0711061754308137e-05,0.0034671624541480327,65
Gad1-F-100724,222,88,134,1029,88,134,0.0002426244220146566,1.971231093231096e-07,3.468414359635229e-05,0.01115521833073715,148
Gad1-F-100726,46,35,11,152,35,11,0.00013007614958485909,1.0951070260812121e-07,1.471878237701435e-05,0.0023114416360986885,45
Gad1-F-100727,75,72,3,179,72,3,0.00020116781349501338,9.618426421036922e-08,2.3693937586836553e-05,0.003768654841465253,67
Gad1-F-100728,284,158,126,957,158,126,0.00018101854018085704,7.391653349015833e-08,3.736323616660617e-05,0.014270639666348424,150
Gad1-F-100729,185,126,59,697,126,59,0.0002442753418914962,1.3308764583126163e-07,3.1339702049108354e-05,0.009296015275614291,138
Gad1-F-100730,294,144,150,1358,144,150,0.001360675484543411,4.069474438714497e-05,2.8535177079780086e-05,0.014773126978543792,212
Gad1-F-100731,489,119,370,2972,119,370,0.005586554400760685,3.6131773809510267e-05,1.8035478786440734e-05,0.024571629566353448,352
Gad1-F-100732,35,29,6,90,29,6,6.369143508229597e-05,2.4790189927819697e-08,1.5137224581733369e-05,0.0017587055926837848,34
Gad1-F-100733,107,92,15,372,92,15,0.001229251045089821,2.9067298025951698e-06,2.1031571360515692e-05,0.005376614240490428,97
Gad1-F-100734,582,325,257,3407,325,257,0.004590838279396181,3.991049556501494e-05,7.45084614472268e-05,0.029244761569770364,245
Gad1-F-100735,275,188,87,825,188,87,0.0003063329783923456,1.2121655619330475e-07,4.198067776883915e-05,0.013818401085372594,148
Gad1-F-100736,206,139,67,1116,139,67,0.00028695379171824506,3.794236469536025e-07,8.533741410627848e-05,0.010351238631224561,138
Gad1-F-100737,285,246,39,2501,246,39,0.003511561537340546,6.136889824682423e-06,4.224614438008356e-05,0.014320888397567962,239
Gad1-F-100739,391,252,139,2392,252,139,0.014408391392767927,5.11630523652303e-05,5.089040994733093e-05,0.019647253906838854,348
Gad1-F-100740,1601,1283,318,10003,1283,318,0.026101306537002614,4.5446793817494395e-05,9.934316495317498e-05,0.08044821868247827,352
Gad1-F-100741,282,89,193,1256,89,193,0.00038734842516501044,6.012461526433241e-07,1.8690829608211808e-05,0.014170142203909351,182
Gad1-F-100742,279,104,175,1352,104,175,0.00036171601422265863,4.4134025162120906e-07,4.972714481284916e-05,0.014019396010250741,148
Gad1-F-100743,48,43,5,120,43,5,7.373865270452916e-05,1.0391294559340542e-07,2.1826420046249527e-05,0.002411939098537762,40
Gad1-F-100744,169,51,118,972,51,118,0.00021098160185192545,4.5952978499246734e-07,2.0374587730269893e-05,0.008492035576101703,107
Gad1-F-100745,289,94,195,1454,94,195,0.0005605672667396989,1.577533251015616e-06,1.3733086740260195e-05,0.014521883322446109,190
Gad1-F-100746,1759,1285,474,10864,1285,474,0.02838959445320663,5.1727420656546496e-05,0.00012635601621982637,0.08838751821516506,352
Gad1-F-100747,412,155,257,3155,155,257,0.0034324881989459617,1.9293867440434888e-05,2.9296047983888834e-05,0.020702477262449122,352
Gad1-F-100748,238,143,95,1151,143,95,0.0005692378243250035,3.459376372092171e-06,2.6162360099630596e-05,0.011959198030249736,148
Gad1-F-100749,396,82,314,2431,82,314,0.0017124045762659133,1.513120228935516e-05,1.6464032959757472e-05,0.019898497562936535,205
Gad1-F-100751,214,90,124,672,90,124,0.00025369152035542786,1.5796430462042338e-07,2.5151642955616144e-05,0.010753228480980856,137
Gad1-F-100752,26,15,11,77,15,11,1.667961610324337e-05,9.197727033907991e-09,1.0251524169010377e-05,0.0013064670117079544,25
Gad1-F-100753,173,115,58,924,115,58,0.00027873417617403325,1.9904086163036222e-07,3.9149401419774036e-05,0.00869303050097985,135
Gad1-F-100754,183,97,86,1019,97,86,0.0006272108652936993,3.160081659964552e-05,1.957404945260943e-05,0.009195517813175217,136
Gad1-F-100755,228,24,204,876,24,204,5.4344525428877355e-05,1.795828813203701e-08,1.2357082904106635e-05,0.01145671071805437,148
Gad1-F-100756,143,33,110,790,33,110,0.00016607160523614547,2.8942177012529456e-07,1.2124949633062125e-05,0.0071855685643937494,96
Gad1-F-100757,125,74,51,715,74,51,0.0002731951499164955,5.838546370757418e-07,2.763712096179298e-05,0.006281091402442088,87
Gad1-F-100758,659,154,505,3354,154,505,0.002189825462670773,8.033158964049871e-05,0.00013167448959042593,0.03311391387367469,254
Gad1-F-100759,309,264,45,1730,264,45,0.00073538833673685,9.230462445973172e-07,0.000118007708556613,0.015526857946836843,145
Gad1-F-100760,223,145,78,745,145,78,0.00025787344093295984,2.115995134034671e-07,3.675875278066677e-05,0.011205467061956685,148
Gad1-F-100761,761,8,753,5853,8,753,0.00010665926234914323,4.652317924446242e-08,7.664474381499275e-06,0.03823928445806744,352
Gad1-F-100762,581,117,464,2854,117,464,0.0008572486850665465,5.340399648873511e-06,1.2880824387380824e-05,0.02919451283855083,205
Gad1-F-100765,159,95,64,847,95,64,0.0002322323434956518,1.0937981912248753e-06,1.8667567276385574e-05,0.007989548263906337,126
Gad1-F-100767,146,67,79,666,67,79,0.00026148911519935424,2.571743821019419e-07,2.347856462806447e-05,0.007336314758052359,114
Gad1-F-100768,79,32,47,240,32,47,0.00017489617574210372,6.428394638812705e-08,1.1911965403036032e-05,0.0039696497663434,77
Gad1-F-100769,205,39,166,924,39,166,0.00018675159049857007,1.0614860442138489e-07,1.697980619784742e-05,0.010300989900005025,137
Gad1-F-100770,525,364,161,3582,364,161,0.005027601536145719,0.002661400866285489,6.12201048500785e-05,0.02638058389025677,346
Gad1-F-100771,502,193,309,3570,193,309,0.00626150495452639,2.1534790697115778e-05,2.5858948607507018e-05,0.025224863072207428,352
Gad1-F-100772,301,244,57,1151,244,57,0.00036491108555387707,1.707138888684353e-07,7.569794448287706e-05,0.015124868097080548,148
Gad1-F-100774,167,79,88,989,79,88,0.00047344997511149955,5.600315728089231e-07,3.3607611126932986e-05,0.00839153811366263,120
Gad1-F-100775,233,101,132,1048,101,132,0.00030001554387924453,2.4240285929708754e-07,2.8394511488830348e-05,0.011707954374152053,140
Gad1-F-100776,55,29,26,190,29,26,9.124024392030923e-05,6.249823293569238e-08,1.1390762687703257e-05,0.002763680217074519,52
Gad1-F-100777,397,285,112,2649,285,112,0.008671858498385853,2.1049423956919207e-05,4.6315328014158186e-05,0.01994874629415607,348
Gad1-F-100779,527,300,227,3502,300,227,0.001235224418955811,3.2492993366267172e-06,7.543184855487402e-05,0.026481081352695845,186
Gad1-F-100780,295,205,90,1410,205,90,0.0012639376407459412,1.4380134904709241e-05,2.6954843534611197e-05,0.014823375709763328,205
Gad1-F-100781,99,23,76,508,23,76,0.0001521697174412372,1.0019149282828617e-07,1.240396893915079e-05,0.004974624390734134,89
Gad1-F-100782,150,57,93,794,57,93,0.0005560867969860667,6.087431243131893e-06,1.1905565978140835e-05,0.007537309682930506,146
Gad1-F-100783,422,153,269,3088,153,269,0.0010916711704243894,9.941213080563267e-06,3.0714455443110096e-05,0.02120496457464449,186
Gad1-F-100784,1730,932,798,10986,932,798,0.020864358491681907,4.972511039718675e-05,9.613129454732202e-05,0.08693030500979851,352
Gad1-F-100785,97,83,14,441,83,14,0.00048511725348814386,3.506705356990701e-07,3.003998161088961e-05,0.004874126928295061,85
Gad1-F-100786,211,143,68,943,143,68,0.00037279959253465247,4.063194244881876e-07,4.8292337192109254e-05,0.010602482287322246,135
Gad1-F-100787,110,52,58,653,52,58,0.0005021153661019634,2.8098890806645e-06,1.4462010206027026e-05,0.005527360434149038,95
Gad1-F-100788,212,138,74,1103,138,74,0.0003936725958383125,6.472618996861148e-07,5.126007175188213e-05,0.010652731018541781,135
Gad1-F-100789,223,119,104,1273,119,104,0.00047247474121631214,3.9644245329072423e-07,5.781481910520854e-05,0.011205467061956685,126
Gad1-F-100790,288,250,38,1128,250,38,0.0004833034680906391,3.088518005027863e-07,6.663935279010239e-05,0.014471634591226572,148
Gad1-F-100792,29,23,6,92,23,6,0.000508972693385062,1.4683132541057546e-06,9.69767500353134e-06,0.0014572132053665644,29
Gad1-F-100793,132,23,109,458,23,109,0.0005127289843383892,8.845333419738153e-07,9.733517516550923e-06,0.006632832520978845,129
Gad1-F-100794,133,108,25,360,108,25,0.0001660454778808649,3.290197917937733e-08,2.4302941584244766e-05,0.006683081252198382,121
Gad1-F-100795,378,136,242,1704,136,242,0.0006952291700506007,2.566153677486528e-06,2.3067571710474346e-05,0.018994020400984874,182
Gad1-F-100796,468,148,320,3165,148,320,0.0007541131266154747,2.7555488567148008e-05,2.313810578260674e-05,0.02351640621074318,211
Gad1-F-100797,457,267,190,3144,267,190,0.011077577525106892,0.00015104328698014707,4.661731594011498e-05,0.022963670167328275,349
Gad1-F-100798,1745,1710,35,8241,1710,35,0.0484353839495814,7.727762129005509e-05,0.00015252613669183832,0.08768403597809156,352
Gad1-F-100799,111,18,93,650,18,93,0.00028107380820126097,2.2758229389276408e-07,8.208365180903642e-06,0.005577609165368575,111
Gad1-F-100800,61,21,40,313,21,40,3.987871782254715e-05,1.2079826976004676e-08,1.3703816929167457e-05,0.003065172604391739,61
Gad1-F-100801,249,140,109,1490,140,109,0.0017979204121300325,1.0981054849886323e-05,4.63223472835472e-05,0.01251193407366464,189
Gad1-F-100803,114,58,56,937,58,56,0.0006996901527077936,1.7679313801935463e-06,1.7623447459048923e-05,0.005728355359027185,99
Gad1-F-100804,135,56,79,555,56,79,0.00021811194406625472,1.2087487559341873e-07,2.871610048428878e-05,0.006783578714637455,99
Gad1-F-100805,183,108,75,1103,108,75,0.00035150834404359374,5.944119702900553e-07,5.1317816664715654e-05,0.009195517813175217,129
Gad1-F-100806,159,66,93,847,66,93,0.00040352637126607466,1.2471637235651513e-06,2.1215871239119043e-05,0.007989548263906337,111
Gad1-F-100808,45,35,10,142,35,10,0.00011271389570945992,2.822690500984826e-08,1.4138338497536984e-05,0.0022611929048791516,44
Gad1-F-100809,618,200,418,3764,200,418,0.010177285778102632,3.801137789681668e-05,4.0290702993029e-05,0.031053715893673686,352
Gad1-F-100810,15,11,4,36,11,4,8.402733983673777e-05,3.545037950638441e-08,9.453470533324075e-06,0.0007537309682930506,15
Gad1-F-100811,23,21,2,48,21,2,0.0001297202224829985,4.7122466472144456e-08,1.0416109098932076e-05,0.0011557208180493442,23
Gad1-F-100812,153,88,65,869,88,65,0.0003194455352421516,6.502134644559666e-07,4.6904411965302146e-05,0.0076880558765891165,113
Gad1-F-100813,202,127,75,1381,127,75,0.00044247033945615154,6.848629579367912e-07,6.497531032289663e-05,0.010150243706346415,131
Gad1-F-100814,77,55,22,240,55,22,0.00019608764966096062,2.0032701326573892e-07,1.684118999115627e-05,0.0038691523039043265,77
Gad1-F-100815,36,35,1,73,35,1,8.436474006474264e-05,4.9735810071754313e-08,1.092838987457601e-05,0.0018089543239033215,35
Gad1-F-100816,820,24,796,6826,24,796,0.0005062091343953534,1.913745099253804e-07,8.071946708283666e-06,0.0412039596000201,352
Gad1-F-100817,746,737,9,3642,737,9,0.019502745621740206,2.7876462233177534e-05,7.219743044230752e-05,0.037485553489774386,352
Gad1-F-100818,259,75,184,1306,75,184,0.0014196112687089222,1.4217807274836168e-06,3.297506473529697e-05,0.013014421385860007,194
Gad1-F-100820,182,41,141,1334,41,141,0.0005663476316527074,2.7314393123660115e-06,9.668282299396468e-06,0.009145269081955681,174
Gad1-F-100821,44,18,26,170,18,26,8.274912238375529e-05,3.037979587748116e-08,9.247976390200768e-06,0.002210944173659615,41
Gad1-F-100822,183,112,71,875,112,71,0.000451805485366891,7.60688513552965e-07,2.36357570541651e-05,0.009195517813175217,121
Gad1-F-100823,77,70,7,273,70,7,0.00034237961305894575,2.6195537839064356e-07,2.8673294309896947e-05,0.0038691523039043265,73
Gad1-F-100824,16,9,7,31,9,7,1.400073003795177e-05,1.7394583298449568e-08,8.565899688986697e-06,0.0008039796995125873,16
Gad1-F-100825,387,38,349,1820,38,349,0.0003218520849455603,1.3740313986279152e-05,1.5763290937553157e-05,0.019446258981960705,202
Gad1-F-100827,68,28,40,262,28,40,0.00010658810533692724,7.433219735772735e-08,1.0601788305414781e-05,0.003416913722928496,67
Gad1-F-100830,21,12,9,75,12,9,4.678300609552437e-05,3.304794166909912e-08,9.610643205673032e-06,0.001055223355610271,21
Gad1-F-100831,78,76,2,214,76,2,0.0002918102076129281,3.822479143435856e-07,5.254272157007537e-05,0.003919401035123863,63
Gad1-F-100832,113,61,52,534,61,52,0.00019667377217477304,2.7856562083868086e-07,2.445040891227364e-05,0.0056781066278076475,91
Gad1-F-100833,133,38,95,647,38,95,0.00014267770294981472,9.941142678655914e-08,1.2756356116645024e-05,0.006683081252198382,88
Gad1-F-100834,907,597,310,24873,597,310,0.007155387135093235,0.047138215516953005,0.00029325800151409084,0.04557559921611979,348
Gad1-F-100835,425,22,403,3269,22,403,0.00021279614079635807,1.8668709501935237e-06,9.501248134127028e-06,0.0213557107683031,205
Gad1-F-100837,2269,2238,31,27670,2238,31,0.06693683570187499,0.00034994477441965404,0.00047321992509407007,0.11401437113712878,352
Gad1-F-100839,218,137,81,1056,137,81,0.0004569529757207529,3.1076251181777888e-06,2.1268555432795196e-05,0.010954223405859002,150
Gad1-F-100840,63,52,11,520,52,11,0.0001748332900687558,4.3098709992524155e-07,5.336953439826605e-05,0.0031656700668308124,55
Gad1-F-100841,99,29,70,535,29,70,8.702536704174128e-05,5.155292219590666e-08,1.699092062523534e-05,0.004974624390734134,77
Gad1-F-100842,25,11,14,108,11,14,1.7207882172888138e-05,8.185404201471384e-09,9.241923375960214e-06,0.0012562182804884176,25
Gad1-F-100844,30,14,16,110,14,16,1.5693194352933805e-05,1.9898388582776983e-08,1.4288047998438028e-05,0.0015074619365861013,29
Gad1-F-100845,25,7,18,126,7,18,4.82445208595617e-05,5.700001714098561e-08,8.715153552820099e-06,0.0012562182804884176,25
Gad1-F-100846,124,19,105,721,19,105,9.373894797216556e-05,1.460056904500643e-07,1.0432517612351268e-05,0.006230842671222552,85
Gad1-F-100848,52,18,34,125,18,34,7.70802525585749e-05,3.8158865033218466e-08,8.775941680570987e-06,0.002612934023415909,49
Gad1-F-100849,879,540,339,23719,540,339,0.007368496090005087,0.04010615175629342,0.00027533823261307,0.044168634741972766,348
Gad1-F-100851,254,130,124,1422,130,124,0.00040043221601236044,5.517728085904509e-07,6.629334148238429e-05,0.012763177729762324,140
Gad1-F-100852,55,35,20,152,35,20,2.6313454296457726e-05,5.749292532054783e-09,2.2491015498976548e-05,0.002763680217074519,53
Gad1-F-100853,52,38,14,134,38,14,0.0001011036595452015,3.559049059233594e-08,1.1860766051413166e-05,0.002612934023415909,51
Gad1-F-100854,46,43,3,105,43,3,0.00012297819542855427,4.881816727193444e-08,1.653005513939096e-05,0.0023114416360986885,45
Gad1-F-100855,145,61,84,706,61,84,0.0008210587619847185,9.202059858266473e-06,2.0359297320513535e-05,0.007286066026832822,109
Gad1-F-100858,30,20,10,61,20,10,0.00024347525184771916,7.503050892604453e-08,7.94693115775802e-06,0.0015074619365861013,30
Gad1-F-100859,44,19,25,180,19,25,5.206058550918854e-05,5.030634093302073e-08,9.604694493274055e-06,0.002210944173659615,41
Gad1-F-100860,139,34,105,887,34,105,0.00016859205870941286,1.9306715997145437e-07,1.2795317218563509e-05,0.006984573639515602,106
Gad1-F-100861,68,18,50,684,18,50,3.3301462870292407e-05,7.536403256020315e-06,5.1722820448037935e-05,0.003416913722928496,48
Gad1-F-100863,3,2,1,13,2,1,3.94368020166901e-06,4.7136833570702585e-09,7.951899244820077e-06,0.0001507461936586101,3
Gad1-F-100865,174,37,137,732,37,137,0.00014351045246946306,8.578295528520568e-08,1.6924312455330963e-05,0.008743279232199388,136
Gad1-F-100866,772,161,611,3439,161,611,0.002784190407198876,1.2346672935346264e-05,1.653492541945156e-05,0.03879202050148234,352
Gad1-F-100868,25,22,3,70,22,3,0.00010170065675268825,1.0118573543991639e-07,1.1765386439212659e-05,0.0012562182804884176,25
Gad1-F-100869,117,88,29,487,88,29,0.0002527589688696361,2.0438046176445866e-07,3.60318580529748e-05,0.005879101552685795,102
Gad1-F-100870,12,6,6,86,6,6,3.2078369744725327e-06,6.767976180416615e-10,1.3985364369030927e-05,0.0006029847746344405,12
Gad1-F-100871,22,4,18,105,4,18,6.563431658136334e-07,2.704816253058879e-08,1.3866545925606432e-05,0.0011054720868298076,22
Gad1-F-100872,75,53,22,272,53,22,0.00011554648710004566,8.399256451306362e-08,2.3105105183401146e-05,0.003768654841465253,66
Gad1-F-100873,119,66,53,594,66,53,0.00014784454298445582,2.957104541335635e-07,2.8693584492814145e-05,0.005979599015124868,91
Gad1-F-100874,111,95,16,343,95,16,0.0018267333630248197,2.8256398917783025e-05,1.3218858863232064e-05,0.005577609165368575,111
Gad1-F-100876,14,1,13,30,1,13,8.193564847280657e-09,9.239427070900806e-14,7.757048613959662e-06,0.0007034822370735139,14
Gad1-F-100878,384,369,15,2229,369,15,0.0009055349105577216,1.364548571003241e-06,0.00018243400535023963,0.019295512788302095,150
Gad1-F-100880,155,100,55,1560,100,55,0.0005080103140994221,0.00017047771283044963,5.157348267182325e-05,0.007788553339028189,94
Gad1-F-100881,64,38,26,348,38,26,0.00010227596591622724,1.3247401416479169e-07,3.2179434202718314e-05,0.0032159187980503492,60
Gad1-F-100882,80,41,39,268,41,39,0.0002755028171189855,2.789014834379723e-07,1.1828272507707696e-05,0.004019898497562936,75
Gad1-F-100883,121,92,29,583,92,29,0.00037183870082144237,4.334449332774473e-07,3.553556396290789e-05,0.006080096477563942,94
Gad1-F-100884,45,41,4,141,41,4,0.0001584562124108768,1.4617159962583976e-07,1.8714130979500575e-05,0.0022611929048791516,43
Gad1-F-100885,887,792,95,24789,792,95,0.008856586105347891,0.029569957524113216,0.0007222202643323377,0.04457062459172906,348
Gad1-F-100887,46,22,24,196,22,24,5.961208913349226e-05,8.568667260330675e-08,1.1827388762785782e-05,0.0023114416360986885,43
Gad1-F-100888,235,94,141,1019,94,141,0.000173380492192391,1.6453271551910852e-07,3.423880954243597e-05,0.011808451836591126,137
Gad1-F-100889,90,68,22,354,68,22,0.00021358889429224837,1.447752900083068e-07,2.309465319909235e-05,0.004522385809758303,79
Gad1-F-100891,11,6,5,23,6,5,3.804834510157199e-06,6.702220529829909e-10,4.681856780223263e-05,0.0005527360434149038,11
Gad1-F-100892,149,53,96,687,53,96,0.0004325433339582972,8.817136872353566e-07,1.9377632736129958e-05,0.007487060951710969,104
Gad1-F-100894,32,15,17,85,15,17,5.802310469258934e-05,2.1516983152174503e-08,8.631576191082984e-06,0.0016079593990251746,32
Gad1-F-100895,237,208,29,864,208,29,0.0012352905690384477,1.3071566046034378e-05,7.800270471174239e-05,0.0119089492990302,142
Gad1-F-100896,99,56,43,726,56,43,0.0004129040423262093,1.4620318663633474e-06,1.997040641316572e-05,0.004974624390734134,92
Gad1-F-100897,65,62,3,161,62,3,0.00023586621147130062,9.441200869297086e-08,1.9740621321812265e-05,0.003266167529269886,60
Gad1-F-100898,80,47,33,546,47,33,0.00013933644376118404,2.556877589935358e-07,2.326812690642858e-05,0.004019898497562936,69
Gad1-F-100899,217,123,94,1036,123,94,0.0008169126070857407,9.54086825256299e-06,4.145481589106841e-05,0.010903974674639466,196
Gad1-F-100900,356,178,178,1699,178,178,0.010498338091334526,5.232354100784972e-05,2.735020790175965e-05,0.017888548314155067,321
Gad1-F-100902,366,205,161,1986,205,161,0.012072867983646386,4.300868255520575e-05,3.108455172202128e-05,0.018391035626350433,341
Gad1-F-100904,27,20,7,50,20,7,7.975489225381042e-05,3.931907354053931e-08,9.363278807043843e-06,0.001356715742927491,27
Gad1-F-100905,114,52,62,329,52,62,0.0005352480704429937,3.36929658063131e-05,1.012836133690794e-05,0.005728355359027185,110
Gad1-F-200000,193,179,14,627,179,14,0.0016582246632783231,3.946096513351148e-05,4.6406056344353854e-05,0.009698005125370585,142
Gad1-F-200001,528,288,240,2530,288,240,0.004600825670761275,2.35194031105263e-05,2.468776977127852e-05,0.02653133008391538,352
Gad1-F-200002,23,20,3,51,20,3,0.00011071833657400797,1.1171383128584437e-07,7.824956725870708e-06,0.0011557208180493442,23
Gad1-F-200003,54,44,10,151,44,10,0.0004805390463756149,5.258289703458374e-07,1.14144857150565e-05,0.002713431485854982,51
Gad1-F-200004,23,18,5,56,18,5,8.658447698306217e-05,1.7368568630517679e-06,7.956360038529646e-06,0.0011557208180493442,23
Gad1-F-200005,152,49,103,405,49,103,0.00034728512815125975,8.31374673542936e-07,9.342992427415351e-06,0.007637807145369579,130
Gad1-F-200006,200,183,17,730,183,17,0.0021893335120598653,2.5287894354179224e-06,1.8783698355579433e-05,0.01004974624390734,141
Gad1-F-200007,582,176,406,4406,176,406,0.003815656585226514,3.59466977686021e-05,2.782193471486674e-05,0.029244761569770364,352
Gad1-F-200008,427,264,163,2572,264,163,0.014563632187042012,4.7735052863429125e-05,5.79539476597103e-05,0.021456208230742173,349
Gad1-F-200009,163,157,6,634,157,6,0.005133351587784656,2.4422002806327332e-05,3.479424072462608e-05,0.008190543188784483,142
Gad1-F-200010,228,166,62,1168,166,62,0.0006883298856849512,1.7604879680674212e-06,2.3938023260046884e-05,0.01145671071805437,170
Gad1-F-200011,237,28,209,568,28,209,0.0002184575320831798,2.5271197407581677e-06,8.598663464643101e-06,0.0119089492990302,147
Gad1-F-200012,24,20,4,55,20,4,9.212169084859856e-05,6.228043376599954e-07,8.370868729018012e-06,0.001205969549268881,24
Gad1-F-200013,167,132,35,473,132,35,0.002306802362056618,2.006747238176955e-06,1.5351418465723925e-05,0.00839153811366263,135
Gad1-F-200014,103,75,28,344,75,28,0.0014892900480076355,2.5034423212907804e-05,1.1904616025067449e-05,0.0051756193156122805,97
Gad1-F-200015,366,121,245,1727,121,245,0.004924350644103472,3.387728945041307e-06,2.243880108414757e-05,0.018391035626350433,274
Gad1-F-200016,174,114,60,1112,114,60,0.0019160753505910232,2.144157463878532e-06,2.0438904035336608e-05,0.008743279232199388,173
Gad1-F-200017,18,17,1,64,17,1,8.601492706775045e-05,1.0492854534965859e-07,8.070021670845188e-06,0.0009044771619516607,18
Gad1-F-200018,358,238,120,2461,238,120,0.01193502119043612,5.34583766578579e-05,4.1004430514786495e-05,0.017989045776594142,330
Gad1-F-200019,132,52,80,314,52,80,0.0004326242239535103,7.202909909256932e-07,8.971685142794576e-06,0.006632832520978845,117
Gad1-F-200022,230,174,56,1097,174,56,0.0022703312210433845,9.17566114142494e-06,3.5512073804647935e-05,0.011557208180493442,177
Gad1-F-200024,94,73,21,322,73,21,0.0011125504704488874,1.0896815783048112e-05,1.0492582568953214e-05,0.004723380734636451,92
Gad1-F-200025,132,115,17,367,115,17,0.000754710348051765,7.922190863101246e-06,1.3433902173956572e-05,0.006632832520978845,122
Gad1-F-200026,152,139,13,575,139,13,0.0026565404151971104,6.204885441289756e-05,1.622367003462829e-05,0.007637807145369579,142
Gad1-F-200027,227,72,155,1034,72,155,0.00022008461650335203,2.360030610859743e-07,3.6925318005306824e-05,0.011406461986834832,148
Gad1-F-200028,132,61,71,398,61,71,0.0008746445541130803,3.75255280425202e-05,9.686516146917743e-06,0.006632832520978845,130
Gad1-F-200029,151,109,42,846,109,42,0.0004911504010771887,1.12507837594765e-06,4.713974213651465e-05,0.007587558414150043,106
Gad1-F-200030,5,3,2,13,3,2,1.1468701382744772e-05,1.697015357641286e-09,7.838268839676634e-06,0.0002512436560976835,5
Gad1-F-200031,208,144,64,660,144,64,0.0002891547517459736,1.710907881439881e-07,4.8566651315171e-05,0.010451736093663636,143
Gad1-F-200032,101,40,61,425,40,61,0.00041427720434447223,2.9074075858092576e-07,1.0247220579980353e-05,0.005075121853173208,87
Gad1-F-200033,180,111,69,682,111,69,0.0013887342668605608,1.5716750597988776e-05,1.4083925997427795e-05,0.009044771619516606,174
Gad1-F-200034,20,14,6,53,14,6,4.3693511975710365e-05,2.6101226471240976e-08,1.1358742691458015e-05,0.001004974624390734,20
Gad1-F-200035,148,76,72,582,76,72,0.0006158517653462986,2.9571058016023553e-05,1.3893495326416057e-05,0.0074368122204914325,106
Gad1-F-200036,65,45,20,188,45,20,0.0001555483537741753,2.3985872541715825e-06,9.00653941013366e-06,0.003266167529269886,65
Gad1-F-200037,391,208,183,2031,208,183,0.00440244997219967,0.00022612733511403666,3.0078337620770106e-05,0.019647253906838854,235
Gad1-F-200038,86,43,43,183,43,43,0.0005431049981459656,1.101460754547684e-05,9.78864091105602e-06,0.004321390884880157,85
Gad1-F-200039,433,168,265,1865,168,265,0.0022230312184062353,5.644872209504889e-05,2.3294035344391677e-05,0.021757700618059393,211
Gad1-F-200040,154,145,9,1019,145,9,0.002306857541799757,7.81751678640181e-06,2.9565830125305825e-05,0.007738304607808653,123
Gad1-F-200041,55,33,22,108,33,22,0.00013263515193460572,1.9440822804585692e-07,8.174697549671098e-06,0.002763680217074519,55
Gad1-F-200042,204,75,129,1085,75,129,0.0011560279790324634,1.4847307547581347e-05,1.6343353879628806e-05,0.010250741168785488,186
Gad1-F-200043,812,596,216,18051,596,216,0.007388488018876998,0.037618428321437726,0.0002364487852026767,0.0408019697502638,348
Gad1-F-200044,504,215,289,3311,215,289,0.0059542352263949865,2.3343982213006726e-05,2.8708261459698307e-05,0.0253253605346465,352
Gad1-F-200045,99,47,52,267,47,52,0.00033671087439017576,7.062263355094589e-07,1.054137152826742e-05,0.004974624390734134,98
Gad1-F-200046,355,217,138,1931,217,138,0.002466775636592252,1.869631343316873e-05,4.78114677060153e-05,0.01783829958293553,269
Gad1-F-200047,98,54,44,697,54,44,0.0004677361073866623,2.3988437014632447e-06,1.6381922442131185e-05,0.004924375659514597,82
Gad1-F-200048,138,56,82,538,56,82,0.000660046709397613,1.1272813123740536e-05,1.435328084719089e-05,0.0069343249082960655,93
Gad1-F-200049,80,57,23,234,57,23,0.0004033912106042187,1.3901656641525074e-06,1.1026802582103425e-05,0.004019898497562936,79
Gad1-F-200050,414,110,304,2314,110,304,0.0037493952118647523,3.582860834452889e-06,2.3768285257952784e-05,0.020802974724888196,216
Gad1-F-200051,135,37,98,616,37,98,0.00048558350298874765,1.0586824808442669e-06,1.3316122524666453e-05,0.006783578714637455,103
Gad1-F-200053,176,114,62,1348,114,62,0.0003451068584036364,1.9937684162714466e-06,5.391759967923157e-05,0.00884377669463846,96
Gad1-F-200054,156,9,147,501,9,147,3.510977032476084e-05,4.186980821430264e-07,7.735583498435275e-06,0.007838802070247727,123
Gad1-F-200055,220,203,17,633,203,17,0.002976690254187228,1.777523310908982e-05,3.8343271055308524e-05,0.011054720868298076,135
Gad1-F-200056,190,150,40,512,150,40,0.004196899323511783,4.482773570830446e-05,1.5608341274460887e-05,0.009547258931711974,153
Gad1-F-200057,205,120,85,1291,120,85,0.0005058935460415998,3.2931666034493664e-06,1.3397805620559577e-05,0.010300989900005025,200
Gad1-F-200058,259,189,70,1806,189,70,0.0005067533442254205,9.3720890866646e-07,0.00013352229505876305,0.013014421385860007,127
Gad1-F-200059,92,73,19,245,73,19,0.0009549647361817983,8.582616023499226e-07,9.887778758716937e-06,0.004622883272197377,92
Gad1-F-200060,672,126,546,3458,126,546,0.0016239050151233066,8.494975890396563e-06,1.3619885407299103e-05,0.03376714737952867,352
Gad1-F-200061,144,49,95,400,49,95,0.000598558445088536,1.5512067043346786e-06,9.213555255713695e-06,0.007235817295613286,134
Gad1-F-200062,73,35,38,191,35,38,0.0003169143004381203,1.8859126104196057e-06,9.501683455010071e-06,0.0036681573790261794,73
Gad1-F-200063,162,74,88,542,74,88,0.0013268098055281888,2.1705151898834344e-05,1.48644197090975e-05,0.008140294457564947,150
Gad1-F-200064,219,186,33,1054,186,33,0.0009703187527555508,5.2576784558197525e-06,4.419279144036464e-05,0.011004472137078539,152
Gad1-F-200065,542,145,397,3212,145,397,0.002975294906398646,4.7033542519132254e-05,2.2642282941183955e-05,0.027234812320988896,216
Gad1-F-200066,138,55,83,562,55,83,0.0007302429897573795,6.9186569581975114e-06,1.1643857282717513e-05,0.0069343249082960655,102
Gad1-F-200067,117,83,34,406,83,34,0.0004690851236767185,4.863082065051422e-06,1.8472912143668572e-05,0.005879101552685795,100
Gad1-F-200068,99,34,65,246,34,65,0.0013016531020367884,1.730114288745575e-06,1.0158418969715417e-05,0.004974624390734134,96
Gad1-F-200069,39,10,29,96,10,29,3.582425518182934e-05,4.534410184486002e-08,7.7215982610726e-06,0.0019597005175619317,39
Gad1-F-200070,118,74,44,382,74,44,0.0007700646788373569,2.2469231360532857e-06,1.2531538783204852e-05,0.0059293502839053314,116
Gad1-F-200071,84,47,37,221,47,37,0.0016105564700794035,1.1589280711989668e-05,1.1324191634484203e-05,0.004220893422441084,84
Gad1-F-200072,108,43,65,261,43,65,0.0003378922627325758,8.676963262605091e-07,8.835786675596385e-06,0.005426862971709964,107
Gad1-F-200073,406,340,66,1677,340,66,0.0019130552912838754,6.418586386584182e-06,9.948551307189609e-05,0.0204009848751319,211
Gad1-F-200075,1128,673,455,7329,673,455,0.010356885243022513,0.00011256483586382061,0.00022098584769206488,0.056680568815637405,331
Gad1-F-200076,87,53,34,220,53,34,0.0003049700276405918,3.5014364351687863e-06,9.104804909976681e-06,0.004371639616099694,87
Gad1-F-200077,27,10,17,82,10,17,1.2050643882080491e-05,2.7457336154161147e-09,9.180605549741193e-06,0.001356715742927491,27
Gad1-F-200078,161,87,74,1221,87,74,0.0005676482629329457,4.898136435917465e-06,4.7231936859516095e-05,0.00809004572634541,119
Gad1-F-200079,80,64,16,211,64,16,0.0004647955914187328,5.455902350268235e-07,9.817050307319353e-06,0.004019898497562936,80
Gad1-F-200080,56,29,27,165,29,27,0.00021710164656699244,1.8664929984653284e-06,8.468021934298901e-06,0.0028139289482940555,56
Gad1-F-200082,201,123,78,705,123,78,0.002893958096970983,3.738604206094013e-05,1.941512424037628e-05,0.010099994975126878,143
Gad1-F-200083,90,60,30,317,60,30,0.0008859922674214154,8.889548603080633e-07,1.5203992993801324e-05,0.004522385809758303,85
Gad1-F-200084,248,245,3,2170,245,3,0.001200795107422853,0.00012948510838472777,0.0001291809688613177,0.012461685342445104,134
Gad1-F-200085,165,76,89,556,76,89,0.0008158003021081749,9.432727460270742e-06,1.1683302467661821e-05,0.008291040651223557,154
Gad1-F-200086,83,58,25,213,58,25,0.0005689496891471245,6.034176939105674e-07,8.939479495759747e-06,0.004170644691221546,83
Gad1-F-200088,1891,1349,542,6900,1349,542,0.036590936490488904,2.9676385848861415e-05,9.176000971696886e-05,0.09502035073614391,352
Gad1-F-200089,546,180,366,2808,180,366,0.01261417619972839,8.511600436919862e-06,3.688766007291828e-05,0.02743580724586704,352
Gad1-F-200090,164,115,49,572,115,49,0.00036011596267929825,3.385763162289623e-07,2.0386736345651622e-05,0.00824079192000402,128
Gad1-F-200091,151,57,94,427,57,94,6.28748482704949e-05,1.651957945051603e-08,1.7743850043187165e-05,0.007587558414150043,135
Gad1-F-200092,99,77,22,378,77,22,0.0010728517716081278,2.6078031457860217e-06,1.2144855367607823e-05,0.004974624390734134,97
Gad1-F-200093,531,179,352,2641,179,352,0.006895487503638921,2.4094659390920097e-05,2.2652546114098085e-05,0.02668207627757399,352
Gad1-F-200094,199,169,30,498,169,30,0.003203289936347706,5.242730826648588e-06,2.175006852949414e-05,0.009999497512687805,141
Gad1-F-200095,751,594,157,3791,594,157,0.003810394747768627,7.595288104235026e-05,0.00010146059078534983,0.03773679714587207,230
Gad1-F-200096,43,6,37,267,6,37,0.00010895711907321794,2.7615531553286115e-06,1.0333051937285032e-05,0.0021606954424400783,41
Gad1-F-200098,554,162,392,2560,162,392,0.0057433529400348704,9.851927457258934e-06,2.9510689457147034e-05,0.027837797095623337,349
Gad1-F-200099,72,59,13,292,59,13,0.0002832629971321553,3.649979425798848e-07,2.345990950115212e-05,0.003617908647806643,68
Gad1-F-200100,583,186,397,10802,186,397,0.002682852158449144,0.0016279055337202059,3.425537090074259e-05,0.0292950103009899,348
Gad1-F-200101,93,33,60,329,33,60,0.00039893576854159267,2.1615593782377223e-06,1.628136165955107e-05,0.0046731320034169134,83
Gad1-F-200104,179,155,24,542,155,24,0.0024541283637156764,4.4941443277321366e-05,1.6716174606988757e-05,0.008994522888297071,142
Gad1-F-200105,210,93,117,835,93,117,0.0007126969182689551,1.391442442559869e-05,1.1507135716804577e-05,0.010552233556102708,174
Gad1-F-200106,376,206,170,2125,206,170,0.008350217430797958,3.296262318572736e-05,3.292900774835365e-05,0.018893522938545803,318
Gad1-F-200107,290,61,229,2202,61,229,0.000943809552331582,4.219493399482591e-06,1.5735650374984914e-05,0.014572132053665645,241
Gad1-F-200108,151,144,7,617,144,7,0.0012923139616613465,5.445917487093314e-06,6.034422568724301e-05,0.007587558414150043,125
Gad1-F-200109,238,231,7,758,231,7,0.004795182967802928,5.387388546500245e-05,3.1731013894480616e-05,0.011959198030249736,156
Gad1-F-200110,1675,1154,521,15761,1154,521,0.014212831547742387,0.02447908090214111,0.0002719870891275192,0.08416662479272398,348
Gad1-F-200111,103,56,47,211,56,47,0.0003619995439551899,6.346353856196309e-07,9.223759446813192e-06,0.0051756193156122805,102
Gad1-F-200112,47,22,25,180,22,25,0.00019587275686402646,2.1330821499659324e-07,9.557868319348004e-06,0.0023616903673182254,46
Gad1-F-200113,84,43,41,258,43,41,0.00014263331359128686,2.940228840442292e-06,8.53772665800862e-06,0.004220893422441084,84
Gad1-F-200116,129,17,112,511,17,112,2.3076556342390482e-05,1.561296828552622e-08,9.845128944403254e-06,0.006482086327320235,117
Gad1-F-200117,177,9,168,504,9,168,4.496925852861232e-05,1.1351715590412408e-08,7.796982538700343e-06,0.008894025425857996,136
Gad1-F-200118,149,89,60,467,89,60,0.0020114568441312215,2.1250436746662654e-05,1.3705066891981925e-05,0.007487060951710969,142
Gad1-F-200120,161,100,61,659,100,61,0.0002919593926494761,3.090359768940462e-07,1.6685880013527598e-05,0.00809004572634541,129
Gad1-F-200121,196,57,139,714,57,139,0.00024379975929342572,1.8734168353479717e-07,2.1085120783783378e-05,0.009848751319029195,147
Gad1-F-200122,84,48,36,286,48,36,0.000525632866718552,3.933986096599877e-07,1.9015793658160303e-05,0.004220893422441084,75
Gad1-F-200123,383,169,214,1753,169,214,0.002161869549090476,1.1527810808974499e-05,4.035829998769713e-05,0.01924526405708256,237
Gad1-F-200124,112,60,52,1350,60,52,0.00014390685298672687,2.4131848043004976e-06,4.9257167763806434e-05,0.005627857896588111,94
Gad1-F-200125,80,62,18,1706,62,18,0.00018648399374494298,2.618541964432072e-05,0.0004726650403997265,0.004019898497562936,44
Gad1-F-200126,136,80,56,2182,80,56,0.00020391476183742144,7.941798773976895e-06,6.851350423313853e-05,0.006833827445856992,94
Gad1-F-200127,339,81,258,1455,81,258,0.0007822929390781376,1.3264925887893016e-05,1.2908774388766493e-05,0.017034319883422945,211
Gad1-F-200128,331,152,179,1743,152,179,0.0047024345534179834,1.5776520759834848e-05,2.714404719159519e-05,0.01663233003366665,220
Gad1-F-200129,9,8,1,18,8,1,0.00043414489660019873,2.500267142133733e-07,7.919773370222935e-06,0.00045223858097583037,9
Gad1-F-200130,194,112,82,662,112,82,0.0022471920009034456,1.2075665665743352e-05,2.5039741265878437e-05,0.009748253856590122,172
Gad1-F-200131,125,117,8,343,117,8,0.003352483341172661,1.0375854632543338e-05,1.8311570943523617e-05,0.006281091402442088,121
Gad1-F-200132,90,40,50,505,40,50,0.0001507318266899365,2.4685837191952753e-07,1.9362618376777845e-05,0.004522385809758303,80
Gad1-F-200133,82,26,56,363,26,56,0.00022130202828793101,2.1408368406578875e-07,1.652910585360505e-05,0.00412039596000201,74
Gad1-F-200134,692,65,627,3884,65,627,0.0010422879739517448,2.170028418910086e-06,1.0013397788352222e-05,0.0347721220039194,352
Gad1-F-200137,302,74,228,1737,74,228,0.0008251225458950498,2.043620235287741e-06,1.7200857182443828e-05,0.015175116828300085,205
Gad1-F-200138,345,112,233,1722,112,233,0.0015353744570355894,1.6822391302141798e-05,2.2471726360045935e-05,0.017335812270740165,246
Gad1-F-200139,290,102,188,1780,102,188,0.0009926111399630063,1.4697980949521757e-06,1.3563326842641963e-05,0.014572132053665645,212
Gad1-F-200140,96,60,36,742,60,36,0.00013139919306104383,2.2159649925238777e-07,5.794611520777879e-05,0.004823878197075524,70
Gad1-F-200142,103,92,11,351,92,11,0.0013761262744738387,0.0002099628576523011,4.885454678097986e-05,0.0051756193156122805,103
Gad1-F-200143,339,167,172,1212,167,172,0.006843923248725578,8.309900511097313e-05,3.224514812857802e-05,0.017034319883422945,216
Gad1-F-200144,410,84,326,2437,84,326,0.000842458740511537,2.187468481813552e-06,1.4155380154088722e-05,0.02060197980001005,211
Gad1-F-200145,490,180,310,3082,180,310,0.0058694590761268935,1.291575756682401e-05,2.123577967359982e-05,0.024621878297572987,352
Gad1-F-200146,43,33,10,144,33,10,0.0005760254062057843,6.759134366060015e-06,1.0242967301698445e-05,0.0021606954424400783,43
Gad1-F-200147,268,151,117,1815,151,117,0.0004570028055338116,6.737652203270902e-07,6.911353595266829e-05,0.013466659966835838,131
Gad1-F-200148,321,65,256,1533,65,256,0.0006436253201122003,5.915774091372115e-06,1.3583911621753937e-05,0.016129842721471284,186
Gad1-F-200149,259,113,146,1694,113,146,0.000992071980192228,2.3701957800563005e-05,1.5906304230246677e-05,0.013014421385860007,181
Gad1-F-200150,309,116,193,2014,116,193,0.0006504365580385884,7.803547009669262e-06,1.886288961691459e-05,0.015526857946836843,202
Gad1-F-200151,385,178,207,2482,178,207,0.003690737102174615,1.6241569981455137e-05,3.775288748311857e-05,0.019345761519521634,222
Gad1-F-200152,853,257,596,3460,257,596,0.010971508859581794,2.2293449952714714e-05,2.973424383565142e-05,0.042862167730264814,352
Gad1-F-200153,451,311,140,2518,311,140,0.0029393227135901304,1.3524698820415073e-05,5.3898680555999635e-05,0.022662177780011054,231
Gad1-F-200154,298,107,191,1589,107,191,0.001546265988294947,5.835269848027992e-06,2.94793612267946e-05,0.014974121903421938,236
Gad1-F-200155,252,53,199,1171,53,199,0.00041743630886418025,1.3532735836401524e-06,9.733164685486874e-06,0.01266268026732325,204
Gad1-F-200156,479,157,322,2818,157,322,0.00120671113274292,1.9902113692032297e-05,2.1748130776219697e-05,0.02406914225415808,205
Gad1-F-200157,52,17,35,269,17,35,0.00010833875078575004,1.1367391582521144e-07,8.696040320913013e-06,0.002612934023415909,49
Gad1-F-200158,351,186,165,2090,186,165,0.004480901323935026,5.043054181084754e-06,2.329808598687e-05,0.017637304658057382,309
Gad1-F-200159,182,100,82,914,100,82,0.0007650304548315418,4.678554860710938e-06,2.0279169080314972e-05,0.009145269081955681,169
Gad1-F-200160,808,433,375,5234,433,375,0.007039851294369067,0.0004828717824486999,0.00011885030610178306,0.04060097482538566,317
Gad1-F-200161,134,72,62,384,72,62,0.0008238194930898226,1.8839094636637492e-06,1.0436643291034885e-05,0.006733329983417919,126
Gad1-F-200162,392,307,85,1795,307,85,0.004465100329184513,1.0710110386748674e-05,8.672434305388943e-05,0.01969750263805839,226
Gad1-F-200163,424,147,277,2247,147,277,0.000716352250473011,2.4427894827224017e-06,1.7352211207638827e-05,0.021305462037083563,211
Gad1-F-200164,1076,560,516,5940,560,516,0.017982046863466758,1.4880439601239232e-05,4.653894489170377e-05,0.05406763479222149,352
Gad1-F-200165,540,230,310,3121,230,310,0.006017790010790909,5.136443799420021e-06,1.668930055827582e-05,0.02713431485854982,352
Gad1-F-200166,96,73,23,419,73,23,0.0010178872137988069,8.175538880057779e-07,1.3275466342531263e-05,0.004823878197075524,91
Gad1-F-200167,251,28,223,1295,28,223,0.0002147399910359151,4.36998269436676e-07,1.014096703092439e-05,0.012612431536103714,182
Gad1-F-200168,281,210,71,1273,210,71,0.0005357225266335773,5.45054255648724e-07,6.526249196614325e-05,0.014119893472689814,150
Gad1-F-200169,400,296,104,4077,296,104,0.005377910959149785,8.1811165430139e-06,5.585609462961767e-05,0.02009949248781468,241
Gad1-F-200170,675,238,437,15231,238,437,0.0034452668807141993,0.0028027285861166582,2.860183548237865e-05,0.03391789357318728,348
Gad1-F-200171,344,58,286,1543,58,286,0.0009321392160350436,2.047832262543863e-05,1.2301435943622892e-05,0.017285563539520626,157
Gad1-F-200172,136,3,133,1011,3,133,5.677737163851163e-06,1.4696009950364675e-09,1.0232182011804205e-05,0.006833827445856992,116
Gad1-F-200173,815,344,471,5004,344,471,0.006180971263956952,6.156370818124396e-06,3.0326510294944237e-05,0.04095271594392241,352
Gad1-F-200175,434,242,192,2261,242,192,0.0011506803679719134,1.444297793584173e-05,3.4952245706770434e-05,0.021807949349278932,183
Gad1-F-200176,79,25,54,504,25,54,8.324660738881136e-05,2.9885772526784703e-07,2.9454194829689026e-05,0.0039696497663434,78
Gad1-F-200177,391,228,163,2059,228,163,0.006021505159939512,5.195861211661897e-05,4.2590904687438696e-05,0.019647253906838854,226
Gad1-F-200178,201,93,108,1024,93,108,0.0013419611586828306,1.1159842586227086e-06,1.9486356386763172e-05,0.010099994975126878,144
Gad1-F-200179,157,97,60,795,97,60,0.001413555725656862,4.633791988495638e-06,2.3332802084826026e-05,0.007889050801467262,125
Gad1-F-200180,395,211,184,3232,211,184,0.01161808445717069,2.4427157646656527e-05,3.456655023491933e-05,0.019848248831717,349
Gad1-F-200181,867,18,849,7616,18,849,0.0006829136778755098,2.4397358675971843e-07,8.07094891928773e-06,0.043565649967338325,352
Gad1-F-200182,362,240,122,1379,240,122,0.003722794798826242,6.029098924478747e-06,4.8941806367443234e-05,0.018190040701472288,202
Gad1-F-200183,487,157,330,2710,157,330,0.0005387361928288119,1.383319803338681e-06,3.0893210834147135e-05,0.024471132103914377,179
Gad1-F-200184,420,240,180,3381,240,180,0.01078434132296045,5.287944553335391e-05,3.6675908841502826e-05,0.021104467112205417,352
Gad1-F-200186,1179,754,425,10642,754,425,0.012337591863825843,0.01022064598480455,0.00018809009070784428,0.05924325410783378,348
Gad1-F-200187,220,60,160,951,60,160,0.00020822746609461994,2.0539786191012332e-07,2.117758499049745e-05,0.011054720868298076,148
Gad1-F-200188,512,332,180,3526,332,180,0.004927559108904874,3.561880229042101e-05,0.0001014050836199125,0.025727350384402794,248
Gad1-F-200189,419,188,231,2657,188,231,0.004005392927088891,0.0003177142232157071,4.39635513204584e-05,0.02105421838098588,238
Gad1-F-200190,215,65,150,767,65,150,0.00017064597842807687,9.687205106786134e-08,2.165888477045085e-05,0.010803477212200392,148
Gad1-F-200191,129,73,56,1330,73,56,0.00020144492870962386,2.595563078159255e-06,5.132348353359228e-05,0.006482086327320235,94
Gad1-F-200192,389,31,358,2366,31,358,0.0007510475027757678,2.9507487545592815e-07,8.468401462827796e-06,0.01954675644439978,327
Gad1-F-200193,704,8,696,7654,8,696,2.9393134789726938e-05,1.6426058610371336e-08,1.0614910905570659e-05,0.03537510677855384,352
Gad1-F-200194,366,46,320,1379,46,320,0.0007079996603597553,3.236793511198683e-05,9.806137355148652e-06,0.018391035626350433,254
Gad1-F-200195,129,53,76,399,53,76,0.0014087890838142272,1.055535917995469e-06,1.0558577712807671e-05,0.006482086327320235,127
Gad1-F-200196,47,2,45,101,2,45,1.3910797246608175e-05,2.1434392530170966e-09,7.570923489515083e-06,0.0023616903673182254,46
Gad1-F-200197,242,113,129,1406,113,129,0.001479123826983899,6.490124819438493e-06,2.856839195141539e-05,0.012160192955127883,188
Gad1-F-200198,531,345,186,4302,345,186,0.0036838029924409843,7.161155111315965e-05,0.00016255185788477663,0.02668207627757399,233
Gad1-F-200199,398,89,309,2796,89,309,0.0026255994115510963,8.414928926121972e-05,1.721630206866958e-05,0.01999899502537561,205
Gad1-F-200200,308,172,136,1822,172,136,0.009452502108723391,0.00010628354801892847,2.585847045189367e-05,0.015476609215617306,301
Gad1-F-200201,407,217,190,3848,217,190,0.011734010419002058,7.979762827966353e-05,3.97262425930122e-05,0.02045123360635144,349
Gad1-F-200202,262,66,196,1853,66,196,0.0020159253439637403,1.7333487712512143e-06,1.1078955789711433e-05,0.013165167579518617,228
Gad1-F-200203,227,138,89,1627,138,89,0.000492589332209709,1.4637823208901085e-06,7.408755547910405e-05,0.011406461986834832,135
Gad1-F-200205,206,93,113,902,93,113,0.0006638064258773577,1.0290066118068606e-05,1.2289580455361237e-05,0.010351238631224561,155
Gad1-F-200206,401,226,175,2492,226,175,0.011065763764507587,0.00010678638492258978,3.524062077221326e-05,0.02014974121903422,350
Gad1-F-200207,925,746,179,17319,746,179,0.00904392270676815,0.018249385195431445,0.00041479349103735883,0.04648007637807145,348
Gad1-F-200208,287,92,195,994,92,195,0.0009239283295302629,7.76869089604769e-07,1.3616760594560219e-05,0.014421385860007034,241
Gad1-F-200210,202,64,138,874,64,138,0.0028850654440914928,1.8241308106366679e-06,1.4771862665983374e-05,0.010150243706346415,143
Gad1-F-200211,87,79,8,489,79,8,0.0010732707987122772,2.8441851242208334e-06,1.7169751357129418e-05,0.004371639616099694,86
Gad1-F-200212,82,34,48,416,34,48,0.00016785575703919087,7.376580600147361e-08,1.3486145677637758e-05,0.00412039596000201,71
Gad1-F-200213,157,108,49,699,108,49,0.0011960231434249781,3.0719808438919287e-06,2.682498237298187e-05,0.007889050801467262,133
Gad1-F-200214,194,182,12,551,182,12,0.004061901835946671,5.197478642404371e-06,2.2285904277593392e-05,0.009748253856590122,191
Gad1-F-200215,803,353,450,3493,353,450,0.011278885948428127,1.5470120217247628e-05,3.350831091206135e-05,0.04034973116928797,352
Gad1-F-200216,802,230,572,3959,230,572,0.0037423683996027266,1.8814233835972466e-05,4.603543812496038e-05,0.04029948243806844,331
Gad1-F-200217,231,215,16,678,215,16,0.0044553098308675945,4.308743439899083e-06,1.8342086757066732e-05,0.01160745691171298,225
Gad1-F-200218,86,19,67,611,19,67,0.00013081664332838047,1.1534448794603828e-07,8.925590424323202e-06,0.004321390884880157,82
Gad1-F-200219,555,59,496,3001,59,496,0.0007845989436357289,5.3508970487941966e-05,2.6307137131609498e-05,0.027888045826842872,278
Gad1-F-200220,406,67,339,2366,67,339,0.001604979818702301,1.7568628792207828e-05,1.4777851692114303e-05,0.0204009848751319,205
Gad1-F-200221,93,86,7,370,86,7,0.0018663040729573073,7.901969528305842e-06,2.520604137476814e-05,0.0046731320034169134,91
Gad1-F-200222,601,117,484,2696,117,484,0.0017702272481109407,2.0531126741428334e-05,1.170942282713055e-05,0.03019948746294156,352
Gad1-F-200223,541,196,345,3088,196,345,0.0013556324404573143,2.577273711688729e-05,3.2016210822032066e-05,0.027184563589769357,205
Gad1-F-200224,524,277,247,2940,277,247,0.004092660676386533,3.8319066267356454e-05,2.434561795341173e-05,0.026330335159037235,352
Gad1-F-200225,279,92,187,1494,92,187,0.0003977715741238932,6.171703866484191e-07,5.777789804233314e-05,0.014019396010250741,150
Gad1-F-200226,812,21,791,9347,21,791,0.0011146834015804076,1.149416759183133e-06,8.428896878855161e-06,0.0408019697502638,352
Gad1-F-200227,252,28,224,1187,28,224,0.002009671382496732,3.7132444301859084e-06,1.1314667088961968e-05,0.01266268026732325,183
Gad1-F-200228,387,227,160,2552,227,160,0.013052971999072665,2.2827749910633913e-05,3.7112499044088354e-05,0.019446258981960705,346
Gad1-F-200229,487,429,58,1943,429,58,0.010559314770256338,1.0055464783148601e-05,4.247698088753591e-05,0.024471132103914377,352
Gad1-F-200230,460,257,203,3424,257,203,0.01392035765906099,9.517678229217362e-05,5.1531142710948085e-05,0.023114416360986885,352
Gad1-F-200231,386,200,186,2606,200,186,0.010230857310996669,6.840386822881527e-05,2.8538341240730697e-05,0.01939601025074117,346
Gad1-F-200232,417,50,367,2454,50,367,0.000519907457740493,1.6052627396082363e-06,1.3890586931187816e-05,0.020953720918546807,211
Gad1-F-200233,309,47,262,1755,47,262,0.0023190409588205916,1.9827167554277537e-06,1.0253836189824263e-05,0.015526857946836843,299
Gad1-F-200234,448,167,281,2710,167,281,0.005143686430554201,0.00010652165427016614,3.3651940120576175e-05,0.022511431586352444,211
Gad1-F-200235,477,71,406,3500,71,406,0.002375892085223862,1.4620904957479171e-05,1.3153028023682993e-05,0.02396864479171901,300
Gad1-F-200236,435,134,301,2435,134,301,0.003831573197719908,4.642614072436941e-05,2.8589628958202398e-05,0.021858198080498468,234
Gad1-F-200237,196,17,179,1065,17,179,0.0001573366582543449,1.9274245044988192e-07,8.68358654263007e-06,0.009848751319029195,170
Gad1-F-200238,359,188,171,2463,188,171,0.010847878159670383,5.277311388054739e-05,3.126024282418097e-05,0.018039294507813677,329
Gad1-F-200239,400,209,191,3188,209,191,0.013146987653275736,6.0782015166451335e-05,4.1836647817869813e-05,0.02009949248781468,349
Gad1-F-200240,302,30,272,1908,30,272,0.0025547562070675944,9.425173793233496e-07,9.034101798967205e-06,0.015175116828300085,296
Gad1-F-200241,225,91,134,1207,91,134,0.0005386639717095955,2.31747170770849e-06,1.3967634610133053e-05,0.01130596452439576,202
Gad1-F-200242,654,266,388,3621,266,388,0.011970919756225266,0.00016299430259634188,4.362413356573417e-05,0.03286267021757701,352
Gad1-F-200243,452,247,205,2866,247,205,0.013658773554300067,9.619914717031544e-05,4.503739619978408e-05,0.02271242651123059,352
Gad1-F-200244,1563,696,867,14479,696,867,0.025195821286822927,5.40899137084483e-05,0.00037692722647851464,0.07853876689613587,352
Gad1-F-200245,445,245,200,3919,245,200,0.014002448363330316,7.99082441594667e-05,5.7782511292675926e-05,0.022360685392693834,352
Gad1-F-200246,463,220,243,3721,220,243,0.012696083158690172,4.108728851399601e-05,4.102649307063212e-05,0.023265162554645495,352
Gad1-F-200247,1173,436,737,8274,436,737,0.0032647179080375933,4.204661096397379e-05,8.866852582240456e-05,0.05894176172051656,278
Gad1-F-200248,426,67,359,2616,67,359,0.002391706317995257,2.132397932336185e-06,1.396030967195258e-05,0.021405959499522637,352
Gad1-F-200249,243,163,80,1233,163,80,0.00025171532446528945,2.67140512577134e-07,9.237168544659483e-05,0.01221044168634742,135
Gad1-F-200251,492,143,349,3755,143,349,0.003244415013985559,2.1332728470933286e-05,1.940121247828966e-05,0.024722375760012058,352
Gad1-F-200252,270,109,161,2555,109,161,0.00019021305101749899,4.895396896052355e-07,0.00017356585162295275,0.01356715742927491,113
Gad1-F-200253,319,124,195,1138,124,195,0.00019233288517816818,3.6917113188786914e-08,2.7473737721743014e-05,0.01602934525903221,150
Gad1-F-200254,562,472,90,2208,472,90,0.01166699541364163,1.1318530506206993e-05,4.189673144199673e-05,0.028239786945379628,352
Gad1-F-200255,411,52,359,2350,52,359,0.0005583711329924536,1.6501213580126225e-06,1.2041962756856981e-05,0.020652228531229586,205
Gad1-F-200256,136,124,12,786,124,12,0.0003397439899086399,3.5496045035689044e-07,7.898445388624988e-05,0.006833827445856992,94
Gad1-F-200257,507,291,216,2823,291,216,0.006998632886194309,1.9863740870048788e-05,3.41595339996727e-05,0.02547610672830511,352
Gad1-F-200258,450,163,287,3037,163,287,0.00401156389871739,1.2586765140553005e-05,2.0161749913234292e-05,0.02261192904879152,352
Gad1-F-200259,223,118,105,698,118,105,0.000465343762493006,5.114108710897819e-07,2.1902671006476384e-05,0.011205467061956685,148
Gad1-F-200260,2388,2198,190,15751,2198,190,0.06009459544067636,0.00012914106685406508,0.00024524835216298133,0.11999397015225366,352
Gad1-F-200261,185,134,51,843,134,51,0.0007394093903532064,1.2773278440070601e-05,2.12992324404191e-05,0.009296015275614291,143
Gad1-F-200262,207,75,132,1297,75,132,0.00090367536583068,6.715933891289726e-06,3.262407676327327e-05,0.010401487362444098,135
Gad1-F-200263,571,305,266,2624,305,266,0.006110409676602572,5.050290267942818e-06,2.5709745379122215e-05,0.02869202552635546,352
Gad1-F-200264,194,186,8,478,186,8,0.005208004186099902,1.0443574742399018e-05,2.3489460875314015e-05,0.009748253856590122,184
Gad1-F-200265,34,23,11,91,23,11,0.00039924269390980127,8.93114781176266e-07,1.0651932961802442e-05,0.001708456861464248,34
Gad1-F-200266,191,71,120,598,71,120,0.0010395438123170374,5.101024461913274e-06,1.1642201295977985e-05,0.009597507662931512,165
Gad1-F-200267,583,241,342,4273,241,342,0.0006962698582019551,2.1867559196790666e-06,6.597606649253788e-05,0.0292950103009899,181
Gad1-F-200268,895,113,782,6172,113,782,0.004084175145570414,4.435270088427953e-06,2.1731331458982984e-05,0.04497261444148535,352
Gad1-F-200269,469,200,269,3970,200,269,0.011978594667996648,5.153531108205574e-05,3.864349412364419e-05,0.023566654941962716,352
Gad1-F-200270,146,68,78,621,68,78,0.0004977848086342573,1.0320706256648773e-06,1.4223960956832685e-05,0.007336314758052359,115
Gad1-F-200271,113,62,51,1086,62,51,0.00018389911503937525,3.0409221684678776e-06,4.3288180126252174e-05,0.0056781066278076475,94
Gad1-F-200272,1122,271,851,12146,271,851,0.0036767953575357697,2.79412971967399e-05,2.4177188744298368e-05,0.056379076428320185,352
Gad1-F-200273,176,126,50,713,126,50,0.0008694089959026028,1.629129345228478e-05,1.771316316882457e-05,0.00884377669463846,142
Gad1-F-200274,123,92,31,503,92,31,0.0010790991975046709,3.315681691606369e-06,2.6026334984822065e-05,0.0061805939400030145,110
Gad1-F-200275,107,31,76,626,31,76,0.00018190113538840225,1.6739487677755658e-07,1.2866304270366086e-05,0.005376614240490428,93
Gad1-F-200276,830,634,196,5629,634,196,0.019977855474484343,3.628750743238634e-05,9.494379224414621e-05,0.041706446912215464,352
Gad1-F-200277,233,17,216,633,17,216,5.849967996376668e-05,2.0238128416381248e-07,8.083724386115613e-06,0.011707954374152053,131
Gad1-F-200279,615,387,228,4552,387,228,0.0035909848595710846,0.0001603602756343115,8.152833089191114e-05,0.030902969700015076,226
Gad1-F-200280,273,108,165,1546,108,165,0.00034982056381668353,6.063979458232004e-07,4.729198405926894e-05,0.01371790362293352,148
Gad1-F-200281,764,693,71,35021,693,71,0.008949053954047418,0.04295589863525059,0.0008664333678860415,0.03839003065172605,347
Gad1-F-200282,229,182,47,1324,182,47,0.001579975318706711,9.348032505634651e-06,2.611228646234498e-05,0.011506959449273905,206
Gad1-F-200283,467,263,204,3798,263,204,0.012348691803050425,0.0001442519073278809,5.411099579049823e-05,0.02346615747952364,352
Gad1-F-200284,194,121,73,1066,121,73,0.00037509554137694364,3.459526991574872e-07,3.693879091774603e-05,0.009748253856590122,129
Gad1-F-200285,450,281,169,3366,281,169,0.011956795533488662,0.00015938564393038496,5.1983909610853294e-05,0.02261192904879152,352
Gad1-F-200286,488,145,343,4321,145,343,0.0032562471583174437,1.554848466264288e-05,2.5482607305302355e-05,0.024521380835133912,352
Gad1-F-200287,140,80,60,613,80,60,0.0005746004212381077,8.337322146864723e-06,1.70203497015378e-05,0.007034822370735139,109
Gad1-F-200288,665,188,477,3185,188,477,0.008749875966925379,5.851723830703771e-05,2.951939929218334e-05,0.03341540626099191,352
Gad1-F-200289,389,94,295,2709,94,295,0.0018981474207513008,4.729161153972922e-06,1.634656087654452e-05,0.01954675644439978,211
Gad1-F-200290,559,198,361,5627,198,361,0.005798797861872355,2.6852649388155445e-05,3.704917317584419e-05,0.028089040751721018,352
Gad1-F-200291,419,236,183,3579,236,183,0.010887910800509975,9.998403647247781e-05,4.414215639812132e-05,0.02105421838098588,352
Gad1-F-200292,221,125,96,1119,125,96,0.00040192897755510156,4.3345301316083475e-07,4.9901278115330836e-05,0.011104969599517612,135
Gad1-F-200293,370,199,171,2623,199,171,0.008915583295951003,5.933479108087377e-05,3.4433914182976864e-05,0.018592030551228583,331
Gad1-F-200294,1468,779,689,12812,779,689,0.016526817069347232,3.150592348127276e-05,0.00011090668254155634,0.07376513743027989,352
Gad1-F-200295,751,107,644,4379,107,644,0.0016750656458430068,6.708657031184099e-06,1.4691751941872882e-05,0.03773679714587207,352
Gad1-F-200296,240,199,41,774,199,41,0.0006035974017284944,1.6038868913313122e-07,4.822783259516318e-05,0.01205969549268881,150
Gad1-F-200297,458,245,213,3134,245,213,0.006463982102067659,1.8053894823616705e-05,2.233586105993811e-05,0.02301391889854781,352
Gad1-F-200298,1963,1643,320,9175,1643,320,0.04177702635486306,5.361732605185554e-05,0.00012602386955973626,0.09863825938395056,352
Gad1-F-200299,171,113,58,844,113,58,0.0012103430750327144,1.4950618803258457e-05,2.2015685070758963e-05,0.008592533038540778,155
Gad1-F-200300,774,366,408,3782,366,408,0.004318984432057463,8.600640371325605e-06,6.471104938003791e-05,0.03889251796392141,227
Gad1-F-200301,1073,207,866,12127,207,866,0.0042876399877733685,2.5475097119444193e-05,3.0187013482941442e-05,0.05391688859856288,352
Gad1-F-200302,459,226,233,2673,226,233,0.011139499977934992,9.364814557000238e-05,3.525140622181444e-05,0.02306416762976735,352
Gad1-F-200303,89,47,42,329,47,42,0.0002693604778848918,5.721181465838486e-06,1.162871143898839e-05,0.004472137078538767,84
Gad1-F-200304,179,91,88,840,91,88,0.00035594912453013603,3.507669060281063e-07,3.689790559712551e-05,0.008994522888297071,131
Gad1-F-200305,106,59,47,762,59,47,0.0001488526293975421,1.9544280485281517e-05,3.32838447436735e-05,0.005326365509270891,94
Gad1-F-200306,113,39,74,690,39,74,0.00030089813167401275,1.6862377438160187e-06,1.1855529103397953e-05,0.0056781066278076475,97
Gad1-F-200308,530,305,225,3090,305,225,0.0048723250581879235,0.00015011416383961407,2.648945763473676e-05,0.026631827546354455,352
Gad1-F-200309,160,130,30,841,130,30,0.0004366463209476237,5.80242911452793e-07,4.687662313551727e-05,0.008039796995125872,114
Gad1-F-200310,184,115,69,1067,115,69,0.0007063184925582064,1.632283485459153e-05,2.482826595797527e-05,0.009245766544394754,141
Gad1-F-200311,420,243,177,3049,243,177,0.01441793359127681,4.922531772266649e-05,5.265289548075488e-05,0.021104467112205417,352
Gad1-F-200312,198,53,145,799,53,145,0.0001388798434096434,2.240278325796548e-07,3.536216018626907e-05,0.009949248781468268,143
Gad1-F-200313,400,197,203,3307,197,203,0.009688109672848067,4.237722389943825e-05,3.0833372976771526e-05,0.02009949248781468,352
Gad1-F-200314,415,238,177,2715,238,177,0.012610839590882997,5.7336209514854984e-05,4.2044817866903325e-05,0.020853223456107732,352
Gad1-F-200315,401,100,301,1899,100,301,0.0009696679556802412,2.3194901397156157e-06,1.795230302504024e-05,0.02014974121903422,201
Gad1-F-200316,338,194,144,2364,194,144,0.011398187159599709,4.630281176606067e-05,3.663938115727141e-05,0.016984071152203406,322
Gad1-F-200317,237,24,213,1447,24,213,0.002052793315642201,2.386757895762897e-06,1.1584639904453366e-05,0.0119089492990302,194
Gad1-F-200318,112,37,75,301,37,75,0.00039116141564722525,2.3587130408565798e-07,8.770856462773285e-06,0.005627857896588111,110
Gad1-F-200320,165,83,82,648,83,82,0.0008120311443831061,7.291678047377721e-06,2.671126468649197e-05,0.008291040651223557,116
Gad1-F-200321,211,163,48,865,163,48,0.0004579470227798741,6.501159831399337e-07,3.4253581021651295e-05,0.010602482287322246,146
Gad1-F-200322,296,79,217,1517,79,217,0.0005425765489241995,2.4704803743793865e-06,1.281870150537424e-05,0.014873624440982865,205
Gad1-F-200323,86,47,39,714,47,39,0.0005957720169382674,1.6834501698324411e-06,1.8615464118196725e-05,0.004321390884880157,76
Gad1-F-200324,214,143,71,964,143,71,0.0008428045623501357,1.9715660599668202e-05,1.9488069039397128e-05,0.010753228480980856,148
Gad1-F-200325,480,85,395,3173,85,395,0.00034619957708807405,9.253576189149417e-07,2.329759888525455e-05,0.02411939098537762,169
Gad1-F-200326,174,101,73,802,101,73,0.000701331817479507,1.625480539550233e-05,1.5893080893119214e-05,0.008743279232199388,125
Gad1-F-200327,576,363,213,2719,363,213,0.006595592501212485,2.2312859960805473e-05,7.310706730982635e-05,0.028943269182453144,298
Gad1-F-200328,158,88,70,1210,88,70,0.00042141128987226086,2.113549233816403e-06,1.3317675976159872e-05,0.0079392995326868,157
Gad1-F-200329,573,354,219,4204,354,219,0.010292795906203156,1.8637911815230492e-05,3.717444098423688e-05,0.028792522988794533,352
Gad1-F-200330,95,51,44,415,51,44,0.0006013784421628234,1.3097215044108612e-05,1.1845995704464745e-05,0.004773629465855987,86
Gad1-F-200331,137,39,98,680,39,98,0.0005591870307863762,1.760457814865936e-06,1.1528226153561182e-05,0.006884076177076529,134
Gad1-F-200332,442,122,320,3063,122,320,0.0029328664551124426,7.685246253350006e-06,1.6986412083808564e-05,0.022209939199035224,352
Gad1-F-200333,247,42,205,1276,42,205,0.0001841837430879749,3.709800240813262e-07,1.0957234796403076e-05,0.012411436611225566,173
Gad1-F-200335,509,274,235,4333,274,235,0.0010337404328205008,6.410429013071648e-06,8.817099545393625e-05,0.025576604190744184,186
Gad1-F-200336,188,71,117,1793,71,117,8.174279724531862e-05,1.4171009695566354e-07,0.00010444277752621404,0.009446761469272901,98
Gad1-F-200337,480,209,271,3619,209,271,0.012749646673289532,5.249090516625586e-05,4.045164022375648e-05,0.02411939098537762,352
Gad1-F-200338,41,23,18,203,23,18,0.0002613102523076736,5.752231284371898e-07,1.0398911251839371e-05,0.002060197980001005,41
Gad1-F-200339,139,60,79,604,60,79,0.0006765579115233483,5.478117405987099e-06,1.4923696796764347e-05,0.006984573639515602,109
Gad1-F-200340,397,207,190,1552,207,190,0.0007094699343807183,2.6382709006667324e-06,3.9234181284109303e-05,0.01994874629415607,181
Gad1-F-200341,5,4,1,9,4,1,1.9487717063187533e-06,3.145720296656604e-10,7.900869012048967e-06,0.0002512436560976835,5
Gad1-F-200342,231,160,71,1553,160,71,0.0012628943534409884,3.2127282140708866e-05,2.4206266805618907e-05,0.01160745691171298,205
Gad1-F-200343,955,56,899,8815,56,899,0.00212959108070242,1.4278877072767404e-06,1.0604004499676279e-05,0.04798753831465755,352
Gad1-F-200344,462,95,367,10210,95,367,0.001400675223354604,0.00033641407873699007,1.4332180461142722e-05,0.02321491382342596,345
Gad1-F-200345,252,70,182,908,70,182,0.00014230514044574885,1.6995714407865395e-07,1.7388989883596634e-05,0.01266268026732325,150
Gad1-F-200346,373,20,353,1268,20,353,0.0002030485767492677,1.3818422690587888e-07,8.490336639993222e-06,0.018742776744887193,262
Gad1-F-200347,105,31,74,501,31,74,0.000341430155675871,5.322231742810171e-06,1.0724563356284546e-05,0.005276116778051354,93
Gad1-F-200348,369,261,108,3124,261,108,0.0017709493931594212,3.895064657293966e-05,3.496930121062876e-05,0.018541781820009044,211
Gad1-F-200349,67,42,25,154,42,25,0.0011008660720936013,1.0776090909323336e-06,1.0984717262901412e-05,0.0033666649917089594,65
Gad1-F-200350,199,154,45,623,154,45,0.0002547643546875972,4.721238520714146e-08,3.5413193507870766e-05,0.009999497512687805,148
Gad1-F-200351,451,233,218,3428,233,218,0.012336573554903661,0.00010184356604511628,4.101860660059608e-05,0.022662177780011054,352
Gad1-F-200352,1396,1149,247,7594,1149,247,0.028474652273807532,6.648675844331416e-05,0.0001392187994831716,0.07014722878247324,352
Gad1-F-200353,133,60,73,779,60,73,0.00031504387974859,3.1606080908906844e-07,1.5242144861172781e-05,0.006683081252198382,104
Gad1-F-200354,77,41,36,480,41,36,0.0005274383769730842,1.0843192314757927e-06,1.4348719931659466e-05,0.0038691523039043265,70
Gad1-F-200355,778,676,102,4816,676,102,0.016329467260438966,9.998004948344233e-05,0.00018261866217450496,0.03909351288879956,331
Gad1-F-200356,209,182,27,977,182,27,0.0017383293489162204,6.389693843674276e-05,3.4544920951977636e-05,0.010501984824883171,175
Gad1-F-200357,163,77,86,636,77,86,0.0023025590299998846,7.805408798950353e-06,1.3710792742355303e-05,0.008190543188784483,158
Gad1-F-200358,120,44,76,915,44,76,0.00040995103902370823,1.4389644586337155e-06,1.3382718470229462e-05,0.006029847746344405,105
Gad1-F-200360,541,219,322,3374,219,322,0.01104019913707396,0.00014089771892974014,4.224734151563269e-05,0.027184563589769357,352
Gad1-F-200361,128,72,56,644,72,56,0.0008132349887950449,2.7136437490242018e-06,1.4297983262201811e-05,0.0064318375961006985,109
Gad1-F-200362,438,87,351,2337,87,351,0.0013869216603919097,2.080650564033582e-05,2.610698787530792e-05,0.022008944274157078,205
Gad1-F-200363,790,225,565,4863,225,565,0.01266374391175566,6.514076837684245e-05,4.5196214744329096e-05,0.039696497663434,352
Gad1-F-200364,171,153,18,1081,153,18,0.00048080511985435436,1.0105850455736185e-06,6.043246907953655e-05,0.008592533038540778,108
Gad1-F-200365,347,79,268,1805,79,268,0.0009527044207530297,5.9168128806537646e-06,1.4510727125697105e-05,0.017436309733179237,211
Gad1-F-200366,463,254,209,2204,254,209,0.0016269293206928786,1.3374989660022116e-05,2.6372429556901287e-05,0.023265162554645495,205
Gad1-F-200367,123,31,92,725,31,92,0.00023196953411371542,3.101052165508655e-06,9.452091025297282e-06,0.0061805939400030145,89
Gad1-F-200368,153,86,67,706,86,67,0.00036245173819157207,4.354456040404406e-06,1.6920222666509224e-05,0.0076880558765891165,128
Gad1-F-200369,46,34,12,134,34,12,0.00044747590877195734,2.8675828221794626e-07,1.4668021405441385e-05,0.0023114416360986885,46
Gad1-F-200370,2075,1728,347,16756,1728,347,0.039618956717586584,0.0001039579985524238,0.0001990996047446593,0.10426611728053867,352
Gad1-F-200371,190,98,92,949,98,92,0.000293993682469854,4.415444713973895e-07,1.562234281100722e-05,0.009547258931711974,138
Gad1-F-200372,714,136,578,3613,136,578,0.0017915490652549173,1.942267791186749e-05,1.5019481928629819e-05,0.035877594090749206,352
Gad1-F-200373,422,36,386,2707,36,386,0.001838732022869203,1.380195119579499e-06,9.439383272088138e-06,0.02120496457464449,352
Gad1-F-200374,233,77,156,1669,77,156,0.000281954372993765,3.674500930489231e-07,3.5778759616064584e-05,0.011707954374152053,120
Gad1-F-200375,85,66,19,488,66,19,0.001764104375855868,1.779513581449267e-05,2.0837083995113403e-05,0.00427114215366062,82
Gad1-F-200377,154,3,151,702,3,151,6.895323692181278e-07,1.9411507584779272e-10,7.899854227573575e-06,0.007738304607808653,133
Gad1-F-200378,246,90,156,1146,90,156,0.00029124895664910263,2.4604691310139893e-07,4.5581745623720206e-05,0.012361187880006029,148
Gad1-F-200379,596,248,348,4313,248,348,0.011255708839203035,7.007717963646591e-05,4.0350427114507877e-05,0.029948243806843876,352
Gad1-F-200380,461,239,222,2641,239,222,0.001826314368443688,3.267839958325028e-05,3.776067145853704e-05,0.02316466509220642,211
Gad1-F-200381,461,251,210,4332,251,210,0.01380927372823224,5.426421357745927e-05,5.1822864913843284e-05,0.02316466509220642,352
Gad1-F-200382,461,208,253,3695,208,253,0.013092065596357507,3.358268783085874e-05,4.02122907080991e-05,0.02316466509220642,352
Gad1-F-200383,418,286,132,1790,286,132,0.0015476582275518068,1.3644944111802519e-05,5.217360199704327e-05,0.021003969649766342,186
Gad1-F-200384,236,107,129,1231,107,129,0.0013958106296986725,1.0399388925453065e-05,2.091474664320112e-05,0.011858700567810663,148
Gad1-F-200385,415,221,194,2891,221,194,0.012229628790457293,3.017529458682378e-05,3.051495426180664e-05,0.020853223456107732,352
Gad1-F-200386,154,25,129,759,25,129,4.973023680717601e-05,5.026394162454586e-08,1.3012002918556017e-05,0.007738304607808653,104
Gad1-F-200387,345,95,250,1510,95,250,0.00041532356568084797,9.652187212246544e-07,1.1747470366700355e-05,0.017335812270740165,211
Gad1-F-200388,198,170,28,1005,170,28,0.002577178876280875,1.4217511630069436e-05,2.4742662036247202e-05,0.009949248781468268,178
Gad1-F-200389,93,59,34,650,59,34,0.0005103472683265128,1.5169663765092043e-06,1.7519322935195274e-05,0.0046731320034169134,82
Gad1-F-200390,275,42,233,1604,42,233,0.00041063922546652097,5.58755572791297e-07,1.0130014137072072e-05,0.013818401085372594,143
Gad1-F-200391,225,84,141,1063,84,141,0.00030765798717815495,3.089313410670201e-07,6.145017688584948e-05,0.01130596452439576,150
Gad1-F-200392,276,240,36,1087,240,36,0.0003852421161417974,9.643394120892159e-08,6.647812529996158e-05,0.013868649816592131,150
Gad1-F-200393,941,768,173,5855,768,173,0.026687364483807277,8.161071161350995e-05,8.088096120223097e-05,0.04728405607758404,352
Gad1-F-200394,113,52,61,773,52,61,0.00014300631378574795,9.895889908231167e-07,1.802529511170803e-05,0.0056781066278076475,85
Gad1-F-200395,416,199,217,2322,199,217,0.0010149833799703472,1.5169678151431386e-05,2.0313426303399757e-05,0.02090347218732727,211
Gad1-F-200396,501,202,299,3283,202,299,0.006549392362987084,2.4585189603260625e-05,2.4652925335697877e-05,0.02517461434098789,352
Gad1-F-200398,467,246,221,3977,246,221,0.011862809421331007,0.0001899327607836016,4.909889147554413e-05,0.02346615747952364,352
Gad1-F-200399,204,98,106,1214,98,106,0.0007344623297966862,4.502439756045142e-06,2.271103906866625e-05,0.010250741168785488,179
Gad1-F-200400,206,61,145,850,61,145,0.00021137583851281048,3.150528746560758e-07,2.671931848686742e-05,0.010351238631224561,148
Gad1-F-200401,412,252,160,2732,252,160,0.013680387127489653,9.049623122415009e-05,4.349267127306472e-05,0.020702477262449122,349
Gad1-F-200402,387,229,158,2550,229,158,0.012712962279055738,6.0814460033597876e-05,3.607486272544961e-05,0.019446258981960705,346
Gad1-F-200403,316,94,222,2099,94,222,0.0022852937492490112,1.5995610214016325e-05,1.8749713052544632e-05,0.0158785990653736,210
Gad1-F-200404,335,274,61,1215,274,61,0.0006287092024077024,5.118551022561734e-07,7.165603910285194e-05,0.016833324958544796,150
Gad1-F-200405,139,61,78,627,61,78,0.00039696560555202903,6.344823871513733e-07,1.5329908138753133e-05,0.006984573639515602,113
Gad1-F-200406,587,224,363,3569,224,363,0.011214718186156141,0.00015257904439566444,4.141379774407145e-05,0.029496005225868045,352
Gad1-F-200407,565,262,303,3049,262,303,0.004435193065354119,1.9288850147200402e-05,2.115808727047534e-05,0.02839053313903824,352
Gad1-F-200408,707,292,415,7131,292,415,0.004646199693894374,8.803691607362914e-05,9.734012026863817e-05,0.03552585297221245,346
Gad1-F-200409,115,68,47,497,68,47,0.0003269588053073103,1.8217406164371745e-06,1.24281146880483e-05,0.005778604090246721,102
Gad1-F-200410,378,216,162,2847,216,162,0.011836033371495235,0.00011278455083365246,4.2537714579461076e-05,0.018994020400984874,334
Gad1-F-200411,76,71,5,236,71,5,0.0015558714788052833,1.6849309675006777e-06,1.3552880532800064e-05,0.0038189035726847896,75
Gad1-F-200412,903,429,474,6015,429,474,0.009775660468178815,2.2536516598172798e-05,4.265777142219367e-05,0.04537460429124165,352
Gad1-F-200413,210,181,29,778,181,29,0.0004925020642038502,4.854669686023153e-07,5.041964387234276e-05,0.010552233556102708,148
Gad1-F-200414,490,228,262,2966,228,262,0.0031503766023757073,4.5329022409499114e-05,3.28662340298554e-05,0.024621878297572987,231
Gad1-F-200415,408,237,171,3009,237,171,0.01356620737319052,3.875780631879427e-05,4.272383612014117e-05,0.020501482337570976,352
Gad1-F-200416,407,227,180,3000,227,180,0.012938069867400056,4.233035938332872e-05,3.820014418737959e-05,0.02045123360635144,349
Gad1-F-200417,423,226,197,3472,226,197,0.012586231473918673,5.576233263149105e-05,4.2559092678007104e-05,0.021255213305864027,352
Gad1-F-200418,244,11,233,710,11,233,0.00018784302992941144,1.3676105522917054e-06,8.096331105439309e-06,0.012260690417566956,230
Gad1-F-200419,416,188,228,3612,188,228,0.008290280433291233,8.211613320707254e-05,2.8368204038283116e-05,0.02090347218732727,352
Gad1-F-200420,298,108,190,1055,108,190,0.0013500318175632831,4.721196390583471e-06,2.8472209555433113e-05,0.014974121903421938,224
Gad1-F-200421,1149,822,327,71204,822,327,0.009241078466575648,0.15357404982972409,0.00107329559930102,0.05773579217124768,348
Gad1-F-200422,414,227,187,3571,227,187,0.013687737209188679,3.4883383733295856e-05,4.384969215153924e-05,0.020802974724888196,352
Gad1-F-200423,288,10,278,1044,10,278,0.0005715882336467448,1.8062308400562316e-06,7.871229792660935e-06,0.014471634591226572,265
Gad1-F-200424,338,64,274,2835,64,274,0.0027955561378173815,1.7521164959534245e-06,1.1094905017484086e-05,0.016984071152203406,317
Gad1-F-200425,126,118,8,524,118,8,0.0030338939989919757,1.286309227595681e-05,1.5850785570822672e-05,0.006331340133661625,120
Gad1-F-200426,421,220,201,3180,220,201,0.012399811078457555,6.554772435420269e-05,3.984893503148569e-05,0.021154715843424952,352
Gad1-F-200427,582,271,311,3423,271,311,0.003624591747607085,2.372444675029693e-05,2.2626884872851973e-05,0.029244761569770364,352
Gad1-F-200428,713,130,583,3466,130,583,0.0022570686060574695,1.137596518904917e-05,1.2832134112743948e-05,0.03582734535952967,352
Gad1-F-200429,388,142,246,2995,142,246,0.0019787655800594353,7.0958309282239295e-06,4.1069573926156575e-05,0.019496507713180244,268
Gad1-F-200430,398,225,173,2574,225,173,0.01248483437482852,7.780775635541109e-05,3.6234929499310005e-05,0.01999899502537561,348
Gad1-F-200432,712,125,587,4193,125,587,0.0017176062452358266,4.455830104266865e-06,1.3810544840813394e-05,0.035777096628310134,352
Gad1-F-200433,426,151,275,1858,151,275,0.0011401984911368413,2.1721056643604877e-05,1.9075092010052873e-05,0.021405959499522637,186
Gad1-F-200434,527,140,387,4825,140,387,0.002252857069722024,7.60631062766007e-05,4.6739591467657676e-05,0.026481081352695845,311
Gad1-F-200435,430,74,356,2490,74,356,0.00483303164506165,1.9146968536826128e-05,1.3653462760650603e-05,0.021606954424400783,352
Gad1-F-200436,482,152,330,3461,152,330,0.0038622730020217953,1.4883640310361514e-05,2.0684334806804016e-05,0.024219888447816692,352
Gad1-F-200437,409,233,176,3247,233,176,0.010922685550252435,0.00019972566259813341,4.421742704256248e-05,0.02055173106879051,352
Gad1-F-200438,183,128,55,670,128,55,0.0007710957718093254,3.997069465176882e-07,1.7796910799869156e-05,0.009195517813175217,149
Gad1-F-200439,844,124,720,4660,124,720,0.0020568764374422543,1.897937455776623e-05,1.5236795929732791e-05,0.04240992914928898,352
Gad1-F-200440,553,279,274,2789,279,274,0.004095318160536235,6.983585683531263e-05,2.309073310756909e-05,0.027787548364403798,352
Gad1-F-200441,30,24,6,101,24,6,8.880547744140648e-05,7.886409089203616e-08,1.1882615528346587e-05,0.0015074619365861013,30
Gad1-F-200442,82,54,28,258,54,28,0.0012694710660517163,8.238532599956017e-06,1.5753712247476966e-05,0.00412039596000201,80
Gad1-F-200443,497,250,247,2374,250,247,0.0037418300893704913,2.636082189363389e-05,1.9421233655277783e-05,0.024973619416109743,352
Gad1-F-200444,473,131,342,3046,131,342,0.002983071232145062,8.841715453162806e-06,2.0286065251693848e-05,0.02376764986684086,352
Gad1-F-200445,655,98,557,3033,98,557,0.0015221923995447475,3.4215576720623257e-06,1.1650240678143636e-05,0.03291291894879654,352
Gad1-F-200446,379,212,167,2670,212,167,0.013064132804055398,5.6652867782999795e-05,4.3598735588185386e-05,0.019044269132204413,349
Gad1-F-200447,408,217,191,3059,217,191,0.011252656196859098,3.360891315546037e-05,3.119156107796216e-05,0.020501482337570976,352
Gad1-F-200448,670,68,602,2666,68,602,0.002527093715230132,1.0402179348080561e-06,9.6991214805197e-06,0.03366664991708959,352
Gad1-F-200449,565,159,406,3129,159,406,0.009095010382614602,5.092711600383531e-05,3.158926101158679e-05,0.02839053313903824,352
Gad1-F-200450,410,218,192,3182,218,192,0.013159217244917412,5.4544283053175575e-05,3.6048266173628004e-05,0.02060197980001005,352
Gad1-F-200451,301,185,116,2024,185,116,0.0011769521348194247,1.57260014161338e-05,2.1098192662291042e-05,0.015124868097080548,205
Gad1-F-200452,165,36,129,485,36,129,0.000186145530829529,2.7087890007809097e-07,9.490293780023151e-06,0.008291040651223557,135
Gad1-F-200453,33,28,5,163,28,5,9.416913199815226e-05,5.735020540221999e-07,4.411530565048261e-05,0.0016582081302447113,31
Gad1-F-200454,470,269,201,3675,269,201,0.013501693909752775,0.00018042045391198022,5.018983155487688e-05,0.02361690367318225,352
Gad1-F-200455,987,955,32,8082,955,32,0.031766931171809974,0.00015701571649307284,0.00013865285049423503,0.049595497713682726,352
Gad1-F-200456,32,17,15,77,17,15,0.001223610779127168,6.384174630897148e-07,8.795427015449172e-06,0.0016079593990251746,32
Gad1-F-200457,68,38,30,265,38,30,0.0003938821260035127,9.522705349442538e-06,1.7189268906329954e-05,0.003416913722928496,57
Gad1-F-200458,1626,1563,63,7673,1563,63,0.04413621392176848,5.993998626980441e-05,0.0001312143157443885,0.08170443696296668,352
Gad1-F-200459,498,358,140,3428,358,140,0.0017684026879945785,2.420304292524753e-05,7.424821347348559e-05,0.02502386814732928,186
Gad1-F-200460,258,244,14,843,244,14,0.007810806724547358,2.7514584360747285e-05,2.4399462246440687e-05,0.01296417265464047,244
Gad1-F-200461,825,580,245,14070,580,245,0.007591859010168197,0.012760104479166447,0.00028048900980268387,0.04145520325611778,348
Gad1-F-200462,433,246,187,3433,246,187,0.012894853860482244,4.392694533194008e-05,4.5250969522158854e-05,0.021757700618059393,352
Gad1-F-200463,578,252,326,2849,252,326,0.0038664901571645147,2.752557237000266e-05,1.9084833864235974e-05,0.029043766644892218,352
Gad1-F-200464,237,215,22,753,215,22,0.0003705078430632651,1.476765652204376e-07,5.401858096226741e-05,0.0119089492990302,150
Gad1-F-200465,2576,2283,293,25742,2283,293,0.061785006251097674,0.0001942827381165698,0.000383420075544721,0.12944073162152656,352
Gad1-F-200466,478,268,210,3609,268,210,0.012966573034927056,4.4950121771305186e-05,4.5150300174128575e-05,0.024018893522938546,352
Gad1-F-200467,415,234,181,3024,234,181,0.0115511450053322,0.00019139573618073217,4.770804179004985e-05,0.020853223456107732,348
Gad1-F-200468,272,73,199,1150,73,199,0.0003151138036534953,2.70724738698091e-07,2.281639577279554e-05,0.013667654891713983,150
Gad1-F-200469,239,90,149,1043,90,149,0.00043377006714786105,3.8477199543402715e-07,3.256480651271773e-05,0.012009446761469273,150
Gad1-F-200471,530,206,324,4630,206,324,0.007516868773757428,1.886042672804009e-05,2.9767681771853655e-05,0.026631827546354455,352
Gad1-F-200472,767,436,331,8966,436,331,0.005914969887065167,0.010096419226746485,7.24512753978097e-05,0.03854077684538466,348
Gad1-F-200473,571,347,224,3920,347,224,0.013886600987004501,8.98687295553446e-05,5.550762244340122e-05,0.02869202552635546,352
Gad1-F-200474,1116,933,183,6558,933,183,0.030142785070750456,6.563827573300748e-05,9.930127023820935e-05,0.056077584041002965,352
Gad1-F-200475,443,264,179,3035,264,179,0.012643673282144201,3.914857213842744e-05,4.661127712751369e-05,0.02226018793025476,352
Gad1-F-200476,406,252,154,2601,252,154,0.012112763273723648,5.949674717856649e-05,4.347852384363128e-05,0.0204009848751319,352
Gad1-F-200477,436,262,174,3103,262,174,0.013597786670375804,5.102301583899467e-05,4.278311410720035e-05,0.021908446811718003,352
Gad1-F-200478,410,251,159,3066,251,159,0.011823405200381994,4.833749633438021e-05,3.800545524538993e-05,0.02060197980001005,352
Gad1-F-200479,857,525,332,18734,525,332,0.006305908052341599,0.013119074810425594,0.00029464919025207675,0.043063162655142956,348
Gad1-F-200480,218,177,41,795,177,41,0.0003189917931172998,2.8442066997581504e-07,4.399073983574727e-05,0.010954223405859002,148
Gad1-F-200481,223,128,95,1664,128,95,0.0005980101351969551,1.1221294062844275e-06,6.755290204478905e-05,0.011205467061956685,138
Gad1-F-200482,172,25,147,802,25,147,3.993475166696553e-05,9.660976734645607e-09,1.6628853457868858e-05,0.008642781769760313,129
Gad1-F-200483,210,151,59,780,151,59,0.0009182505997035799,1.60654910466444e-05,1.7889396775487887e-05,0.010552233556102708,156
Gad1-F-200484,446,258,188,3226,258,188,0.012395527967140536,0.00016175977009131684,4.450788866066829e-05,0.02241093412391337,352
Gad1-F-200485,528,337,191,3069,337,191,0.014873835602204344,2.9847745464405673e-05,4.9566856961691014e-05,0.02653133008391538,352
Gad1-F-200486,632,398,234,5481,398,234,0.002260901050347147,1.6290615328174222e-05,0.00019689538806488932,0.0317571981307472,198
Gad1-F-200487,340,221,119,1233,221,119,0.004178907988765679,1.1513201900646373e-05,5.714533486701647e-05,0.01708456861464248,220
Gad1-F-200488,110,35,75,485,35,75,0.00024234464218557216,1.058004959048962e-06,1.166475712627805e-05,0.005527360434149038,97
Gad1-F-200489,232,79,153,1021,79,153,0.00028298118620246026,3.0020280226631754e-07,3.253656605774283e-05,0.011657705642932515,148
Gad1-F-200490,475,277,198,3599,277,198,0.013089001154580802,0.00017441209026471753,5.4447781766822524e-05,0.023868147329279936,352
Gad1-F-200491,258,252,6,1640,252,6,0.0006730072127028463,1.1544390151029972e-06,0.0001279223042626652,0.01296417265464047,135
Gad1-F-200492,216,83,133,1234,83,133,0.0022755228900249286,2.362802505189006e-06,1.428586721834424e-05,0.010853725943419929,143
Gad1-F-200493,106,54,52,370,54,52,0.00038547885886290253,5.776177711308254e-07,1.608718344261771e-05,0.005326365509270891,90
Gad1-F-200494,195,90,105,1033,90,105,0.0008667383394208708,2.9249235464564324e-06,3.423227727172341e-05,0.009798502587809657,131
Gad1-F-200495,97,58,39,510,58,39,6.721363511945228e-05,8.285737074958978e-08,3.3678624241634246e-05,0.004874126928295061,77
Gad1-F-200496,183,79,104,967,79,104,0.0004186891200094925,4.2557868399836927e-07,3.076635808448688e-05,0.009195517813175217,120
Gad1-F-200497,610,328,282,2837,328,282,0.005721152079303875,2.262630118429444e-05,2.55028958274857e-05,0.03065172604391739,352
Gad1-F-200498,1051,586,465,5764,586,465,0.013044285356794683,1.8874334795658013e-05,4.0186201098126654e-05,0.05281141651173308,352
Gad1-F-200499,326,114,212,1380,114,212,0.00033473301156720437,3.9301735113386946e-07,4.643365462622423e-05,0.016381086377568965,148
Gad1-F-200500,153,147,6,1054,147,6,0.002232206029922002,1.5063742987481335e-05,6.814773658352464e-05,0.0076880558765891165,143
Gad1-F-200501,207,160,47,1496,160,47,0.0007113016888762491,1.370753823054428e-06,9.054896748775553e-05,0.010401487362444098,136
Gad1-F-200502,41,32,9,157,32,9,0.0003718627641223837,5.218995952096955e-07,9.947809654350896e-06,0.002060197980001005,41
Gad1-F-200503,412,236,176,3118,236,176,0.01119594635416296,9.345432786358547e-05,4.0310124408817055e-05,0.020702477262449122,352
Gad1-F-200504,156,102,54,861,102,54,0.0012529393975006682,1.9361353436315926e-06,2.2150954962508013e-05,0.007838802070247727,125
Gad1-F-200505,247,116,131,1229,116,131,0.0003359797062628532,3.418336505953444e-07,4.494389883868288e-05,0.012411436611225566,135
Gad1-F-200506,153,92,61,1521,92,61,0.00031990912474989087,1.4914028178628328e-06,5.105515717206781e-05,0.0076880558765891165,94
Gad1-F-200507,494,267,227,3527,267,227,0.014178660637959953,4.776484431437047e-05,4.652058225112256e-05,0.024822873222451133,352
Gad1-F-200509,14,2,12,38,2,12,4.838756209971719e-07,2.6626010660369393e-11,8.315283995798845e-06,0.0007034822370735139,14
Gad1-F-200510,68,20,48,221,20,48,9.071266753363917e-05,4.865603057017688e-08,8.916661578502938e-06,0.003416913722928496,63
Gad1-F-200511,337,118,219,1446,118,219,0.0006544532345267953,2.231975318603461e-06,2.1231115786467996e-05,0.01693382242098387,186
Gad1-F-200512,287,119,168,1711,119,168,0.0016210215253960783,1.5904295233766456e-05,2.0572959202040908e-05,0.014421385860007034,220
Gad1-F-200513,429,205,224,3645,205,224,0.013008695182736544,0.0001107732026793588,4.816429489988982e-05,0.021556705693181247,352
Gad1-F-200514,185,66,119,665,66,119,0.0002947119703683426,2.1110559833505498e-07,2.165835502934434e-05,0.009296015275614291,144
Gad1-F-200515,121,72,49,1321,72,49,0.0002508215823391326,2.891409769800509e-06,5.478300735067233e-05,0.006080096477563942,94
Gad1-F-200516,918,34,884,10697,34,884,0.0006177379135862152,5.218477349001543e-07,9.439339844447387e-06,0.0461283352595347,352
Gad1-F-200517,432,227,205,3353,227,205,0.011454514840987784,0.00016646714280864854,4.377651481072438e-05,0.021707451886839858,352
Gad1-F-200518,207,111,96,1150,111,96,0.000536333327127585,3.5103835907063732e-06,1.9589248631605296e-05,0.010401487362444098,148
Gad1-F-200519,190,131,59,1080,131,59,0.0014839696661018346,5.433328305160139e-06,7.706918238795845e-05,0.009547258931711974,127
Gad1-F-200521,307,256,51,1193,256,51,0.0004116254779757101,1.8832418092947115e-07,6.545484481203992e-05,0.015426360484397768,148
Gad1-F-200522,112,93,19,376,93,19,0.002001200759725201,6.524591045793873e-05,1.43666283897249e-05,0.005627857896588111,112
Gad1-F-200523,95,46,49,638,46,49,0.00037186011975175333,2.4958153537427513e-06,1.9317957268460895e-05,0.004773629465855987,90
Gad1-F-200524,165,43,122,919,43,122,0.00042007485721259755,5.91277352325387e-07,1.533997507352426e-05,0.008291040651223557,102
Gad1-F-200525,139,86,53,688,86,53,0.0011738267210111817,2.5753053151216755e-06,2.4009087526573303e-05,0.006984573639515602,117
Gad1-F-200526,59,22,37,217,22,37,0.00011645987002019546,6.193888520477171e-08,1.1171191260223363e-05,0.0029646751419526657,57
Gad1-F-200527,579,190,389,4741,190,389,0.0054858747735884675,1.8256228989394323e-05,2.8478657440194557e-05,0.029094015376111754,352
Gad1-F-200528,90,37,53,632,37,53,0.00034110001407185707,1.0029252954145309e-06,1.7223550735965432e-05,0.004522385809758303,77
Gad1-F-200529,573,264,309,4002,264,309,0.012341778882467003,0.00018955972666307726,5.166667293174647e-05,0.028792522988794533,352
Gad1-F-200530,175,26,149,883,26,149,0.00013539393375331426,1.1093210442045696e-07,9.103424761669315e-06,0.008793527963418923,118
Gad1-F-200531,108,77,31,453,77,31,0.00041948795870413026,1.0580292081327853e-06,2.001466522276311e-05,0.005426862971709964,90
Gad1-F-200532,413,218,195,2919,218,195,0.01241827389267973,0.0001009506753098167,4.2215166535694714e-05,0.02075272599366866,349
Gad1-F-200533,281,101,180,1653,101,180,0.0004009919066286532,6.590462526947573e-07,4.665351004594834e-05,0.014119893472689814,150
Gad1-F-200534,336,134,202,1890,134,202,0.0005779161970921588,1.1232684126290694e-06,5.053250712405481e-05,0.016883573689764335,150
Gad1-F-200535,577,218,359,5038,218,359,0.006939908518231648,1.756382775491909e-05,3.2428440333719745e-05,0.02899351791367268,352
Gad1-F-200536,383,320,63,1722,320,63,0.0005533241944891533,4.481533079042767e-07,8.880822399562165e-05,0.01924526405708256,148
Gad1-F-200537,487,264,223,2164,264,223,0.0033067385762017266,1.67354689002073e-05,7.00842138043538e-05,0.024471132103914377,257
Gad1-F-200538,308,154,154,1848,154,154,0.00046018544917929066,6.499861045652906e-07,8.600848855053758e-05,0.015476609215617306,148
Gad1-F-200539,437,245,192,3117,245,192,0.012168136515456396,8.921921959701212e-05,4.523955298409217e-05,0.021958695542937542,352
Gad1-F-200540,472,256,216,3329,256,216,0.013773007339657216,6.64750561576837e-05,4.6444967157290396e-05,0.023717401135621326,352
Gad1-F-200541,165,83,82,673,83,82,0.0006355891724770609,1.7234330841882635e-05,1.3198739407872273e-05,0.008291040651223557,120
Gad1-F-200542,117,62,55,873,62,55,0.000172797206728461,3.7632299705562374e-07,3.7494812828249014e-05,0.005879101552685795,90
Gad1-F-200543,170,80,90,899,80,90,0.0005527958191599246,1.585687793866728e-06,2.1632860485750225e-05,0.00854228430732124,125
Gad1-F-200544,425,223,202,3794,223,202,0.011409612599506966,0.00018813143987106402,4.273383415895966e-05,0.0213557107683031,352
Gad1-F-200545,416,209,207,3566,209,207,0.011966918238042438,6.190886547765443e-05,4.187318538589695e-05,0.02090347218732727,352
Gad1-F-200546,144,69,75,896,69,75,0.0006274746228289379,3.234973480021305e-06,2.0389062580579845e-05,0.007235817295613286,117
Gad1-F-200547,384,203,181,3252,203,181,0.010463799235587726,3.9715432816397816e-05,3.38365779871717e-05,0.019295512788302095,348
Gad1-F-200549,232,20,212,2784,20,212,9.109614791002579e-05,2.3822139300443395e-07,1.112906238270931e-05,0.011657705642932515,215
Gad1-F-200550,432,242,190,2968,242,190,0.010740939025997548,0.00012335664963661382,3.386801949260269e-05,0.021707451886839858,352
Gad1-F-200552,462,133,329,2111,133,329,0.0019048887261122638,1.42122352230807e-06,1.5144541427979354e-05,0.02321491382342596,291
Gad1-F-200553,69,23,46,428,23,46,0.0001983845105904416,3.1705161658058707e-07,1.091560957915898e-05,0.0034671624541480327,69
Gad1-F-200555,133,87,46,495,87,46,0.00025982101844174095,2.2136227665275537e-07,2.0049861691377686e-05,0.006683081252198382,120
Gad1-F-200556,298,271,27,1091,271,27,0.00040050317541772215,1.7334273487080025e-07,7.534258436765366e-05,0.014974121903421938,148
Gad1-F-200557,466,266,200,2797,266,200,0.012367302485589779,2.5305257814192235e-05,5.035035460577723e-05,0.023415908748304105,352
Gad1-F-200558,479,138,341,3376,138,341,0.0013091740375481289,1.3727090802515373e-05,1.918143885026632e-05,0.02406914225415808,205
Gad1-F-200559,433,383,50,3408,383,50,0.0026847272618042268,9.766081135532818e-06,0.00022884692357939612,0.021757700618059393,172
Gad1-F-200562,74,42,32,222,42,32,0.0004715702871539136,1.5309182518442607e-06,1.4629721073789317e-05,0.0037184061102457163,66
Gad1-F-200563,79,25,54,492,25,54,4.472426376191404e-05,1.4561781276181765e-07,1.3815106175640781e-05,0.0039696497663434,74
Gad1-F-200564,134,58,76,511,58,76,0.0003129323172184195,7.454706780625043e-06,1.0964170163424393e-05,0.006733329983417919,103
Gad1-F-200565,36,21,15,285,21,15,2.517681632083381e-05,1.09254149722121e-06,4.8024580666786734e-05,0.0018089543239033215,30
Gad1-F-200566,139,104,35,570,104,35,0.001440667871314046,0.00011050830396102583,3.0233379097427478e-05,0.006984573639515602,131
Gad1-F-200567,88,39,49,567,39,49,7.664947420606561e-05,9.455095412033054e-08,1.9983189577602526e-05,0.00442188834731923,74
Gad1-F-200568,293,88,205,1783,88,205,0.000558173175121189,5.202156148128111e-06,1.2596418782777085e-05,0.014722878247324255,211
Gad1-F-200569,135,71,64,895,71,64,0.00021604242163094132,4.2331340727003757e-07,4.334402923706512e-05,0.006783578714637455,87
Gad1-F-200570,441,241,200,3680,241,200,0.011370291644248128,8.764553575525127e-05,3.90060936814256e-05,0.022159690467815688,352
Gad1-F-200571,173,83,90,1077,83,90,0.00032796706782419296,5.134964298763982e-07,4.4038596724837844e-05,0.00869303050097985,123
Gad1-F-200572,368,269,99,1344,269,99,0.0005375149557464251,2.732256489595729e-07,8.010694736947513e-05,0.018491533088789508,150
Gad1-F-200573,80,59,21,295,59,21,0.0002745892063304877,1.8171905582176273e-07,1.816628859618585e-05,0.004019898497562936,75
Gad1-F-200574,573,204,369,3375,204,369,0.003809205474742038,1.8107769097196304e-05,1.6851934370984923e-05,0.028792522988794533,352
Gad1-F-200575,264,221,43,1843,221,43,0.0038089960120508107,2.659336149576515e-05,6.841836215602913e-05,0.01326566504195769,213
Gad1-F-200576,190,125,65,722,125,65,0.0007052702023970505,4.2778882084138355e-06,2.2526953785455e-05,0.009547258931711974,139
Gad1-F-200577,287,53,234,1624,53,234,0.0006045259088416154,1.2928313984879797e-05,1.321792977676897e-05,0.014421385860007034,202
Gad1-F-200578,84,34,50,550,34,50,0.0003728497376822488,1.025153317196673e-06,1.386783225433101e-05,0.004220893422441084,69
Gad1-F-200579,146,93,53,414,93,53,0.0011030861546988708,1.6752885775067907e-06,1.4876615930875057e-05,0.007336314758052359,131
Gad1-F-200580,260,178,82,1772,178,82,0.00048317010906582706,5.766921617758523e-07,0.0001393717088284542,0.013064670117079544,129
Gad1-F-200581,42,6,36,225,6,36,7.257092731618774e-05,2.628512366398027e-07,1.0131612025933173e-05,0.002110446711220542,42
Gad1-F-200582,425,233,192,3571,233,192,0.011223429714092242,3.8630353555964766e-05,4.1021359274729405e-05,0.0213557107683031,352
Gad1-F-200584,97,36,61,647,36,61,0.0005175555401909066,1.0060139637607636e-05,1.275970984127788e-05,0.004874126928295061,89
Gad1-F-200585,283,99,184,1537,99,184,0.0004325568200315812,5.991827293795828e-07,7.96493475451943e-05,0.014220390935128889,150
Gad1-F-200586,467,246,221,3595,246,221,0.012053215776599274,4.374244359201244e-05,4.396194907987862e-05,0.02346615747952364,352
Gad1-F-200587,314,278,36,1274,278,36,0.0006493604181690358,2.2401169410994565e-07,8.849494709302232e-05,0.015778101602934524,150
Gad1-F-200588,496,170,326,3231,170,326,0.009232238837345147,0.00017290634855656655,2.9860285194119997e-05,0.024923370684890207,352
Gad1-F-200589,251,26,225,1042,26,225,9.777263345508389e-05,4.359548652545472e-08,1.0459268875082825e-05,0.012612431536103714,148
Gad1-F-200590,263,103,160,1267,103,160,0.0003537235423636839,3.141403847434709e-07,5.032314627589679e-05,0.013215416310738155,150
Gad1-F-200591,484,271,213,4490,271,213,0.012252391587832341,0.00013434611523305222,4.752161809197968e-05,0.024320385910255767,352
Gad1-F-200592,303,253,50,1832,253,50,0.0011625569084083164,4.8176659562555695e-06,4.930730844620638e-05,0.015225365559519623,182
Gad1-F-200593,181,92,89,923,92,89,0.0005984285102870038,1.0653291119661355e-06,1.903958902526969e-05,0.009095020350736144,132
Gad1-F-200594,123,83,40,367,83,40,0.00020552033240290552,6.230434372360033e-08,1.807778387202764e-05,0.0061805939400030145,110
Gad1-F-200595,465,212,253,3603,212,253,0.01114851348775248,5.5791992780614473e-05,3.483531082114e-05,0.02336566001708457,352
Gad1-F-200596,468,265,203,3672,265,203,0.014389644795433514,6.828180548106602e-05,5.171844428477822e-05,0.02351640621074318,352
Gad1-F-200597,124,57,67,453,57,67,0.000646261544392275,2.286790254935964e-06,1.1368261432992405e-05,0.006230842671222552,118
Gad1-F-200598,1037,739,298,7628,739,298,0.017675063421524195,4.8793270460575185e-05,0.00010331493395544156,0.05210793427465957,352
Gad1-F-200599,326,65,261,1470,65,261,0.0007430489616883239,1.4197344794987386e-05,1.4454783390666414e-05,0.016381086377568965,211
Gad1-F-200600,130,55,75,552,55,75,0.0004156123082020582,4.18360415591433e-06,1.0293092354651361e-05,0.006532335058539772,97
Gad1-F-200601,102,41,61,709,41,61,0.0003428137901908436,1.070082230243247e-06,1.459252513548652e-05,0.005125370584392744,80
Gad1-F-200602,109,47,62,544,47,62,0.00037186214542133636,2.263962083789685e-06,1.6298953103166023e-05,0.005477111702929501,86
Gad1-F-200603,125,64,61,705,64,61,0.0005966950920219829,2.431783899648694e-06,2.5222447414838468e-05,0.006281091402442088,104
Gad1-F-200604,188,15,173,683,15,173,9.012742347697335e-05,2.5215441681241828e-08,9.737409773973332e-06,0.009446761469272901,139
Gad1-F-200605,495,25,470,4150,25,470,0.0004068209342635225,2.0861342860022424e-06,9.511342010176492e-06,0.024873121953670668,352
Gad1-F-200606,596,317,279,2997,317,279,0.007090766265713814,9.708345035575497e-06,3.075002839373185e-05,0.029948243806843876,352
Gad1-F-200607,304,216,88,1332,216,88,0.0005098529704412133,6.503580334153322e-07,7.527973729954841e-05,0.015275614290739158,150
Gad1-F-200608,14,1,13,49,1,13,1.251021171986627e-06,1.1723535670861322e-09,1.4377607793919838e-05,0.0007034822370735139,14
Gad1-F-200609,455,50,405,1604,50,405,0.001072687192100502,7.57693699078208e-07,1.3644583770539267e-05,0.0228631727048892,296
Gad1-F-200610,430,165,265,2954,165,265,0.0011970156841142176,2.930748257019875e-05,2.8489493689321945e-05,0.021606954424400783,205
Gad1-F-200611,427,217,210,3326,217,210,0.011389468974390077,4.04234949086518e-05,4.000488142511433e-05,0.021456208230742173,352
Gad1-F-200612,269,104,165,1473,104,165,0.00031862783653601064,4.2705533759440663e-07,6.766280601866429e-05,0.013516908698055373,148
Gad1-F-200613,222,34,188,939,34,188,0.0015296445841663066,3.844898956102134e-05,1.0445688333901527e-05,0.01115521833073715,215
Gad1-F-200614,319,113,206,2654,113,206,0.001771050894753401,0.0005730871581133226,1.599875690937166e-05,0.01602934525903221,303
Gad1-F-200615,120,44,76,767,44,76,0.00045394630422667,1.262795227484751e-06,1.2237680204889874e-05,0.006029847746344405,95
Gad1-F-200616,108,18,90,588,18,90,0.00010789396825335811,1.0186521702821321e-07,1.2688445742053595e-05,0.005426862971709964,90
Gad1-F-200617,514,312,202,4428,312,202,0.014648024330697944,8.946444513823248e-05,6.694495709893486e-05,0.02582784784684187,352
Gad1-F-200619,41,18,23,151,18,23,6.473796275586143e-05,8.795539113233653e-08,1.0800298218446866e-05,0.002060197980001005,40
Gad1-F-200620,793,14,779,10027,14,779,0.0008407055067082155,3.761096852787735e-07,8.227705186545474e-06,0.03984724385709261,352
Gad1-F-200621,122,23,99,444,23,99,7.364854191387541e-05,5.6668936477634125e-08,2.113024347915041e-05,0.006130345208783478,99
Gad1-F-200625,412,229,183,2674,229,183,0.011450169452198455,9.972236513880838e-05,3.964112511968584e-05,0.020702477262449122,352
Gad1-F-200626,434,222,212,2960,222,212,0.011834860556553167,5.0972163382112526e-05,3.650165122348612e-05,0.021807949349278932,343
Gad1-F-200627,379,219,160,2404,219,160,0.010380035419669425,6.369166472070942e-05,3.3980691525488886e-05,0.019044269132204413,343
Gad1-F-200628,113,62,51,497,62,51,0.0007389727568236075,9.746343231999498e-07,1.5481034140071703e-05,0.0056781066278076475,102
Gad1-F-200630,304,219,85,1809,219,85,0.0006617792482889257,1.5191727648734956e-06,7.097231942267067e-05,0.015275614290739158,131
Gad1-F-200631,149,49,100,964,49,100,0.00043643002565665537,7.087318151133778e-07,1.3141488883706906e-05,0.007487060951710969,114
Gad1-F-200632,184,178,6,1307,178,6,0.0007892905496469313,2.236963277084113e-06,9.573531550462082e-05,0.009245766544394754,105
Gad1-F-200633,231,145,86,1195,145,86,0.0006351172858671997,4.2673540106629395e-06,2.800360369846704e-05,0.01160745691171298,142
Gad1-F-200634,15,9,6,57,9,6,1.93993440783364e-05,3.602854507750018e-09,1.3668662051140916e-05,0.0007537309682930506,15
Gad1-F-200635,513,288,225,3335,288,225,0.012142569899430071,0.0001944643459854635,4.5849348004916064e-05,0.02577759911562233,352
Gad1-F-200636,14,8,6,30,8,6,2.087539627005482e-05,5.04947750240169e-09,7.975587652167327e-06,0.0007034822370735139,14
Gad1-F-200637,517,127,390,4080,127,390,0.0011273242551980375,9.65433023489861e-06,2.1556418707660217e-05,0.02597859404050048,205
Gad1-F-200638,263,88,175,1402,88,175,0.000340318253354136,4.830155852837818e-07,5.637267198017936e-05,0.013215416310738155,150
Gad1-F-200639,574,242,332,3885,242,332,0.013104161993945354,6.234503629019763e-05,5.32095268574767e-05,0.02884277172001407,352
Gad1-F-200640,70,53,17,318,53,17,0.00025885394071984634,4.09253272445343e-07,2.0371905890064854e-05,0.0035174111853675696,69
Gad1-F-200641,52,24,28,186,24,28,0.00011634521323350576,2.4752030699712346e-07,1.3261806366549536e-05,0.002612934023415909,50
Gad1-F-200643,70,53,17,318,53,17,0.00025885394071984634,4.09253272445343e-07,2.0371905890064854e-05,0.0035174111853675696,69
Gad1-F-200644,400,24,376,2779,24,376,0.00016903211297844396,2.771823358036933e-07,8.06189678709153e-06,0.02009949248781468,205
Gad1-F-200646,68,35,33,213,35,33,0.00021733250640035187,3.2218946707957057e-07,1.408032612358548e-05,0.003416913722928496,65
Gad1-F-200647,35,31,4,76,31,4,6.474470475328138e-05,8.783478275593577e-08,1.2934079793146837e-05,0.0017587055926837848,34
Gad1-F-200648,217,157,60,2308,157,60,0.0006113352452594185,1.0984888595263821e-05,0.00010285364823542243,0.010903974674639466,105
Gad1-F-200649,113,85,28,481,85,28,0.0004764392768470494,6.95801206145754e-07,4.0667670581016085e-05,0.0056781066278076475,85
Gad1-F-200650,254,54,200,1697,54,200,0.0003496893025124569,5.166737904437777e-07,1.1987378977421167e-05,0.012763177729762324,173
Gad1-F-200651,303,198,105,1104,198,105,0.0005629081300326337,6.924426144644726e-07,6.137952281049959e-05,0.015225365559519623,150
Gad1-F-200652,190,84,106,1464,84,106,0.00027517437257870855,5.086913793036024e-07,0.00010070246326774886,0.009547258931711974,132
Gad1-F-200653,155,103,52,879,103,52,0.0008626608625776407,6.109016480429631e-06,3.8735556835494395e-05,0.007788553339028189,132
Gad1-F-200654,167,21,146,646,21,146,0.00023332554278801898,5.270722129892769e-07,1.0339230182136525e-05,0.00839153811366263,167
Gad1-F-200656,520,274,246,5872,274,246,0.014770278687442864,9.596879907975991e-05,6.733142863671003e-05,0.02612934023415909,352
Gad1-F-200657,258,141,117,1922,141,117,0.0005536723477622101,1.113443024114238e-06,7.482545304279175e-05,0.01296417265464047,142
Gad1-F-200659,71,62,9,200,62,9,0.00023660112309439204,1.0252960708633767e-07,2.7013655187636502e-05,0.003567659916587106,66
Gad1-F-200660,20,19,1,57,19,1,4.902232384406731e-05,3.671688360784162e-08,1.2937501071762361e-05,0.001004974624390734,20
Gad1-F-200661,149,16,133,876,16,133,0.0002731462156667324,6.776242734150327e-07,8.302615065778968e-06,0.007487060951710969,128
Gad1-F-200662,241,73,168,964,73,168,0.00027678539289752326,2.1535161930837166e-07,1.994190266506303e-05,0.012109944223908346,148
Gad1-F-200663,539,22,517,3725,22,517,0.00040560422196325144,3.5788530727012697e-07,1.1037302518693569e-05,0.027084066127330286,352
Gad1-F-200664,31,27,4,66,27,4,8.161063139868273e-05,2.494173157487168e-08,1.0165392781390766e-05,0.001557710667805638,31
Gad1-F-200665,421,195,226,1905,195,226,0.0007761669121764831,2.368685736495372e-06,3.612998284598743e-05,0.021154715843424952,186
Gad1-F-200666,104,21,83,350,21,83,0.0006560934919422173,1.25173258729574e-05,1.2597029751854698e-05,0.005225868046831818,104
Gad1-F-200667,51,42,9,119,42,9,0.0010513546560963305,4.908799082844367e-07,1.033336615833799e-05,0.002562685292196372,50
Gad1-F-200668,30,21,9,87,21,9,9.524051831390636e-05,3.6173258324296475e-08,1.2660935457666001e-05,0.0015074619365861013,30
Gad1-F-200670,364,207,157,2067,207,157,0.01136142145881045,4.382526750082604e-05,3.129771093045887e-05,0.018290538163911362,335
Gad1-F-200671,48,40,8,113,40,8,0.00013965085693963823,4.065168950113871e-08,1.4029987214489573e-05,0.002411939098537762,45
Gad1-F-200672,196,158,38,699,158,38,0.00040886383777574876,3.6066298830390657e-07,3.220411916540428e-05,0.009848751319029195,148
Gad1-F-200674,192,73,119,733,73,119,0.00016634636501297435,1.469864085377265e-07,1.7831049879937863e-05,0.009647756394151047,109
Gad1-F-200675,103,40,63,389,40,63,0.0003453602092283203,1.8298543898658646e-07,1.8658707865707927e-05,0.0051756193156122805,85
Gad1-F-200676,474,266,208,3438,266,208,0.004266252640679574,6.395030394906288e-05,5.6380304959396825e-05,0.0238178985980604,231
Gad1-F-200677,560,272,288,3411,272,288,0.010772722575859109,4.763757641928614e-05,3.96175548090671e-05,0.028139289482940557,352
Gad1-F-200678,79,19,60,599,19,60,0.00014020659508223648,3.109831869848091e-07,9.958553398738415e-06,0.0039696497663434,74
Gad1-F-200679,405,218,187,1935,218,187,0.002802883594609385,6.506014540544625e-06,2.779687632860428e-05,0.020350736143912366,214
Gad1-F-200680,376,255,121,3359,255,121,0.0020864937456825335,4.084798700434394e-05,3.791333995345015e-05,0.018893522938545803,211
Gad1-F-200681,618,400,218,5054,400,218,0.0023032632519113037,3.8680241405094146e-05,0.00010980639945829203,0.031053715893673686,203
Gad1-F-200682,98,71,27,388,71,27,0.00013371309467630611,4.3904860153722494e-07,2.836222282880443e-05,0.004924375659514597,81
Gad1-F-200683,296,177,119,1563,177,119,0.0020824778890656008,8.384128504933305e-05,4.059636687102596e-05,0.014873624440982865,163
Gad1-F-200684,98,50,48,470,50,48,0.00013946832937095552,4.2937538529372317e-07,2.2432432715240766e-05,0.004924375659514597,79
Gad1-F-200685,101,52,49,716,52,49,0.00047413572838690297,2.3910153961263833e-06,1.3419733892208053e-05,0.005075121853173208,92
Gad1-F-200686,303,68,235,1817,68,235,0.0003233455582211115,7.765761302727605e-07,1.0603994796655392e-05,0.015225365559519623,211
Gad1-F-200687,141,84,57,593,84,57,0.000710355906245871,1.5590234626330468e-05,1.4098806140972121e-05,0.007085071101954676,120
Gad1-F-200688,238,82,156,1225,82,156,0.0003106961146384035,4.7240652789717077e-07,4.035445973382419e-05,0.011959198030249736,140
Gad1-F-200689,182,113,69,800,113,69,0.00048755936128137443,3.470628877964544e-06,1.8673937202505854e-05,0.009145269081955681,146
Gad1-F-200690,40,36,4,110,36,4,0.0006669622494843071,6.085020082970894e-06,1.1859891797457762e-05,0.002009949248781468,39
Gad1-F-200691,215,157,58,1434,157,58,0.0005062186159287664,1.3915882615862887e-06,6.938278774939217e-05,0.010803477212200392,135
Gad1-F-200692,184,87,97,1304,87,97,0.0003739822194359984,4.962739914593696e-07,6.420872857870524e-05,0.009245766544394754,110
Gad1-F-200693,231,132,99,1058,132,99,0.00028463613057956594,2.788723870821293e-07,4.545207102106807e-05,0.01160745691171298,140
Gad1-F-200695,262,59,203,973,59,203,0.00036944144434077064,3.2232615882868567e-07,1.3470250783357397e-05,0.013165167579518617,191
Gad1-F-200696,124,89,35,573,89,35,0.0008399973400394527,2.4498776992453716e-06,2.6112350939924466e-05,0.006230842671222552,110
Gad1-F-200697,163,146,17,1011,146,17,0.0009547003015772399,2.7754492818367043e-06,3.761673805833545e-05,0.008190543188784483,131
Gad1-F-200698,394,202,192,3009,202,192,0.01221591581328062,8.99473061001535e-05,3.997381783784154e-05,0.019798000100497464,348
Gad1-F-200699,112,53,59,439,53,59,0.00017603008046973808,1.869662103428869e-07,1.2261765153273454e-05,0.005627857896588111,98
Gad1-F-200700,1103,836,267,7167,836,267,0.016640006796857856,1.5335133077710396e-05,8.837046696781153e-05,0.055424350535148985,352
Gad1-F-200702,139,79,60,618,79,60,0.00044559642078473446,1.1297158626871505e-06,1.6729403623192684e-05,0.006984573639515602,118
Gad1-F-200703,107,73,34,408,73,34,0.00028988054530676514,2.10144023634045e-07,2.287994455853628e-05,0.005376614240490428,80
Gad1-F-200705,402,221,181,3003,221,181,0.011301389790292354,6.885692976622001e-05,3.884437009906364e-05,0.020199989950253756,348
Gad1-F-200706,298,83,215,2285,83,215,0.004678541836173096,4.57790912181038e-06,1.5980742559159302e-05,0.014974121903421938,282
Gad1-F-200707,281,249,32,1218,249,32,0.0003648096666994944,2.389025277891772e-07,6.323856795491988e-05,0.014119893472689814,148
Gad1-F-200708,305,63,242,1929,63,242,0.0005789678005751084,2.1369967340272254e-05,1.3889471602559967e-05,0.015325863021958696,186
Gad1-F-200709,146,89,57,872,89,57,0.0002506316208412191,2.415477676570722e-07,4.159232247702021e-05,0.007336314758052359,119
Gad1-F-200710,112,64,48,527,64,48,0.0005000168266172367,1.6961087557996553e-06,1.6191878053172564e-05,0.005627857896588111,100
Gad1-F-200711,274,126,148,1215,126,148,0.0005476127520921665,1.679605007513797e-06,1.7796055395185902e-05,0.013768152354153058,186
Gad1-F-200712,13,1,12,30,1,12,7.153066765367165e-06,3.750103610813097e-09,7.632604239388854e-06,0.0006532335058539772,13
Gad1-F-200713,440,177,263,3204,177,263,0.0035174018873194305,1.9161178797454545e-05,2.5166297259792315e-05,0.022109441736596153,352
Gad1-F-200714,129,69,60,629,69,60,0.0007394424352275763,1.4972432153364057e-06,1.534010930175021e-05,0.006482086327320235,107
Gad1-F-200715,83,45,38,274,45,38,0.00011822852633106683,1.2151484935125018e-07,1.8772425379986805e-05,0.004170644691221546,79
Gad1-F-200716,96,73,23,377,73,23,0.0003682331884582846,1.8524679600744681e-07,2.190578142212594e-05,0.004823878197075524,89
Gad1-F-200717,48,37,11,184,37,11,0.00014389488685238581,4.0234656301515935e-08,1.9480973477007788e-05,0.002411939098537762,46
Gad1-F-200718,259,154,105,1386,154,105,0.001492011142495919,1.616126046781602e-05,3.551905910087593e-05,0.013014421385860007,213
Gad1-F-200719,583,333,250,4749,333,250,0.004633474766759231,0.0038846540439078994,3.166947031969905e-05,0.0292950103009899,348
Gad1-F-200720,29,18,11,79,18,11,2.9677885780674345e-05,8.81627579894316e-09,1.2274575435889908e-05,0.0014572132053665644,28
Gad1-F-200722,201,110,91,1442,110,91,0.00040123901925605233,9.58645152378711e-07,6.112615680239577e-05,0.010099994975126878,131
Gad1-F-200723,76,45,31,261,45,31,0.00021512858109221496,3.2447677072058476e-08,1.6883906393319538e-05,0.0038189035726847896,71
Gad1-F-200725,146,73,73,659,73,73,0.00045030732791850794,1.922174034389303e-06,1.1013234234957932e-05,0.007336314758052359,118
Gad1-F-200726,384,49,335,1750,49,335,0.0010752061287600332,2.6727353016798275e-05,1.979046680162949e-05,0.019295512788302095,268
Gad1-F-200727,29,2,27,93,2,27,4.798837909369835e-06,4.102165131907534e-09,7.628045268754781e-06,0.0014572132053665644,28
Gad1-F-200729,27,6,21,114,6,21,4.372786949730145e-06,1.2557892129317804e-09,1.0576184186278554e-05,0.001356715742927491,24
Gad1-F-200731,36,28,8,110,28,8,0.000181908775502105,1.2252165050097165e-07,1.2819979425452274e-05,0.0018089543239033215,34
Gad1-F-200732,395,330,65,1846,330,65,0.006638919953115695,6.063997845549842e-06,3.2028552790780814e-05,0.019848248831717,241
Gad1-F-200735,166,59,107,626,59,107,0.0003071628506571878,1.0689276091444222e-06,1.0619033341103151e-05,0.008341289382443093,161
Gad1-F-200736,50,36,14,202,36,14,0.00011387590444148098,3.561479333863361e-08,1.6937742230744294e-05,0.002512436560976835,47
Gad1-F-200738,494,108,386,3659,108,386,0.0009133058194738753,2.4568828062466675e-05,1.810932040771974e-05,0.024822873222451133,211
Gad1-F-200739,139,59,80,911,59,80,0.0005399277296417609,2.1090084420053253e-06,1.7684667098746596e-05,0.006984573639515602,103
Gad1-F-200740,83,44,39,267,44,39,0.00013156451260613484,1.2042607600665422e-07,1.997487404313396e-05,0.004170644691221546,78
Gad1-F-200742,23,4,19,67,4,19,9.998364593970281e-06,6.48925184146951e-09,1.6179223931837942e-05,0.0011557208180493442,21
Gad1-F-200745,55,36,19,161,36,19,0.00015481979674747339,7.707102288756956e-08,1.0971733285286066e-05,0.002763680217074519,51
Gad1-F-200746,78,51,27,265,51,27,0.0004682735491621346,3.0454284493107754e-06,2.0831416050714816e-05,0.003919401035123863,73
Gad1-F-200748,90,54,36,359,54,36,0.0006649304237444722,3.4552329874608625e-06,1.745713239204039e-05,0.004522385809758303,82
Gad1-F-200750,78,56,22,343,56,22,0.00013013629352776575,1.7670330077780764e-07,1.7514665520362536e-05,0.003919401035123863,71
Gad1-F-200751,115,34,81,801,34,81,9.280907996787653e-05,4.7790888706396585e-08,1.7848349929535543e-05,0.005778604090246721,93
Gad1-F-200752,234,160,74,1217,160,74,0.002483464003509101,1.624854349850682e-05,7.3002939301415e-05,0.01175820310537159,163
Gad1-F-200753,58,34,24,166,34,24,0.00013111744772786705,4.3481922545457355e-08,1.2231535845470272e-05,0.002914426410733129,57
Gad1-F-200754,96,49,47,439,49,47,0.00011815878549048193,1.1008847370349586e-07,2.012611010481167e-05,0.004823878197075524,78
Gad1-F-200755,5,3,2,19,3,2,1.94815770276445e-06,1.1639485434255405e-10,8.678779811252271e-06,0.0002512436560976835,5
Gad1-F-200756,81,43,38,399,43,38,0.0002396217142325144,9.112000947598613e-07,2.5162070701645074e-05,0.0040701472287824735,71
Gad1-F-200757,83,60,23,238,60,23,0.0013519693672352099,1.0275303820248085e-05,1.1572067440676855e-05,0.004170644691221546,83
Gad1-F-200758,28,24,4,71,24,4,9.11482961176672e-05,1.0117608530351113e-07,1.9692592338524073e-05,0.0014069644741470278,26
Gad1-F-200759,214,52,162,1159,52,162,0.0001719408311353883,3.3306952664679847e-07,3.0170911126754543e-05,0.010753228480980856,112
Gad1-F-200760,45,16,29,188,16,29,3.348333681125257e-05,9.504450760761745e-09,1.243044784477134e-05,0.0022611929048791516,38
Gad1-F-200761,20,13,7,54,13,7,5.187144078848832e-05,1.961705696751404e-08,9.96046581731262e-06,0.001004974624390734,20
Gad1-F-200762,167,128,39,481,128,39,0.0021898260931853724,2.014145394420305e-05,1.5254121418236637e-05,0.00839153811366263,142
Gad1-F-200764,430,252,178,3033,252,178,0.012248723421524645,9.066710880700085e-05,5.548972290836739e-05,0.021606954424400783,352
Gad1-F-200766,13,6,7,37,6,7,5.3424451235350424e-05,6.080825172036413e-09,8.301311779756706e-06,0.0006532335058539772,13
Gad1-F-200767,28,24,4,82,24,4,8.345858598985577e-05,3.9304679254772635e-08,1.5099957414911043e-05,0.0014069644741470278,28
Gad1-F-200768,305,265,40,1315,265,40,0.0004286513935089567,2.43884903741997e-07,7.627207348625937e-05,0.015325863021958696,148
Gad1-F-200769,74,42,32,279,42,32,0.00011069935893101085,1.2098300700939472e-07,1.3718962034657964e-05,0.0037184061102457163,70
Gad1-F-200770,79,55,24,238,55,24,0.0001688370696771538,1.2818792222378078e-07,2.8653911117807074e-05,0.0039696497663434,73
Gad1-F-200771,13,11,2,45,11,2,3.927646354068213e-05,3.2696537772517864e-08,1.398334908671353e-05,0.0006532335058539772,12
Gad1-F-200773,391,123,268,2024,123,268,0.0013254455568397759,1.3842085200915954e-05,2.0572099536166533e-05,0.019647253906838854,205
Gad1-F-200774,43,35,8,111,35,8,0.00011399131954034221,4.63627784069832e-06,8.364623253888401e-06,0.0021606954424400783,43
Gad1-F-200775,86,49,37,385,49,37,0.0005611400136022795,1.2882651374450344e-06,1.1610653649479404e-05,0.004321390884880157,79
Gad1-F-200776,230,125,105,1154,125,105,0.0014916895578005634,1.321458668408891e-05,3.9740122083773865e-05,0.011557208180493442,145
Gad1-F-200777,36,17,19,77,17,19,5.8797963048832195e-05,2.1054230619610433e-08,9.909701077416423e-06,0.0018089543239033215,35
Gad1-F-200778,738,108,630,3151,108,630,0.0015027939742923353,7.946011680168502e-06,1.3281649172566923e-05,0.03708356364001809,352
Gad1-F-200779,15,9,6,63,9,6,1.3433672410365462e-05,2.7121342293452727e-09,1.253880409565365e-05,0.0007537309682930506,15
Gad1-F-200780,88,53,35,654,53,35,0.0004662851758143929,1.547484522761931e-06,1.6044449933687863e-05,0.00442188834731923,78
Gad1-F-200781,73,38,35,441,38,35,0.00012021181302682362,1.9627191658470063e-07,1.65936522458605e-05,0.0036681573790261794,67
Gad1-F-200783,5,4,1,7,4,1,1.1213858071176175e-05,2.4768003773072082e-09,8.31257938896538e-06,0.0002512436560976835,5
Gad1-F-200784,561,204,357,2868,204,357,0.008239511708248794,5.1664865665610584e-05,2.8543461501778603e-05,0.028189538214160093,352
Gad1-F-200785,47,46,1,185,46,1,0.00019832600985397045,7.828776407949236e-08,2.2006880241967683e-05,0.0023616903673182254,47
Gad1-F-200786,50,24,26,130,24,26,9.612596094660247e-05,1.76087678304904e-07,1.2187375241782439e-05,0.002512436560976835,50
Gad1-F-200787,33,24,9,122,24,9,4.3588432869557395e-05,4.261262728490697e-08,1.789016047354425e-05,0.0016582081302447113,32
Gad1-F-200789,37,12,25,211,12,25,4.01903719411551e-05,9.317806757785116e-09,1.0171434315721831e-05,0.0018592030551228581,35
Gad1-F-200791,216,60,156,1323,60,156,0.0005897682578723738,8.113228101978808e-06,2.7138224699873136e-05,0.010853725943419929,134
Gad1-F-200792,58,52,6,196,52,6,0.00012164898471374297,2.841341149634935e-07,1.8517597926783168e-05,0.002914426410733129,58
Gad1-F-200793,312,134,178,1663,134,178,0.003947841321916229,1.8898024096627784e-05,2.7265547396206807e-05,0.015677604140495453,209
Gad1-F-200795,129,66,63,581,66,63,0.0008722064258118996,2.565807157102404e-06,1.5905494214405898e-05,0.006482086327320235,107
Gad1-F-200796,198,42,156,844,42,156,0.0001983906990554144,6.046233027647042e-08,1.955446940979493e-05,0.009949248781468268,123
Gad1-F-200797,83,72,11,218,72,11,0.0012626207800145563,1.3004491627215273e-06,1.2827657398693123e-05,0.004170644691221546,83
Gad1-F-200798,4,3,1,12,3,1,2.0693861538480914e-06,2.769399297194791e-10,8.99352200983644e-06,0.00020099492487814683,4
Gad1-F-200799,70,36,34,247,36,34,0.0001550580517116717,1.7207197853699568e-07,1.2511440985508112e-05,0.0035174111853675696,69
Gad1-F-200800,51,31,20,210,31,20,0.0003632823576083592,5.092339521497559e-07,1.0683763701268241e-05,0.002562685292196372,48
Gad1-F-300000,138,77,61,359,77,61,0.0009500703644841823,1.3379844373824834e-06,1.1132654271316363e-05,0.0069343249082960655,132
Gad1-F-300001,123,54,69,432,54,69,0.0004052719767084806,1.06883703514802e-06,9.750987837492137e-06,0.0061805939400030145,118
Gad1-F-300002,244,139,105,1157,139,105,0.00396196488940475,8.144583476147003e-05,2.4796207731380824e-05,0.012260690417566956,187
Gad1-F-300003,126,24,102,633,24,102,0.00027373554940035593,1.9901387509518045e-06,9.872373273781276e-06,0.006331340133661625,89
Gad1-F-300004,113,57,56,492,57,56,0.0004743311760252262,6.230009085664317e-07,1.277889910073599e-05,0.0056781066278076475,112
Gad1-F-300005,130,102,28,691,102,28,0.0005031106927099717,2.1785226935160375e-06,1.2456358149370521e-05,0.006532335058539772,129
Gad1-F-300006,472,251,221,2146,251,221,0.012679175714766924,4.6276082710906634e-05,3.8468993280698555e-05,0.023717401135621326,294
Gad1-F-300007,139,86,53,331,86,53,0.0016428481823779185,8.440566795786346e-06,1.1529764218223105e-05,0.006984573639515602,131
Gad1-F-300008,119,96,23,466,96,23,0.0009616482081208191,2.5632855928069928e-06,1.8544324401429697e-05,0.005979599015124868,116
Gad1-F-300009,80,34,46,210,34,46,0.00025815448658641485,7.732358868582191e-06,8.700081029160972e-06,0.004019898497562936,80
Gad1-F-300010,136,119,17,560,119,17,0.002971315798715675,3.8432384297452104e-05,1.60773234970661e-05,0.006833827445856992,128
Gad1-F-300011,276,145,131,1725,145,131,0.002176603934938533,0.00011621727203123383,2.2565198807794962e-05,0.013868649816592131,205
Gad1-F-300012,18,10,8,84,10,8,0.00014081586666798,1.3563047796736209e-06,8.116085107944053e-06,0.0009044771619516607,18
Gad1-F-300014,71,48,23,177,48,23,0.0006049904856799354,1.238035026284266e-06,9.515421481113963e-06,0.003567659916587106,71
Gad1-F-300015,216,175,41,1040,175,41,0.0014647303060786807,1.3732713247817827e-05,2.0731787694667212e-05,0.010853725943419929,202
Gad1-F-300016,126,72,54,449,72,54,0.0002444464891384048,3.421290405825034e-07,2.4126880779101958e-05,0.006331340133661625,89
Gad1-F-300017,216,213,3,597,213,3,0.002458030110823825,1.0370570684890668e-05,5.047352240157968e-05,0.010853725943419929,131
Gad1-F-300018,155,109,46,462,109,46,0.0024685946555773513,3.32400484354013e-05,1.2992870525483696e-05,0.007788553339028189,143
Gad1-F-300019,132,73,59,446,73,59,0.0015100365965558134,2.6861598935249702e-05,1.1120433560397101e-05,0.006632832520978845,117
Gad1-F-300020,416,135,281,1974,135,281,0.0021847948121922218,3.952471692178551e-06,1.72711425289165e-05,0.02090347218732727,209
Gad1-F-300021,533,217,316,4510,217,316,0.006140840935938464,0.00023439669922059041,5.294853637449792e-05,0.026782573740013065,241
Gad1-F-300022,162,126,36,724,126,36,0.0003895545495788371,6.052448141849547e-07,3.3839159301720916e-05,0.008140294457564947,135
Gad1-F-300023,111,64,47,331,64,47,0.00082513654578074,1.050649235267945e-05,1.0906332111223546e-05,0.005577609165368575,110
Gad1-F-300024,195,33,162,548,33,162,0.0001599029727991757,2.9281368470706177e-07,8.293099770089698e-06,0.009798502587809657,131
Gad1-F-300025,82,2,80,292,2,80,2.5321841308215497e-05,2.6902709101131343e-08,7.569140923157009e-06,0.00412039596000201,80
Gad1-F-300026,103,90,13,343,90,13,0.0009318926250478659,1.935775288060207e-06,1.1377995791759648e-05,0.0051756193156122805,102
Gad1-F-300027,403,231,172,2082,231,172,0.010597262719370363,3.732656946101603e-05,2.7676984994084087e-05,0.02025023868147329,349
Gad1-F-300028,98,74,24,398,74,24,0.0006806439295835138,1.3158516728271703e-05,1.2412612698001417e-05,0.004924375659514597,98
Gad1-F-300029,381,235,146,1919,235,146,0.010710845963861144,5.457984283923711e-05,3.0131119083208064e-05,0.019144766594643484,330
Gad1-F-300030,47,38,9,154,38,9,0.00043760868065567795,1.4742093824925884e-06,8.568638690272463e-06,0.0023616903673182254,47
Gad1-F-300031,23,20,3,54,20,3,4.154581484175971e-05,1.8213302243905307e-08,1.0855158160605765e-05,0.0011557208180493442,22
Gad1-F-300033,246,221,25,953,221,25,0.00044625267451091924,4.6500438047178777e-07,4.908554676941839e-05,0.012361187880006029,150
Gad1-F-300034,199,138,61,557,138,61,0.0029495993105245837,1.503232011375602e-05,1.5280603880862e-05,0.009999497512687805,151
Gad1-F-300035,417,157,260,2017,157,260,0.0016208403609835498,4.051828448752774e-06,2.9233245672084482e-05,0.020953720918546807,186
Gad1-F-300036,349,152,197,1356,152,197,0.002149358162498094,0.000939591828481569,1.3180890459212428e-05,0.01753680719561831,254
Gad1-F-300038,369,111,258,1678,111,258,0.0007428568105135289,6.561488793446421e-05,2.302865037094706e-05,0.018541781820009044,205
Gad1-F-300040,946,19,927,8332,19,927,0.0009054695693283121,2.0563315312564407e-07,8.228130260033948e-06,0.04753529973368172,352
Gad1-F-300041,64,27,37,156,27,37,0.00022624147821096813,4.4176671821232397e-07,8.684903637449024e-06,0.0032159187980503492,64
Gad1-F-300042,251,233,18,909,233,18,0.004561328060974745,6.733761770797849e-05,2.9757729847034252e-05,0.012612431536103714,163
Gad1-F-300043,103,63,40,311,63,40,0.0011886247467509754,1.0497478850449656e-06,1.1426159539941315e-05,0.0051756193156122805,101
Gad1-F-300044,622,241,381,9530,241,381,0.0032165237637161656,0.002377715232771855,3.5191203693335496e-05,0.03125471081855183,348
Gad1-F-300045,271,205,66,1431,205,66,0.0029650835357901847,1.3766331930965578e-05,8.56304004548012e-05,0.013617406160494448,209
Gad1-F-300046,164,24,140,466,24,140,0.0004264168610056116,3.79794925088782e-05,1.2118790915889222e-05,0.00824079192000402,163
Gad1-F-300047,100,69,31,312,69,31,0.0012667999886181135,1.9640824482417053e-06,1.2101969324521072e-05,0.00502487312195367,94
Gad1-F-300048,512,338,174,2862,338,174,0.004715991505363681,0.0020160438501817795,6.780102842677105e-05,0.025727350384402794,346
Gad1-F-300050,162,47,115,617,47,115,0.00017351169216146627,1.2081529598453977e-07,2.491922936792994e-05,0.008140294457564947,133
Gad1-F-300052,254,116,138,1404,116,138,0.0008980249407618678,8.323326914104124e-06,2.253836618543813e-05,0.012763177729762324,186
Gad1-F-300054,181,121,60,665,121,60,0.00035099813015739,2.6179493588226954e-07,2.4361878064724597e-05,0.009095020350736144,141
Gad1-F-300055,74,27,47,280,27,47,0.00026340570269996286,7.126290036607394e-07,9.221488542320375e-06,0.0037184061102457163,72
Gad1-F-300056,482,123,359,1549,123,359,0.0021962243025630966,7.055986258307709e-06,3.2985676150866223e-05,0.024219888447816692,331
Gad1-F-300057,358,196,162,2102,196,162,0.01004497469966711,1.0817226619595929e-05,2.5732697698304055e-05,0.017989045776594142,332
Gad1-F-300058,240,135,105,1055,135,105,0.0012529160675141472,8.800985095897226e-06,2.1763171908472793e-05,0.01205969549268881,205
Gad1-F-300059,304,188,116,1871,188,116,0.0037928308010157876,0.00019833865362158857,8.395588887952565e-05,0.015275614290739158,231
Gad1-F-300060,257,132,125,1763,132,125,0.0005891224214747993,1.2598792052360343e-06,3.0134028891445165e-05,0.012913923923420934,150
Gad1-F-300061,62,34,28,197,34,28,0.00041368858553727015,2.044898536188896e-07,1.4720916725314964e-05,0.003115421335611276,60
Gad1-F-300062,165,88,77,894,88,77,0.00036972283239178675,5.849493688363441e-07,3.187583238593095e-05,0.008291040651223557,119
Gad1-F-300063,522,189,333,3895,189,333,0.004159867569775178,1.3658551692103509e-05,2.4189196411479998e-05,0.02622983769659816,352
Gad1-F-300064,266,233,33,1232,233,33,0.00433469524751464,2.3977712466194282e-06,2.149749857968932e-05,0.013366162504396765,239
Gad1-F-300065,121,85,36,283,85,36,0.0010126063547012721,1.3857596454267763e-06,1.1906714602651529e-05,0.006080096477563942,117
Gad1-F-300066,412,246,166,3067,246,166,0.011554415397325534,3.6596681651063604e-05,3.360920853170533e-05,0.020702477262449122,352
Gad1-F-300067,117,56,61,600,56,61,0.00023476637407498347,2.8246101218369034e-07,2.7806994114708787e-05,0.005879101552685795,104
Gad1-F-300068,35,23,12,110,23,12,9.187365652955119e-05,1.3197336458588334e-06,8.75768072803524e-06,0.0017587055926837848,35
Gad1-F-300069,239,48,191,728,48,191,0.0003532218109276787,9.214093696514833e-06,9.832939625652164e-06,0.012009446761469273,143
Gad1-F-300070,28,20,8,86,20,8,4.927346108054224e-05,1.305001930871107e-08,1.349874574378761e-05,0.0014069644741470278,27
Gad1-F-300071,194,61,133,703,61,133,0.006073800799495284,2.61075507757022e-06,1.2444604850588368e-05,0.009748253856590122,156
Gad1-F-300072,437,242,195,1681,242,195,0.003874094022855817,1.658107420520428e-05,7.447928843115227e-05,0.021958695542937542,287
Gad1-F-300073,543,439,104,3793,439,104,0.005384636430277853,0.004928972509314347,4.631027916036486e-05,0.02728506105220843,348
Gad1-F-300075,118,77,41,311,77,41,0.0008123390815378,8.123050967483589e-07,1.0534969085001964e-05,0.0059293502839053314,117
Gad1-F-300077,107,61,46,443,61,46,0.00024343483320231284,1.9613008811160765e-07,2.2966542048513855e-05,0.005376614240490428,98
Gad1-F-300078,116,83,33,395,83,33,0.0010277045865406107,4.9472514894372456e-05,1.2014240389817895e-05,0.005828852821466258,112
Gad1-F-300079,13,7,6,36,7,6,5.3792724204073405e-06,1.7193990378244322e-09,1.0442814045625463e-05,0.0006532335058539772,12
Gad1-F-300081,133,25,108,915,25,108,2.0595504587606255e-05,7.526167219684754e-09,1.9801150238606965e-05,0.006683081252198382,94
Gad1-F-300083,49,30,19,157,30,19,3.935864405426801e-05,2.1603394865444735e-08,1.6005219888099977e-05,0.0024621878297572987,48
Gad1-F-300084,215,48,167,931,48,167,0.0003807753560940479,5.275132137276056e-07,1.0274200565221908e-05,0.010803477212200392,179
Gad1-F-300085,720,136,584,3194,136,584,0.001838250563816403,8.932570413412912e-06,1.3106221803969624e-05,0.036179086478066426,352
Gad1-F-300086,359,78,281,2541,78,281,0.000553796387464366,1.7090876972168553e-06,5.56243239148705e-05,0.018039294507813677,148
Gad1-F-300087,130,68,62,454,68,62,0.0009174752142425524,1.0045623859057426e-05,1.1142179032631144e-05,0.006532335058539772,123
Gad1-F-300088,141,82,59,1423,82,59,0.00022634602154717492,1.954141535429344e-06,4.974194597287119e-05,0.007085071101954676,94
Gad1-F-300089,98,83,15,300,83,15,0.0006619640990424444,1.5266525956638043e-06,1.0756905285511272e-05,0.004924375659514597,97
Gad1-F-300090,228,222,6,741,222,6,0.003771982009936095,8.000277642008137e-05,4.2997490904521896e-05,0.01145671071805437,146
Gad1-F-300091,230,141,89,1811,141,89,0.0005858895768150392,2.491511569172435e-06,1.674419790834922e-05,0.011557208180493442,210
Gad1-F-300092,63,54,9,185,54,9,0.0002361259977146962,2.5621983420663603e-06,9.113637643575928e-06,0.0031656700668308124,63
Gad1-F-300093,14,6,8,46,6,8,2.3173252060480124e-05,1.0857028974868794e-08,9.485809082013827e-06,0.0007034822370735139,14
Gad1-F-300094,104,52,52,309,52,52,0.0005020185959216563,1.2014582648234526e-05,1.313132257842001e-05,0.005225868046831818,102
Gad1-F-300095,229,69,160,885,69,160,0.00025050129089740825,2.865126663576911e-07,2.8887719471981662e-05,0.011506959449273905,150
Gad1-F-300096,60,9,51,168,9,51,2.8393880568600727e-05,1.1332831355156151e-06,7.734081303640411e-06,0.0030149238731722026,60
Gad1-F-300097,215,170,45,695,170,45,0.0056019986502510105,0.00016507640568852024,2.6922381245106103e-05,0.010803477212200392,182
Gad1-F-300098,1641,1464,177,10536,1464,177,0.03154029459663093,6.106422955410905e-05,0.00012801637687351655,0.08245816793125973,352
Gad1-F-300099,265,86,179,1167,86,179,0.006556944703764884,1.9351065411377573e-05,1.3512384317287326e-05,0.013315913773177228,259
Gad1-F-300101,96,72,24,427,72,24,0.00022681363232927214,2.5365612775651476e-07,3.0279425735362636e-05,0.004823878197075524,85
Gad1-F-300102,578,126,452,2243,126,452,0.004157121665980474,8.403854887600196e-06,1.7888917521864128e-05,0.029043766644892218,352
Gad1-F-300103,245,31,214,652,31,214,0.00018879764567543734,2.3814629598461654e-07,8.232573128200909e-06,0.012310939148786493,149
Gad1-F-300104,209,182,27,813,182,27,0.00030632812852681855,1.2223756412968788e-07,4.9624081959936015e-05,0.010501984824883171,150
Gad1-F-300105,735,452,283,3323,452,283,0.009635161608353662,7.966189041387661e-06,3.20971366361902e-05,0.03693281744635948,352
Gad1-F-300106,160,18,142,479,18,142,5.104258217358703e-05,9.055033998879345e-06,8.228014633737284e-06,0.008039796995125872,135
Gad1-F-300107,151,125,26,535,125,26,0.004106796054208859,0.0001048419768240075,2.087748635772647e-05,0.007587558414150043,142
Gad1-F-300109,263,214,49,1145,214,49,0.00036944532656638053,2.5221690012167284e-07,6.199105637110899e-05,0.013215416310738155,148
Gad1-F-300110,156,88,68,380,88,68,0.0020329038850430015,1.176995008741586e-06,1.2026882377593143e-05,0.007838802070247727,129
Gad1-F-300111,441,254,187,3517,254,187,0.013993137265743739,6.174397471247986e-05,4.8215646628531405e-05,0.022159690467815688,352
Gad1-F-300112,196,7,189,544,7,189,2.4929962855757766e-05,1.9504776469215427e-07,7.87046553003672e-06,0.009848751319029195,130
Gad1-F-300113,583,146,437,3279,146,437,0.0014113344907354397,1.6439711665153755e-05,2.780487128279983e-05,0.0292950103009899,229
Gad1-F-300114,115,75,40,399,75,40,0.0006228482132508964,6.596112152104843e-07,1.2145254978158707e-05,0.005778604090246721,113
Gad1-F-300115,287,279,8,924,279,8,0.0080580412669139,2.2559226852482588e-05,2.5192419076348092e-05,0.014421385860007034,270
Gad1-F-300116,380,111,269,2694,111,269,0.0014733643956202065,4.060609585227144e-05,2.138891243110645e-05,0.01909451786342395,294
Gad1-F-300117,108,66,42,269,66,42,0.0009651694447341319,5.071980929105079e-06,9.739064303561778e-06,0.005426862971709964,107
Gad1-F-300118,295,214,81,2343,214,81,0.0003830321052784958,9.905350174852245e-07,0.00023821576223011467,0.014823375709763328,99
Gad1-F-300119,57,47,10,151,47,10,0.00035833692828191304,2.6051801758130697e-06,9.258314133180494e-06,0.0028641776795135924,57
Gad1-F-300120,342,268,74,1484,268,74,0.003172750491074883,3.343389475849922e-05,3.619634845758385e-05,0.017185066077081555,231
Gad1-F-300121,97,70,27,259,70,27,0.0014577736633983702,1.2148090786188434e-05,1.6888014232213635e-05,0.004874126928295061,93
Gad1-F-300122,407,234,173,1858,234,173,0.003985780195883775,0.0004611913293042974,5.905970510600081e-05,0.02045123360635144,235
Gad1-F-300123,451,156,295,2838,156,295,0.0033664164235680076,3.8585117496998436e-05,2.22424044155426e-05,0.022662177780011054,352
Gad1-F-300125,134,76,58,570,76,58,0.00047658599442914755,5.45176225048388e-06,1.427482911138404e-05,0.006733329983417919,109
Gad1-F-300126,24,18,6,65,18,6,3.296249754401466e-05,3.1301782366853314e-09,1.170375023899621e-05,0.001205969549268881,24
Gad1-F-300127,144,91,53,502,91,53,0.0006037499529816544,6.715395503314997e-06,1.4380879029322743e-05,0.007235817295613286,120
Gad1-F-300129,858,339,519,7489,339,519,0.009016939632203591,0.00036197639219214244,8.543682814172609e-05,0.043113411386362495,266
Gad1-F-300131,433,253,180,3189,253,180,0.01436046948670069,7.915485704090378e-05,4.6808643188880895e-05,0.021757700618059393,352
Gad1-F-300132,465,141,324,3550,141,324,0.0025226901330724248,1.5545754732312272e-05,1.855758963596407e-05,0.02336566001708457,352
Gad1-F-300133,14,10,4,59,10,4,4.262874638490773e-05,9.428348461340123e-08,1.226795943101945e-05,0.0007034822370735139,14
Gad1-F-300134,420,250,170,2706,250,170,0.01345004854960281,8.556174228254626e-05,4.258978505627532e-05,0.021104467112205417,347
Gad1-F-300135,438,99,339,2101,99,339,0.0009350695694635933,4.1992523840420635e-06,1.6554376498636383e-05,0.022008944274157078,205
Gad1-F-300136,135,59,76,687,59,76,0.0009152727818199396,8.222090530324311e-06,2.0492338762807936e-05,0.006783578714637455,97
Gad1-F-300137,691,467,224,7357,467,224,0.006313819663036771,0.005068091036579392,0.0001159003686577747,0.03472187327269986,348
Gad1-F-300138,292,38,254,845,38,254,0.00024890442413346315,2.9269716764453237e-07,9.151599685728016e-06,0.014672629516104718,163
Gad1-F-300139,75,56,19,351,56,19,0.00010299547411393028,9.100384950267291e-08,3.485073560769993e-05,0.003768654841465253,71
Gad1-F-300140,164,33,131,554,33,131,0.00020454940265046117,9.609099533667593e-08,1.4182909763562369e-05,0.00824079192000402,138
Gad1-F-300141,456,306,150,3203,306,150,0.004464766267563314,7.177638838774067e-05,0.00015694753938011913,0.02291342143610874,287
Gad1-F-300142,84,62,22,380,62,22,0.00020303428056195057,1.6578370297610934e-07,5.11437966891816e-05,0.004220893422441084,72
Gad1-F-300143,385,113,272,1991,113,272,0.00120511566143732,0.00019906472069939604,3.6104023196797814e-05,0.019345761519521634,228
Gad1-F-300144,191,146,45,956,146,45,0.0012289791906224283,8.316380288224083e-06,2.13109163025715e-05,0.009597507662931512,175
Gad1-F-300145,94,45,49,270,45,49,0.0009514664740298156,1.6080743285476262e-06,1.0159188203390557e-05,0.004723380734636451,94
Gad1-F-300146,101,66,35,505,66,35,0.0002810112810796294,4.122393896388269e-07,2.631338062489023e-05,0.005075121853173208,82
Gad1-F-300147,371,210,161,2697,210,161,0.012394298193089227,4.2169592863477646e-05,3.2480220909979925e-05,0.018642279282448118,341
Gad1-F-300148,415,96,319,3392,96,319,0.0006929020823884624,6.938018440742315e-06,1.44969414071295e-05,0.020853223456107732,205
Gad1-F-300149,693,110,583,4046,110,583,0.0014092779066153895,4.82176612709377e-06,1.4219416768788423e-05,0.03482237073513894,352
Gad1-F-300150,328,126,202,1883,126,202,0.0010189656768062603,2.685832899560751e-05,1.777138499751979e-05,0.01648158384000804,203
Gad1-F-300151,238,111,127,972,111,127,0.000248353324961311,1.1464400456354361e-07,3.086113920752659e-05,0.011959198030249736,139
Gad1-F-300152,320,36,284,1416,36,284,0.0011610979606765499,8.164928948557663e-07,1.1247799885594078e-05,0.016079593990251745,278
Gad1-F-300153,418,100,318,1707,100,318,0.002784324560484165,5.2454958921677175e-06,1.3845032018422358e-05,0.021003969649766342,210
Gad1-F-300155,360,82,278,1764,82,278,0.0007462959325729774,1.9371780893635292e-05,1.5071716764104446e-05,0.018089543239033213,211
Gad1-F-300156,116,41,75,513,41,75,0.0003790661945087566,5.175074520124015e-07,1.5365169516984562e-05,0.005828852821466258,96
Gad1-F-300157,193,141,52,835,141,52,0.0019523231980503903,3.13961541582313e-06,3.808203678964383e-05,0.009698005125370585,153
Gad1-F-300158,271,152,119,1612,152,119,0.00045135478154790864,7.832750208182783e-07,7.330903567758836e-05,0.013617406160494448,139
Gad1-F-300159,530,285,245,2779,285,245,0.007794042895587483,2.1372532303846527e-05,2.4199661577562617e-05,0.026631827546354455,352
Gad1-F-300160,273,239,34,1048,239,34,0.0003562179695999733,1.5943556248347158e-07,7.490604929043872e-05,0.01371790362293352,148
Gad1-F-300161,530,299,231,2860,299,231,0.008245533931544492,1.4045584448937035e-05,3.591087798503075e-05,0.026631827546354455,295
Gad1-F-300162,133,47,86,405,47,86,0.00018725261660074483,2.0619147152708003e-07,1.6293099231018596e-05,0.006683081252198382,119
Gad1-F-300163,310,141,169,1438,141,169,0.002481472600140249,4.03302855382367e-06,2.0945164034155884e-05,0.015577106678056379,211
Gad1-F-300164,222,185,37,821,185,37,0.00030662503313102693,5.162677544578623e-08,5.587472868572536e-05,0.01115521833073715,148
Gad1-F-300165,546,201,345,3997,201,345,0.010647440302866998,8.532739676089133e-05,3.426221908100576e-05,0.02743580724586704,352
Gad1-F-300166,287,152,135,2446,152,135,0.0006876588862764843,6.14283147815852e-06,1.956296739786396e-05,0.014421385860007034,205
Gad1-F-300167,453,319,134,2383,319,134,0.010055611610155602,1.5432324983405377e-05,3.651069667791783e-05,0.02276267524245013,352
Gad1-F-300168,472,234,238,2028,234,238,0.003445414329726932,2.0897212799506684e-05,1.837167171582215e-05,0.023717401135621326,352
Gad1-F-300170,218,77,141,981,77,141,0.00029925694477960445,2.8566980373917115e-07,3.567714739613983e-05,0.010954223405859002,149
Gad1-F-300171,337,28,309,1651,28,309,0.0007215487643586731,3.5425994432858494e-07,1.2940138838647677e-05,0.01693382242098387,249
Gad1-F-300172,24,12,12,95,12,12,0.00014847952568078815,2.6437597744823234e-06,8.165688714618837e-06,0.001205969549268881,24
Gad1-F-300173,162,103,59,539,103,59,0.002614237792974111,3.136554107676566e-05,1.338620822784457e-05,0.008140294457564947,152
Gad1-F-300174,619,68,551,2877,68,551,0.0007677221009127787,3.03207262581008e-06,1.1334566291815322e-05,0.031103964624893222,352
Gad1-F-300175,498,174,324,2068,174,324,0.002281049775594058,7.072395243789917e-06,2.4413627338894064e-05,0.02502386814732928,231
Gad1-F-300176,178,117,61,836,117,61,0.0007775877972123521,1.7801621194178142e-05,1.9571853198635128e-05,0.008944274157077534,138
Gad1-F-300177,1262,407,855,9692,407,855,0.008005588564033633,5.109849408389835e-06,2.787110249186595e-05,0.06341389879905532,352
Gad1-F-300178,653,165,488,7279,165,488,0.005388713868855014,2.6281540816118476e-05,2.4808504408442207e-05,0.03281242148635747,352
Gad1-F-300179,375,217,158,2107,217,158,0.003526840412718246,0.0001659920625130194,8.001252198440872e-05,0.018843274207326264,237
Gad1-F-300180,724,588,136,7474,588,136,0.008387848717151128,0.010465240474427361,0.00015239537204381006,0.036380081402944575,340
Gad1-F-300181,608,123,485,3486,123,485,0.006068598978672223,2.963508804496124e-05,1.6830792906048544e-05,0.030551228581478317,352
Gad1-F-300182,177,75,102,910,75,102,0.00031923067472055644,2.581546809025813e-06,1.3682267752577616e-05,0.008894025425857996,124
Gad1-F-300183,492,217,275,3692,217,275,0.010238210545270802,3.8843593945735016e-05,3.350030095507507e-05,0.024722375760012058,352
Gad1-F-300184,423,144,279,2514,144,279,0.004251384448266745,0.00012983546925053545,4.0129271806738204e-05,0.021255213305864027,205
Gad1-F-300185,797,557,240,8423,557,240,0.011296843122132172,0.0004254242701628005,0.0001770418085105544,0.04004823878197075,285
Gad1-F-300186,116,66,50,1138,66,50,0.0001361337793279451,1.2314936312181733e-06,3.664012102643296e-05,0.005828852821466258,93
Gad1-F-300187,214,124,90,1781,124,90,0.000303246079194702,4.487345709859632e-07,4.936957185405621e-05,0.010753228480980856,121
Gad1-F-300188,299,184,115,952,184,115,0.00037802748615668036,4.661017087586068e-07,4.3504899117555184e-05,0.015024370634641475,148
Gad1-F-300189,168,153,15,562,153,15,0.004360041698397912,4.100480563767951e-06,1.749865372204142e-05,0.008441786844882167,161
Gad1-F-300190,363,174,189,1867,174,189,0.0033667905829642265,2.0543013017664854e-05,2.4666395828196996e-05,0.018240289432691823,231
Gad1-F-300191,930,37,893,8720,37,893,0.0011751004387441709,1.2000976446928076e-06,9.73473120108739e-06,0.04673132003416914,352
Gad1-F-300192,390,206,184,2551,206,184,0.012376305278715987,4.4977931099805824e-05,3.4933686939829475e-05,0.019597005175619315,349
Gad1-F-300194,300,81,219,1790,81,219,0.00031829727612480563,7.751262673447744e-07,1.4797167806909147e-05,0.015074619365861013,175
Gad1-F-300195,115,39,76,392,39,76,0.0006405455483393251,1.6485274954534532e-06,1.0178098279694366e-05,0.005778604090246721,114
Gad1-F-300196,598,215,383,3468,215,383,0.010472914529115659,0.00011918655722912892,3.665579821103642e-05,0.03004874126928295,352
Gad1-F-300197,78,67,11,599,67,11,0.00015775195267377594,1.395098437846538e-05,0.00010776763232904011,0.003919401035123863,50
Gad1-F-300198,463,249,214,1974,249,214,0.0037193150633812485,3.572571436980164e-05,2.1532026312584767e-05,0.023265162554645495,348
Gad1-F-300200,399,149,250,3300,149,250,0.00023797308635420956,4.597005936225714e-07,9.878837559301711e-05,0.020049243756595145,135
Gad1-F-300202,378,222,156,2079,222,156,0.003220819562110421,2.6610392412876097e-05,4.5876310283199856e-05,0.018994020400984874,241
Gad1-F-300203,340,182,158,1937,182,158,0.008603675519009833,2.6299546900269067e-05,2.690668011019282e-05,0.01708456861464248,322
Gad1-F-300204,424,234,190,2884,234,190,0.01287974551367188,4.7195756516997184e-05,4.105372127733899e-05,0.021305462037083563,351
Gad1-F-300205,520,181,339,2608,181,339,0.009569400014652868,0.00016354366443702042,3.0239756442994638e-05,0.02612934023415909,352
Gad1-F-300206,713,559,154,2969,559,154,0.01922869408204477,2.561024293459693e-05,4.636317707016498e-05,0.03582734535952967,352
Gad1-F-300207,436,255,181,2536,255,181,0.013834988844271421,4.0366155701933266e-05,4.127232088229481e-05,0.021908446811718003,352
Gad1-F-300208,369,195,174,1772,195,174,0.0025840624246396115,2.3377269321316777e-05,2.615082531825486e-05,0.018541781820009044,212
Gad1-F-300209,257,121,136,1180,121,136,0.00045803447617763363,7.216238608471302e-07,5.662850599909784e-05,0.012913923923420934,150
Gad1-F-300210,561,169,392,2655,169,392,0.009458194486687591,1.4697514562885484e-05,3.548360967127515e-05,0.028189538214160093,352
Gad1-F-300212,549,253,296,2633,253,296,0.0011085531609492645,2.1158363717506686e-06,7.043858250426892e-05,0.027586553439525652,186
Gad1-F-300213,868,415,453,21515,415,453,0.005828459886516212,0.01872873459448126,0.00011417342235380211,0.043615898698557864,348
Gad1-F-300214,316,51,265,1619,51,265,0.0008570878612684103,5.58908064444267e-07,1.1747754655131658e-05,0.0158785990653736,239
Gad1-F-300215,622,193,429,3602,193,429,0.010280766836367479,4.3112237449262926e-05,2.966858058769918e-05,0.03125471081855183,352
Gad1-F-300216,291,115,176,1461,115,176,0.0029967315804202348,5.4853823609310084e-05,5.568972501361188e-05,0.014622380784885182,223
Gad1-F-300217,144,57,87,956,57,87,0.00022707588401110496,3.080327828229325e-07,3.7599217013634e-05,0.007235817295613286,106
Gad1-F-300218,422,209,213,2544,209,213,0.0013321399004543265,2.411351156343658e-05,3.069396602180131e-05,0.02120496457464449,211
Gad1-F-300219,80,14,66,593,14,66,1.811844468194088e-05,8.20134146126436e-08,1.0588715435780798e-05,0.004019898497562936,79
Gad1-F-300220,164,77,87,734,77,87,0.0008919870281989617,3.2083283440571956e-06,1.805797024767314e-05,0.00824079192000402,116
Gad1-F-300221,87,79,8,286,79,8,0.0016030786757410132,1.0050039674749789e-05,1.344965681278973e-05,0.004371639616099694,86
Gad1-F-300222,743,539,204,10646,539,204,0.007113420234098257,0.0163438484166531,0.00014118327173079544,0.037334807296115775,348
Gad1-F-300223,545,222,323,7874,222,323,0.0033029114001640113,0.0013048336781877972,4.009776571224006e-05,0.027385558514647506,348
Gad1-F-300224,196,86,110,993,86,110,0.0002337152644262621,4.6644105808411197e-07,3.654151066055191e-05,0.009848751319029195,133
Gad1-F-300225,123,38,85,630,38,85,0.0004560104860651765,2.9984552781182315e-05,1.069208315870662e-05,0.0061805939400030145,96
Gad1-F-300226,423,248,175,3015,248,175,0.01213757097978937,0.00015676074602320706,4.316879144463329e-05,0.021255213305864027,352
Gad1-F-300227,168,100,68,854,100,68,0.0005591214957685014,6.557341628322202e-06,1.3224736024265721e-05,0.008441786844882167,168
Gad1-F-300228,157,84,73,556,84,73,0.0019043920654373617,1.650931573557324e-06,1.7011693038693294e-05,0.007889050801467262,156
Gad1-F-300229,210,78,132,888,78,132,0.0011998942338207876,1.53239356720175e-05,1.216558944986897e-05,0.010552233556102708,186
Gad1-F-300230,285,198,87,1518,198,87,0.0004513322859732559,3.1770120448709124e-07,9.978299367009071e-05,0.014320888397567962,140
Gad1-F-300231,121,54,67,1010,54,67,0.0007820478842981793,2.096931109672873e-06,1.650436680331624e-05,0.006080096477563942,94
Gad1-F-300232,452,239,213,3338,239,213,0.011444193860036722,5.7534670197995884e-05,3.687154759305574e-05,0.02271242651123059,352
Gad1-F-300233,169,99,70,725,99,70,0.0009977116126022386,4.693136094000219e-06,1.5744141300338214e-05,0.008492035576101703,165
Gad1-F-300234,325,269,56,1461,269,56,0.0005478338051956948,6.133641399974104e-07,7.469318969839062e-05,0.01633083764634943,148
Gad1-F-300235,494,180,314,3238,180,314,0.004530830370393579,1.3750578736270098e-05,2.4158426807522824e-05,0.024822873222451133,352
Gad1-F-300236,386,38,348,1990,38,348,0.00022026862694760527,2.9229514078491837e-07,1.0892999582728831e-05,0.01939601025074117,181
Gad1-F-300237,122,62,60,544,62,60,0.00040760372464077586,3.1146310881598343e-07,1.8164156130281034e-05,0.006130345208783478,98
Gad1-F-300238,227,221,6,903,221,6,0.007405590996431029,1.814614761231829e-05,2.505818214507732e-05,0.011406461986834832,221
Gad1-F-300239,278,216,62,1344,216,62,0.006405293912528806,6.325282009529008e-06,3.173590633834803e-05,0.013969147279031204,225
Gad1-F-300240,413,396,17,5918,396,17,0.004580433822178287,1.87877849067142e-05,0.0001489823973688353,0.02075272599366866,241
Gad1-F-300241,254,58,196,1476,58,196,0.004234870560348427,4.687753795022593e-05,1.523252068358609e-05,0.012763177729762324,240
Gad1-F-300242,128,63,65,640,63,65,0.0005359717789492575,3.9901525696826625e-06,1.6854321785337788e-05,0.0064318375961006985,109
Gad1-F-300243,261,102,159,1518,102,159,0.0013126786478506048,1.9082589920831563e-05,2.3067088780554778e-05,0.01311491884829908,211
Gad1-F-300244,577,181,396,5160,181,396,0.00318885415013583,4.523528968003869e-05,2.8183170715755494e-05,0.02899351791367268,352
Gad1-F-300247,367,101,266,3143,101,266,0.00132939469263519,3.034033954165389e-05,2.165966705159392e-05,0.018441284357569972,292
Gad1-F-300248,248,102,146,970,102,146,0.002185977056411872,3.9881886261258006e-05,1.7679686018083616e-05,0.012461685342445104,191
Gad1-F-300249,279,94,185,1809,94,185,0.0007218377900710832,7.408444842262856e-06,1.2287329104424285e-05,0.014019396010250741,211
Gad1-F-300250,489,229,260,2692,229,260,0.0034073910135602402,4.468001365401994e-05,4.0579937575245325e-05,0.024571629566353448,238
Gad1-F-300251,200,82,118,1031,82,118,0.0007625461980827,1.8419562092727412e-06,1.7006465059951056e-05,0.01004974624390734,138
Gad1-F-300252,387,191,196,3288,191,196,0.010650073983206203,8.207339855660849e-05,3.515596051711871e-05,0.019446258981960705,348
Gad1-F-300253,252,230,22,737,230,22,0.0005808040681543992,5.004856242624418e-07,6.124552135166518e-05,0.01266268026732325,150
Gad1-F-300254,109,40,69,508,40,69,0.0002454520812131929,2.0161015289953132e-07,1.4518548092946478e-05,0.005477111702929501,86
Gad1-F-300255,121,53,68,712,53,68,0.0005287041032465425,2.0023770749403926e-06,1.9162877532207382e-05,0.006080096477563942,107
Gad1-F-300256,160,78,82,980,78,82,0.0005565397722552223,3.3906891367162955e-06,2.365535453349721e-05,0.008039796995125872,121
Gad1-F-300257,246,104,142,736,104,142,0.00020285440244868964,2.500154754118197e-07,2.3566578305996336e-05,0.012361187880006029,148
Gad1-F-300258,428,220,208,3894,220,208,0.012515679969463735,0.00010086589531938148,4.845989740457716e-05,0.021506456961961712,352
Gad1-F-300259,313,300,13,2635,300,13,0.0007889494557111854,1.6412976148754614e-06,0.000160177606603975,0.01572785287171499,137
Gad1-F-300260,135,71,64,667,71,64,0.0006834862774234711,7.111781912474683e-06,2.99104128909377e-05,0.006783578714637455,113
Gad1-F-300261,211,101,110,1240,101,110,0.00036544839889917215,7.524694284646205e-07,5.9375359844002957e-05,0.010602482287322246,135
Gad1-F-300262,306,154,152,1635,154,152,0.00315451760679032,0.0001003817156884944,2.7580653958273625e-05,0.015376111753178233,205
Gad1-F-300263,397,195,202,2908,195,202,0.011227494448399041,4.388257732719532e-05,2.965675237987388e-05,0.01994874629415607,352
Gad1-F-300264,312,223,89,2403,223,89,0.0008287455509686022,4.5972818028101555e-06,0.00011304595541511189,0.015677604140495453,120
Gad1-F-300265,432,266,166,2908,266,166,0.014478417034605182,5.1140428900755774e-05,4.688340329783341e-05,0.021707451886839858,352
Gad1-F-300266,124,44,80,404,44,80,0.0002313753979963685,1.1997825400902475e-06,1.1984683855470931e-05,0.006230842671222552,121
Gad1-F-300267,458,260,198,3897,260,198,0.012913006554442828,6.267602531527968e-05,4.105725971946671e-05,0.02301391889854781,352
Gad1-F-300270,148,106,42,387,106,42,0.00028133292658551033,1.2797275888416735e-07,1.7939110513130855e-05,0.0074368122204914325,129
Gad1-F-300271,331,165,166,2109,165,166,0.011354140270301944,3.248562349776771e-05,2.9661263876741797e-05,0.01663233003366665,318
Gad1-F-300272,226,46,180,1078,46,180,0.0005560998230081153,1.3238935223094992e-05,1.0774616444853624e-05,0.011356213255615295,185
Gad1-F-300273,482,141,341,3427,141,341,0.002950296208066719,1.0863329285761348e-05,1.8961187202768176e-05,0.024219888447816692,352
Gad1-F-300274,379,222,157,2523,222,157,0.010401412087332758,7.190507498378728e-05,3.6341713994749497e-05,0.019044269132204413,348
Gad1-F-300275,263,225,38,1603,225,38,0.003150313486049223,5.698802736857317e-05,3.148795894665781e-05,0.013215416310738155,206
Gad1-F-300276,762,667,95,19064,667,95,0.007832377529939255,0.023017680432309336,0.00047491889173143566,0.03828953318928697,348
Gad1-F-300277,210,119,91,1066,119,91,0.0004692392745015732,3.282302981822324e-07,1.7528649499965975e-05,0.010552233556102708,148
Gad1-F-300278,207,110,97,621,110,97,0.0001582804383415806,4.761516278929258e-08,2.2865651631458406e-05,0.010401487362444098,150
Gad1-F-300279,189,32,157,744,32,157,0.0016756020160889713,4.119272917202011e-06,9.518224485557146e-06,0.009497010200492437,187
Gad1-F-300280,934,511,423,5168,511,423,0.010086213076689911,1.6761845517958773e-05,3.686361524376237e-05,0.04693231495904728,352
Gad1-F-300281,313,149,164,2863,149,164,0.0006732631545745006,3.547617676437823e-06,1.9421470939679454e-05,0.01572785287171499,211
Gad1-F-300282,254,127,127,1783,127,127,0.0005701819352046482,1.2770293428670383e-06,7.042524875577762e-05,0.012763177729762324,145
Gad1-F-300284,279,221,58,1416,221,58,0.0005465113631298684,6.686898401284292e-07,8.291333538994995e-05,0.014019396010250741,149
Gad1-F-300285,300,231,69,1326,231,69,0.004408712221613775,2.8880585221811977e-06,2.0665785766481727e-05,0.015074619365861013,260
Gad1-F-300286,471,120,351,2611,120,351,0.007942221462007928,6.574220009629576e-06,2.0952653113825922e-05,0.02366715240440179,352
Gad1-F-300287,926,800,126,51308,800,126,0.009615061701767213,0.12000954855114086,0.00078458946763845,0.04653032510929099,348
Gad1-F-300288,684,19,665,5820,19,665,0.0014166041935389287,7.072005807355349e-07,1.0995642134158467e-05,0.03437013215416311,352
Gad1-F-300289,432,200,232,2606,200,232,0.0033029064276800532,3.946401067802891e-06,2.781765214279543e-05,0.021707451886839858,209
Gad1-F-300290,2595,2304,291,26873,2304,291,0.06369689975541726,0.00020129250777976477,0.00040964933765111236,0.13039545751469775,352
Gad1-F-300291,192,69,123,879,69,123,0.00022565688878554654,4.993593686682241e-07,4.275805413874869e-05,0.009647756394151047,143
Gad1-F-300292,373,76,297,2171,76,297,0.00035706825945606237,4.950078902196172e-07,1.5029381593055106e-05,0.018742776744887193,166
Gad1-F-300293,701,134,567,3127,134,567,0.002158123099692997,5.929034312873622e-06,1.356185191891918e-05,0.03522436058489523,352
Gad1-F-300294,473,272,201,3471,272,201,0.01206260737129647,0.000171977502932411,4.806606209636563e-05,0.02376764986684086,352
Gad1-F-300295,758,728,30,4458,728,30,0.018667219158972573,2.3977748506716248e-05,7.896512239144544e-05,0.038088538264408826,352
Gad1-F-300296,688,225,463,3949,225,463,0.010835982584692202,9.640949080694323e-05,3.4837321976435604e-05,0.03457112707904125,352
Gad1-F-300297,480,193,287,3163,193,287,0.01098788342942817,6.166675350971888e-05,3.197850710793187e-05,0.02411939098537762,352
Gad1-F-300298,278,80,198,1600,80,198,0.0016717972274785649,1.5755461606684725e-05,1.817442275164139e-05,0.013969147279031204,199
Gad1-F-300299,358,313,45,1476,313,45,0.0005166491601135142,2.1645217375710534e-07,9.306148867538867e-05,0.017989045776594142,150
Gad1-F-300300,136,48,88,776,48,88,9.966562318687031e-05,1.1582859999438742e-07,1.1006371407153404e-05,0.006833827445856992,113
Gad1-F-300301,305,23,282,934,23,282,0.0003990135965799776,3.6254010116481314e-07,1.0927032075584009e-05,0.015325863021958696,277
Gad1-F-300302,255,101,154,1365,101,154,0.001209654004143805,2.841098632496177e-06,1.7328806923938306e-05,0.01281342646098186,234
Gad1-F-300303,414,307,107,2687,307,107,0.006996394556661094,5.9385242192740447e-05,8.024712784548102e-05,0.020802974724888196,216
Gad1-F-300304,347,43,304,2664,43,304,0.0037594747630732735,2.4838442114864097e-06,1.4269416623306326e-05,0.017436309733179237,304
Gad1-F-300305,136,62,74,698,62,74,0.0004773958647067939,9.556612189048473e-07,1.5330132866240783e-05,0.006833827445856992,109
Gad1-F-300306,449,235,214,3608,235,214,0.012086418295012995,5.375395048747436e-05,3.948717144156486e-05,0.02256168031757198,352
Gad1-F-300307,443,245,198,3494,245,198,0.013496465845662038,6.465412251971781e-05,3.845879398131871e-05,0.02226018793025476,352
Gad1-F-300309,381,29,352,1775,29,352,0.0003854602240161929,9.63647390244326e-07,9.40165511559531e-06,0.019144766594643484,213
Gad1-F-300310,240,102,138,1500,102,138,0.0007478164182493341,1.5601739252384105e-05,1.6094643793529228e-05,0.01205969549268881,203
Gad1-F-300311,133,53,80,621,53,80,0.0004860558603099754,4.982296779041717e-07,1.6876258048574265e-05,0.006683081252198382,105
Gad1-F-300312,273,142,131,1372,142,131,0.005358679477061757,9.203875504977369e-06,3.3467654460676824e-05,0.01371790362293352,211
Gad1-F-300313,216,70,146,1320,70,146,0.00037267719618022747,4.529159565654039e-06,2.5635019438807353e-05,0.010853725943419929,131
Gad1-F-300314,411,227,184,3685,227,184,0.01331053875741888,5.712572785795049e-05,5.091391935856646e-05,0.020652228531229586,352
Gad1-F-300315,159,150,9,634,150,9,0.004593504637689145,1.0004697470891783e-05,2.162203283838902e-05,0.007989548263906337,147
Gad1-F-300316,201,146,55,970,146,55,0.00037777180434702025,4.280233067363567e-07,8.7419433344045e-05,0.010099994975126878,138
Gad1-F-300317,80,45,35,662,45,35,0.00014179217756001334,1.4248951074242988e-05,9.705367670087302e-05,0.004019898497562936,50
Gad1-F-300318,516,202,314,3008,202,314,0.004648686027514511,3.125595903973783e-05,3.5222007748635266e-05,0.02592834530928094,284
Gad1-F-300319,98,26,72,439,26,72,0.0002563568773350819,1.1886260939119972e-06,1.3037993853475006e-05,0.004924375659514597,84
Gad1-F-300320,121,80,41,560,80,41,0.0003113945040307266,3.299358737426188e-07,2.4265071122030908e-05,0.006080096477563942,88
Gad1-F-300321,126,3,123,634,3,123,6.625717218701603e-05,3.149322383685299e-08,7.674685558499702e-06,0.006331340133661625,124
Gad1-F-300322,153,98,55,800,98,55,0.0003549694353146746,9.69064288333888e-07,1.1160158265659264e-05,0.0076880558765891165,152
Gad1-F-300323,802,81,721,5252,81,721,0.005839025126322473,2.6091112628625092e-06,1.739457205206888e-05,0.04029948243806844,352
Gad1-F-300324,267,117,150,2055,117,150,0.0004969568153638258,1.781816399758518e-06,1.3809019835463356e-05,0.0134164112356163,211
Gad1-F-300325,643,197,446,4052,197,446,0.011591579100883194,7.015864377793102e-05,3.938608464590468e-05,0.0323099341741621,352
Gad1-F-300326,133,84,49,429,84,49,0.0004964375099001871,4.069976509770811e-06,1.2311404587969365e-05,0.006683081252198382,114
Gad1-F-300327,410,177,233,2896,177,233,0.010625350221738761,3.048089664797908e-05,3.071098405078156e-05,0.02060197980001005,352
Gad1-F-300328,594,213,381,2382,213,381,0.003227904674216742,2.8167771421953788e-05,7.633091740682379e-05,0.029847746344404805,327
Gad1-F-300329,371,204,167,2716,204,167,0.0015259737397505114,3.397267001100947e-05,2.5052604695531498e-05,0.018642279282448118,231
Gad1-F-300330,127,88,39,518,88,39,0.0003708314286140293,5.142508729255644e-06,1.4913783228969405e-05,0.006381588864881162,108
Gad1-F-300331,465,210,255,3777,210,255,0.011559135391143237,6.974965909551258e-05,3.5903011801587734e-05,0.02336566001708457,352
Gad1-F-300333,825,97,728,4257,97,728,0.0013994338168975657,5.785336801746781e-06,1.4068252383916786e-05,0.04145520325611778,352
Gad1-F-300334,823,277,546,4440,277,546,0.004134758050804949,2.435778798318543e-05,2.461798000601288e-05,0.04135470579367871,352
Gad1-F-300335,404,201,203,1916,201,203,0.0022180870861410883,9.939100792543266e-06,4.876121024947107e-05,0.02030048741269283,237
Gad1-F-300336,415,231,184,3437,231,184,0.012156000681698446,0.00011151403146166723,3.964355710880322e-05,0.020853223456107732,352
Gad1-F-300337,436,244,192,3709,244,192,0.014153276736144025,5.964991026069009e-05,4.410769278174943e-05,0.021908446811718003,352
Gad1-F-300339,601,357,244,2930,357,244,0.007364865412691594,0.00042209408768371963,5.691937756501045e-05,0.03019948746294156,231
Gad1-F-300340,576,269,307,3126,269,307,0.004879372636454935,4.200407968032335e-05,2.2912186417315456e-05,0.028943269182453144,352
Gad1-F-300341,112,27,85,386,27,85,0.0019223340157187797,6.731623116068383e-06,9.67814757511196e-06,0.005627857896588111,102
Gad1-F-300342,238,211,27,892,211,27,0.0003876695998466077,1.9129499310625604e-07,7.331572178042917e-05,0.011959198030249736,150
Gad1-F-300343,150,82,68,680,82,68,0.0005889952113087764,3.925655005184842e-06,1.3800383590595102e-05,0.007537309682930506,123
Gad1-F-300344,809,243,566,5662,243,566,0.003450540500608897,1.2707481981740406e-05,1.9099830693456047e-05,0.04065122355660519,352
Gad1-F-300345,1156,379,777,8715,379,777,0.007268321956719151,3.417487981589602e-05,2.605487517629784e-05,0.058087533289784436,352
Gad1-F-300346,482,189,293,3129,189,293,0.010055832326607105,8.631329237108294e-05,3.447756391040785e-05,0.024219888447816692,352
Gad1-F-300347,429,233,196,3193,233,196,0.013650012224397228,4.7236826853058556e-05,4.0033030099736046e-05,0.021556705693181247,352
Gad1-F-300348,756,106,650,4138,106,650,0.001718845805894425,7.28512100612928e-06,1.3613967262877555e-05,0.03798804080196975,352
Gad1-F-300349,483,173,310,3373,173,310,0.006002726832020462,1.669433603975602e-05,2.396127663920855e-05,0.02427013717903623,352
Gad1-F-300350,384,208,176,2342,208,176,0.010854903321265227,0.00010663876623949757,2.95840253275913e-05,0.019295512788302095,343
Gad1-F-300351,939,284,655,6329,284,655,0.006238496628439713,3.676515513875358e-05,2.1995905512306026e-05,0.04718355861514497,352
Gad1-F-300352,402,228,174,3326,228,174,0.011080243725644605,0.00019341324886859156,4.037991105974428e-05,0.020199989950253756,351
Gad1-F-300353,373,44,329,3037,44,329,0.0006057341269805658,8.293787486765786e-07,1.1124399977693572e-05,0.018742776744887193,169
Gad1-F-300354,86,58,28,557,58,28,9.305620216100774e-05,7.846224829984319e-07,3.779486537112497e-05,0.004321390884880157,74
Gad1-F-300355,448,256,192,3527,256,192,0.013705872365928495,8.866903885790108e-05,4.2893663225822295e-05,0.022511431586352444,352
Gad1-F-300356,702,98,604,3359,98,604,0.0013231746466462278,2.1918309841209953e-05,1.1478614590536873e-05,0.035274609316114765,352
Gad1-F-300357,31,17,14,77,17,14,0.0002154738307772138,2.9354095790869753e-08,8.263715203799269e-06,0.001557710667805638,31
Gad1-F-300358,212,118,94,1100,118,94,0.0005036471509944451,6.454294944367553e-07,2.002909364141982e-05,0.010652731018541781,148
Gad1-F-300359,553,182,371,4199,182,371,0.004523110226522335,1.7049883197874646e-05,2.574287555975764e-05,0.027787548364403798,352
Gad1-F-300360,932,702,230,5396,702,230,0.018557171140853784,2.199790313466311e-05,7.703628322813069e-05,0.04683181749660821,352
Gad1-F-300362,734,134,600,3887,134,600,0.0018269794523630748,2.7404487076799447e-05,1.4296184325899789e-05,0.036882568715139945,352
Gad1-F-300363,393,195,198,3189,195,198,0.00994901443796518,0.00015515682850622748,3.173799824652224e-05,0.019747751369277925,347
Gad1-F-300364,480,291,189,2982,291,189,0.011929434191134564,9.914757544609754e-05,3.4554887937512784e-05,0.02411939098537762,352
Gad1-F-300365,497,179,318,3182,179,318,0.00416863983379554,1.5683084036551303e-05,2.4015738082608072e-05,0.024973619416109743,352
Gad1-F-300366,579,246,333,2838,246,333,0.003988278784228611,4.971039682373723e-05,1.856858619267396e-05,0.029094015376111754,352
Gad1-F-300367,422,193,229,2855,193,229,0.00986982742480777,6.40181199470481e-05,2.8491153551985545e-05,0.02120496457464449,352
Gad1-F-300368,30,16,14,121,16,14,0.00011170931422812313,4.536863976399829e-08,1.1096425466353074e-05,0.0015074619365861013,30
Gad1-F-300369,1613,1446,167,11738,1446,167,0.030752581548432124,5.506624321461761e-05,0.00013485362668716044,0.08105120345711271,352
Gad1-F-300370,771,144,627,4304,144,627,0.008706074597536898,6.479368735884108e-05,2.3947017236616952e-05,0.0387417717702628,352
Gad1-F-300371,373,197,176,2567,197,176,0.011765894348897106,3.928675308619287e-05,3.22163978733636e-05,0.018742776744887193,337
Gad1-F-300372,133,58,75,383,58,75,0.000944812912790182,4.181991256386321e-06,1.01600051263599e-05,0.006683081252198382,128
Gad1-F-300373,363,189,174,2659,189,174,0.008893058108609173,3.15066562783295e-05,2.894299419314053e-05,0.018240289432691823,338
Gad1-F-300374,85,6,79,1156,6,79,5.841856502961402e-06,3.9140224443792036e-09,9.241504369076704e-06,0.00427114215366062,77
Gad1-F-300375,499,172,327,2899,172,327,0.0056426381987248276,3.868073183281431e-05,2.3441992065403393e-05,0.025074116878548817,352
Gad1-F-300376,816,274,542,3659,274,542,0.004459273344305672,3.2433341736001984e-05,2.069800566375407e-05,0.04100296467514195,352
Gad1-F-300377,294,247,47,1149,247,47,0.0005338876246947989,6.396813441168566e-07,5.0181456187899304e-05,0.014773126978543792,148
Gad1-F-300378,394,195,199,2718,195,199,0.00956087494961714,0.0001456104414887231,3.0713414738967604e-05,0.019798000100497464,351
Gad1-F-300379,516,244,272,2650,244,272,0.003935012605116558,4.079120074130143e-05,2.173968532705477e-05,0.02592834530928094,352
Gad1-F-300380,130,14,116,403,14,116,0.00014102985470924127,6.004749679469353e-08,7.934392194556561e-06,0.006532335058539772,116
Gad1-F-300381,594,490,104,2585,490,104,0.0025890846851487127,2.485190758195879e-05,0.00011727888194291041,0.029847746344404805,205
Gad1-F-300382,306,172,134,2680,172,134,0.0008922609139032432,1.566305899897577e-05,2.4216083930726535e-05,0.015376111753178233,205
Gad1-F-300383,439,215,224,3372,215,224,0.01171801405544217,3.242035807231315e-05,3.5079756647404794e-05,0.022059193005376614,352
Gad1-F-300384,394,221,173,3141,221,173,0.012882984595867987,5.601949016029471e-05,4.7629263962076434e-05,0.019798000100497464,349
Gad1-F-300385,365,352,13,2591,352,13,0.011814905344097525,2.7509393339870536e-05,5.258341676243772e-05,0.018340786895130898,331
Gad1-F-300386,130,113,17,496,113,17,0.00067301486648328,1.1668810039416461e-06,4.0014830913901405e-05,0.006532335058539772,100
Gad1-F-300387,358,180,178,2502,180,178,0.010986319177723155,2.3003581087840782e-05,2.7759642035543467e-05,0.017989045776594142,325
Gad1-F-300388,564,227,337,4056,227,337,0.006083269989681884,2.0727850834634606e-05,2.896057863584929e-05,0.028340284407818703,352
Gad1-F-300389,236,23,213,1108,23,213,0.0001438023129212509,4.453163820158929e-08,1.1165060420067433e-05,0.011858700567810663,140
Gad1-F-300390,66,37,29,243,37,29,9.842120639381802e-05,2.9433499807513834e-08,1.4226926621982882e-05,0.0033164162604894225,63
Gad1-F-300391,147,40,107,710,40,107,0.00018237932983265913,1.135244654787666e-07,2.0536645506330277e-05,0.007386563489271896,126
Gad1-F-300392,361,254,107,1913,254,107,0.001598943389619526,4.055836048344834e-05,3.6887492177863875e-05,0.018139791970252752,211
Gad1-F-300393,464,251,213,3655,251,213,0.011781658843782721,8.64339928523162e-05,3.974473814135933e-05,0.02331541128586503,352
Gad1-F-300394,95,72,23,415,72,23,0.00028456331603659456,4.0911341492104196e-07,2.72313568256699e-05,0.004773629465855987,90
Gad1-F-300395,459,241,218,3074,241,218,0.010950879056591404,3.595946267557211e-05,3.1436490313045206e-05,0.02306416762976735,352
Gad1-F-300396,495,241,254,2345,241,254,0.003997540289457348,1.0614723163700858e-05,1.7283563518301484e-05,0.024873121953670668,352
Gad1-F-300397,302,294,8,1501,294,8,0.008636227153017886,1.5623450462104896e-05,2.901014510482791e-05,0.015175116828300085,288
Gad1-F-300398,165,154,11,748,154,11,0.0007122981768774883,2.4418554669638577e-06,4.319662636428077e-05,0.008291040651223557,120
Gad1-F-300399,318,180,138,1542,180,138,0.0025804269327753503,5.7582687560558256e-06,3.3941316974104386e-05,0.015979096527812674,252
Gad1-F-300400,51,45,6,200,45,6,0.001133360543920688,2.2296123724504506e-05,1.403826841455997e-05,0.002562685292196372,51
Gad1-F-300401,161,103,58,1329,103,58,0.0003183869618070962,1.247019885027756e-06,8.715504388789417e-05,0.00809004572634541,106
Gad1-F-300402,67,31,36,179,31,36,0.00010212917145797839,7.694550800282957e-08,1.4439042644854184e-05,0.0033666649917089594,66
Gad1-F-300404,124,76,48,440,76,48,0.0005231685775568965,9.599012690560312e-06,1.2291010944594558e-05,0.006230842671222552,107
Gad1-F-300405,153,86,67,645,86,67,0.0009779370214460224,5.359983281709824e-06,3.278265057793597e-05,0.0076880558765891165,120
Gad1-F-300407,316,309,7,1688,309,7,0.0039623214998255035,2.7333993816264798e-05,8.591010235149292e-05,0.0158785990653736,219
Gad1-F-300408,458,164,294,2979,164,294,0.0025246410385147662,1.2217285013975356e-05,2.2611061269820527e-05,0.02301391889854781,352
Gad1-F-300409,295,66,229,1430,66,229,0.0017874132356286141,5.0240344236530855e-05,1.475340959608037e-05,0.014823375709763328,203
Gad1-F-300410,892,498,394,21956,498,394,0.006663763199537684,0.0287837874446984,0.00021836750709628528,0.04482186824782674,348
Gad1-F-300411,141,43,98,816,43,98,0.00029448365647633657,5.71265197424541e-07,1.3889855284524202e-05,0.007085071101954676,108
Gad1-F-300412,44,33,11,106,33,11,0.00010698501962340232,9.660607792852055e-08,1.2652857673619852e-05,0.002210944173659615,41
Gad1-F-300413,149,108,41,1765,108,41,0.00036573047747173173,4.104251836294039e-06,7.74962852418775e-05,0.007487060951710969,88
Gad1-F-300414,767,135,632,3846,135,632,0.002002267496800685,6.654066995754256e-06,1.4312566004402653e-05,0.03854077684538466,352
Gad1-F-300415,524,33,491,2932,33,491,0.0005357718886248394,3.934678627705962e-07,1.1059390907751439e-05,0.026330335159037235,240
Gad1-F-300416,864,431,433,5014,431,433,0.005955409332593782,0.0006861623418386785,0.00010090939161534855,0.043414903773679715,290
Gad1-F-300417,108,60,48,502,60,48,0.0004061848528233798,8.989768817697837e-06,1.3919543553880997e-05,0.005426862971709964,96
Gad1-F-300418,534,348,186,4611,348,186,0.013854904165530736,0.00010143199416719048,5.628317022332012e-05,0.0268328224712326,352
Gad1-F-300419,241,179,62,1003,179,62,0.00046278069777818174,3.879574182554033e-07,4.433996611914255e-05,0.012109944223908346,148
Gad1-F-300420,84,52,32,420,52,32,0.0004517028290467528,2.7613949276875657e-06,2.1334241953770447e-05,0.004220893422441084,79
Gad1-F-300421,559,280,279,4475,280,279,0.012518129849138004,5.267378188372201e-05,4.9974398976876256e-05,0.028089040751721018,352
Gad1-F-300422,378,54,324,2449,54,324,0.0018670160401906958,2.5510064002922964e-06,1.0887954854400632e-05,0.018994020400984874,329
Gad1-F-300423,199,50,149,711,50,149,0.00019179864185831896,1.37108454738394e-07,3.376517416767408e-05,0.009999497512687805,150
Gad1-F-300424,208,75,133,809,75,133,0.00048638613953786786,5.138455935796446e-06,1.2389518583542852e-05,0.010451736093663636,139
Gad1-F-300425,429,230,199,3030,230,199,0.011218665502924002,9.944092682930498e-05,4.176874269238446e-05,0.021556705693181247,349
Gad1-F-300426,257,193,64,1088,193,64,0.0005083113981801555,6.90583921450512e-07,7.47226453623011e-05,0.012913923923420934,140
Gad1-F-300427,184,57,127,854,57,127,0.00043239870603504755,7.353109650909832e-07,1.3153649589729493e-05,0.009245766544394754,146
Gad1-F-300428,281,88,193,1197,88,193,0.0003761471259943945,3.178729176110734e-07,4.0274932896344356e-05,0.014119893472689814,150
Gad1-F-300429,124,27,97,684,27,97,0.0006023480776283351,4.018116963473595e-06,8.88763765303309e-06,0.006230842671222552,90
Gad1-F-300430,521,320,201,3128,320,201,0.009538760206640113,1.5375993094196617e-05,3.7473610234152176e-05,0.026179588965378624,352
Gad1-F-300431,526,188,338,5105,188,338,0.005674143395756658,2.7304894154767296e-05,3.470902127394934e-05,0.02643083262147631,352
Gad1-F-300432,535,232,303,4319,232,303,0.0130707868038991,6.644080275862575e-05,5.657851327652072e-05,0.02688307120245214,352
Gad1-F-300433,151,66,85,681,66,85,0.000514592625628186,1.4109971778738682e-06,1.9211427019653242e-05,0.007587558414150043,120
Gad1-F-300434,550,16,534,2631,16,534,0.0009962243562134927,1.4993617671352205e-05,8.600242096021875e-06,0.027636802170745187,352
Gad1-F-300435,399,198,201,2983,198,201,0.010622451652796818,0.00015970859655094145,3.586105667263084e-05,0.020049243756595145,349
Gad1-F-300436,129,90,39,820,90,39,0.0002829751945745501,2.724077672849347e-06,8.124817578068609e-05,0.006482086327320235,89
Gad1-F-300437,437,127,310,2648,127,310,0.0032437758822689376,1.27443613877164e-05,2.0491061497734094e-05,0.021958695542937542,343
Gad1-F-300438,481,263,218,4420,263,218,0.012185554036637366,0.0001641909655738533,4.610239758412181e-05,0.024169639716597156,352
Gad1-F-300439,406,180,226,3444,180,226,0.009525476674786825,8.926309015482663e-05,3.175657832087004e-05,0.0204009848751319,352
Gad1-F-300440,218,124,94,831,124,94,0.0008057489217366463,1.2378762769720634e-05,1.8257142504608572e-05,0.010954223405859002,145
Gad1-F-300441,236,89,147,970,89,147,0.00035207313267325205,3.504359112141709e-07,3.256930826796088e-05,0.011858700567810663,150
Gad1-F-300442,404,222,182,3179,222,182,0.012811769135259832,3.024604661447968e-05,4.616119429825775e-05,0.02030048741269283,349
Gad1-F-300443,480,237,243,3897,237,243,0.013508965759221269,7.931807996555452e-05,6.227301478115658e-05,0.02411939098537762,352
Gad1-F-300444,414,251,163,2308,251,163,0.0022567508920099863,2.7585551289330122e-05,4.1372925556122016e-05,0.020802974724888196,227
Gad1-F-300445,850,134,716,3524,134,716,0.0020473693214320956,1.1863801468868723e-05,1.533385632661853e-05,0.0427114215366062,352
Gad1-F-300446,697,498,199,4458,498,199,0.02169167559915498,5.674940097030204e-05,5.7377988933812176e-05,0.03502336566001708,352
Gad1-F-300447,90,79,11,335,79,11,0.001898818918028931,5.298861941366229e-06,1.5377081229140176e-05,0.004522385809758303,90
Gad1-F-300448,198,123,75,886,123,75,0.0004627515664038881,6.555248219694783e-07,2.5334328427115583e-05,0.009949248781468268,127
Gad1-F-300449,246,217,29,774,217,29,0.0005812506548611805,3.8230676382528183e-07,4.250365014161969e-05,0.012361187880006029,150
Gad1-F-300450,251,81,170,1004,81,170,0.0002743377815667874,2.468229135002198e-07,3.524720313511244e-05,0.012612431536103714,150
Gad1-F-300451,202,130,72,988,130,72,0.0007606149695272045,1.0411501865003686e-05,2.1594444624989408e-05,0.010150243706346415,148
Gad1-F-300452,185,113,72,904,113,72,0.000630024332464446,7.602640409129354e-06,1.951452476333221e-05,0.009296015275614291,140
Gad1-F-300453,176,68,108,1130,68,108,0.00044589390559852,4.3042547072927546e-07,2.7780987945675072e-05,0.00884377669463846,122
Gad1-F-300454,298,226,72,1165,226,72,0.0005676852999960862,4.3233434543820513e-07,5.416919493726209e-05,0.014974121903421938,148
Gad1-F-300455,167,120,47,1274,120,47,0.000508903264018851,0.00015120109124986273,6.340211243700334e-05,0.00839153811366263,90
Gad1-F-300456,176,125,51,827,125,51,0.0002737510244051727,4.51188165458833e-07,3.465909926395097e-05,0.00884377669463846,135
Gad1-F-300458,569,233,336,3978,233,336,0.008077060069830645,3.2709189905363646e-05,3.071471702513802e-05,0.028591528063916388,352
Gad1-F-300459,142,57,85,739,57,85,0.00038585297632462906,4.902193152889666e-07,1.6037666314010202e-05,0.007135319833174212,109
Gad1-F-300460,604,202,402,4509,202,402,0.005931369460139435,2.135389653533642e-05,2.6663434502580968e-05,0.03035023365660017,352
Gad1-F-300461,190,17,173,910,17,173,8.949757856117038e-05,4.583448303720412e-08,1.0045821557785482e-05,0.009547258931711974,128
Gad1-F-300462,940,338,602,4652,338,602,0.007062421436735987,1.7083954861987902e-05,2.7721890117599468e-05,0.0472338073463645,352
Gad1-F-300464,1440,26,1414,8135,26,1414,0.0007023284243437892,5.119875560327548e-06,9.635804806965581e-06,0.07235817295613285,349
Gad1-F-300465,414,215,199,3562,215,199,0.010391571685898783,7.201872395994295e-05,3.279386098671912e-05,0.020802974724888196,352
Gad1-F-300466,203,109,94,868,109,94,0.0008446050012838333,4.923667476306397e-06,2.6833898644835905e-05,0.01020049243756595,127
Gad1-F-300467,272,134,138,1863,134,138,0.00047382584939720436,1.1297997324920347e-06,9.535529610314004e-05,0.013667654891713983,145
Gad1-F-300468,405,222,183,3135,222,183,0.011631420246660133,6.149737578496457e-05,3.8852195979231324e-05,0.020350736143912366,352
Gad1-F-300469,364,136,228,2063,136,228,0.0005669619400317942,2.4613283172288774e-06,1.6469610079087693e-05,0.018290538163911362,211
Gad1-F-300470,329,144,185,2024,144,185,0.0006812632779296605,1.4003915560694362e-06,7.303164670796802e-05,0.016531832571227575,150
Gad1-F-300471,504,179,325,3668,179,325,0.004946333246897483,1.685727323895116e-05,2.2877984535565935e-05,0.0253253605346465,352
Gad1-F-300472,289,226,63,1217,226,63,0.00046993405121788825,1.976886007449012e-07,7.378564611457613e-05,0.014521883322446109,150
Gad1-F-300474,120,30,90,611,30,90,0.00026474325872304696,2.5127843036096127e-07,1.0709005428142821e-05,0.006029847746344405,95
Gad1-F-300475,399,334,65,2176,334,65,0.0005550621253102501,3.096469420941114e-07,0.00014169006065013667,0.020049243756595145,148
Gad1-F-300476,61,26,35,348,26,35,7.722255980318573e-05,9.703541855147285e-08,1.4350672184330525e-05,0.003065172604391739,54
Gad1-F-300477,543,301,242,4142,301,242,0.014508567619887044,6.771372629871268e-05,5.1217672002105256e-05,0.02728506105220843,352
Gad1-F-300478,109,54,55,638,54,55,0.00043948304068060196,3.2797943672072354e-06,2.275487253822765e-05,0.005477111702929501,90
Gad1-F-300479,194,155,39,681,155,39,0.0002940585459193033,1.6148964725544665e-07,4.520690283442958e-05,0.009748253856590122,149
Gad1-F-300480,272,131,141,1104,131,141,0.0002946822654549413,4.622601878019581e-07,3.759511559622216e-05,0.013667654891713983,147
Gad1-F-300481,141,85,56,792,85,56,0.0002844979779247705,4.32544983693808e-07,2.8562511298241486e-05,0.007085071101954676,97
Gad1-F-300482,680,307,373,4911,307,373,0.015267002671206027,6.263327673297105e-05,7.268866346837209e-05,0.03416913722928496,352
Gad1-F-300483,250,196,54,958,196,54,0.0036010193900150736,2.0789985313597426e-05,2.650197145272918e-05,0.012562182804884177,205
Gad1-F-300484,243,60,183,948,60,183,0.0002699064805622013,3.81037840483557e-07,1.6084655904677587e-05,0.01221044168634742,148
Gad1-F-300485,282,90,192,1812,90,192,0.0007807559013962934,1.370652995476929e-05,1.4238743095822268e-05,0.014170142203909351,205
Gad1-F-300486,1437,1371,66,17463,1371,66,0.04184342706700319,0.0004136896387606142,0.00029498125392999285,0.07220742676247424,352
Gad1-F-300487,27,8,19,96,8,19,1.7316545956797222e-05,4.015729544607568e-08,7.873274093964907e-06,0.001356715742927491,27
Gad1-F-300488,444,224,220,4030,224,220,0.01292617362401081,4.777435011395135e-05,4.289977475409293e-05,0.0223104366614743,352
Gad1-F-300489,267,106,161,1461,106,161,0.00038815449022415845,5.419507397902936e-07,5.930288420441021e-05,0.0134164112356163,150
Gad1-F-300490,409,202,207,3061,202,207,0.010527767120677765,7.856452550283754e-05,3.290800395277001e-05,0.02055173106879051,352
Gad1-F-300491,301,129,172,1059,129,172,0.00014393555948754032,2.600434149062762e-08,3.878983720024193e-05,0.015124868097080548,148
Gad1-F-300492,317,298,19,2255,298,19,0.0008421925992967977,1.665136619607964e-06,0.0001993964710988748,0.015928847796593135,145
Gad1-F-300493,411,240,171,3292,240,171,0.01101294805862372,0.00011514989725512624,3.918385342164533e-05,0.020652228531229586,349
Gad1-F-300494,468,272,196,4023,272,196,0.012102400488312591,0.00010293343314851659,4.427670409657859e-05,0.02351640621074318,352
Gad1-F-300495,411,231,180,3094,231,180,0.010272250699548307,6.371294878810955e-05,3.848091809680747e-05,0.020652228531229586,352
Gad1-F-300496,43,32,11,115,32,11,0.0005710424508300659,1.727482294245515e-06,1.339251879296097e-05,0.0021606954424400783,42
Gad1-F-300497,52,5,47,223,5,47,6.07235372863285e-06,1.0634213260147207e-08,8.087061936189568e-06,0.002612934023415909,50
Gad1-F-300498,54,51,3,164,51,3,0.0011104085083228962,7.251249024854578e-06,1.2507660961290356e-05,0.002713431485854982,52
Gad1-F-300499,179,129,50,879,129,50,0.0006304285112402347,1.148050022933437e-06,4.34981926948291e-05,0.008994522888297071,120
Gad1-F-300500,267,89,178,1199,89,178,0.0003824991491063191,3.4108242403733106e-07,3.199798943922407e-05,0.0134164112356163,150
Gad1-F-300501,197,22,175,1529,22,175,0.0015761228670992963,9.011468212508246e-07,8.59340996359363e-06,0.009899000050248732,196
Gad1-F-300502,163,76,87,588,76,87,0.0009936029459716922,8.620464343028889e-06,2.1446299308076612e-05,0.008190543188784483,109
Gad1-F-300503,151,67,84,781,67,84,0.0003452231012799,2.206971398219295e-06,1.399334990245411e-05,0.007587558414150043,105
Gad1-F-300504,64,18,46,303,18,46,0.0001309642536682979,1.118764537521192e-07,9.292759737950353e-06,0.0032159187980503492,62
Gad1-F-300505,300,266,34,1295,266,34,0.00044044176953333307,1.7531658044491204e-07,8.421939275156085e-05,0.015074619365861013,148
Gad1-F-300506,177,126,51,474,126,51,0.0003570143582452861,1.8943362287000615e-07,3.363817887235996e-05,0.008894025425857996,144
Gad1-F-300507,161,31,130,695,31,130,0.0001777134578923077,3.571098572051748e-07,1.1661322643769394e-05,0.00809004572634541,145
Gad1-F-300509,414,208,206,2909,208,206,0.01280981890535789,6.034769078298657e-05,4.3109593216697874e-05,0.020802974724888196,352
Gad1-F-300511,399,93,306,2374,93,306,0.003961401555355874,2.0492224220254055e-06,1.2406558221910827e-05,0.020049243756595145,352
Gad1-F-300512,41,13,28,203,13,28,1.9870395532869367e-05,1.267984409047631e-08,1.1223019622572922e-05,0.002060197980001005,40
Gad1-F-300513,269,116,153,1227,116,153,0.0004310951210786243,5.474467005092116e-07,5.3365347528136146e-05,0.013516908698055373,150
Gad1-F-300514,212,99,113,605,99,113,0.00011852088752677246,1.5725597999736697e-08,2.512531392257595e-05,0.010652731018541781,148
Gad1-F-300515,179,14,165,888,14,165,0.00043139662172990623,1.1742505925554584e-05,9.410697348718302e-06,0.008994522888297071,178
Gad1-F-300516,244,101,143,1139,101,143,0.0003906847087357628,4.2701133030244187e-07,5.1114526394762366e-05,0.012260690417566956,150
Gad1-F-300517,300,261,39,1103,261,39,0.00040943544863129123,1.9279384413182772e-07,8.03591284159212e-05,0.015074619365861013,148
Gad1-F-300518,88,16,72,458,16,72,0.0001694943715499439,8.05535233778121e-08,8.424381353615664e-06,0.00442188834731923,86
Gad1-F-300519,432,139,293,3217,139,293,0.0026844232464088656,1.4898342033688268e-05,2.2005405830244685e-05,0.021707451886839858,352
Gad1-F-300520,311,257,54,1483,257,54,0.0013535129130798865,1.1503363169386331e-05,3.183123781104813e-05,0.015627355409275914,203
Gad1-F-300522,145,36,109,949,36,109,0.00041655912914928273,4.061578144334375e-07,1.3628171543367055e-05,0.007286066026832822,105
Gad1-F-300523,289,194,95,1092,194,95,0.00042911800055871977,2.929302903304293e-07,5.445822586794453e-05,0.014521883322446109,150
Gad1-F-300524,415,208,207,3832,208,207,0.0005917549384590584,3.8873662046442796e-06,8.313830124956909e-05,0.020853223456107732,181
Gad1-F-300527,88,51,37,371,51,37,0.000505798733699858,1.301099151957307e-06,3.315005647912116e-05,0.00442188834731923,76
Gad1-F-300528,135,57,78,1023,57,78,0.0006762912541315017,2.3271118351049363e-06,1.653538757812303e-05,0.006783578714637455,107
Gad1-F-300529,159,94,65,751,94,65,0.0006903249265716688,3.6767339112072814e-06,2.098247861212647e-05,0.007989548263906337,125
Gad1-F-300532,180,78,102,1207,78,102,0.0009866128021392248,1.0494895550002446e-05,3.435057263463432e-05,0.009044771619516606,109
Gad1-F-300533,75,5,70,374,5,70,6.003695094086877e-05,4.05408941681936e-08,7.696827195987975e-06,0.003768654841465253,70
Gad1-F-300534,137,90,47,534,90,47,0.0002462244272835255,1.9428477690515148e-07,2.3122059943125774e-05,0.006884076177076529,114
Gad1-F-300535,329,168,161,3302,168,161,0.0007847811861307177,3.463308747036992e-06,2.280574520005648e-05,0.016531832571227575,211
Gad1-F-300536,376,176,200,3088,176,200,0.00120698798924828,1.1763674202626982e-05,1.9098903606027374e-05,0.018893522938545803,231
Gad1-F-300537,247,153,94,1716,153,94,0.00043336707341748025,8.260349194612578e-07,8.378595747349473e-05,0.012411436611225566,137
Gad1-F-300538,338,287,51,1241,287,51,0.0006349117817934377,3.948071036664212e-07,8.358180537987977e-05,0.016984071152203406,150
Gad1-F-300539,503,174,329,3860,174,329,0.0031304545328994455,3.0129123621572376e-05,2.6104079613526644e-05,0.025275111803426963,352
Gad1-F-300540,172,54,118,1382,54,118,0.0005319709296759612,1.3423039520157036e-06,1.487831739309441e-05,0.008642781769760313,112
Gad1-F-300541,192,139,53,1639,139,53,0.00038995706804510164,8.96760791924914e-07,0.00011145719525662005,0.009647756394151047,124
Gad1-F-300542,841,238,603,6095,238,603,0.0028506252540980727,8.564335731477656e-06,0.00010241676593421153,0.04225918295563037,312
Gad1-F-300543,188,153,35,781,153,35,0.0033432145837355167,8.043030700673735e-05,3.224388399459271e-05,0.009446761469272901,178
Gad1-F-300544,113,44,69,569,44,69,0.0002614660916814521,3.182011624136124e-07,1.2538853318706335e-05,0.0056781066278076475,94
Gad1-F-300545,110,65,45,1109,65,45,0.0006745856046731677,2.7401331864797774e-06,1.940336666707412e-05,0.005527360434149038,90
Gad1-F-300546,384,210,174,2905,210,174,0.012386095719121592,6.12251031184502e-05,4.161118261015806e-05,0.019295512788302095,345
Gad1-F-300547,160,15,145,614,15,145,5.908212940547021e-05,1.8358303449048183e-08,9.174832663116128e-06,0.008039796995125872,146
Gad1-F-300548,112,48,64,962,48,64,0.0006364985308241188,5.211822252472012e-06,1.727495063669655e-05,0.005627857896588111,87
Gad1-F-300550,327,196,131,1918,196,131,0.0025203244575846212,2.0064865736212228e-05,5.1888156387563146e-05,0.016431335108788504,191
Gad1-F-300551,228,85,143,918,85,143,0.00031398512123932904,2.070537255073555e-07,3.91027372446629e-05,0.01145671071805437,148
Gad1-F-300552,79,52,27,835,52,27,0.0005221979858379261,2.540396630777813e-06,1.810269967907483e-05,0.0039696497663434,72
Gad1-F-300553,195,138,57,917,138,57,0.00022298744725628765,2.2737393726091203e-07,4.109635259804309e-05,0.009798502587809657,134
Gad1-F-300554,771,145,626,3967,145,626,0.003393652601150124,7.90257654928107e-06,1.4638356715848418e-05,0.0387417717702628,352
Gad1-F-300555,158,93,65,537,93,65,0.0012855135931994395,4.650526816925379e-06,1.4166083428461269e-05,0.0079392995326868,144
Gad1-F-300556,440,217,223,4089,217,223,0.010775062982178327,9.590885438608169e-05,3.371242924426829e-05,0.022109441736596153,350
Gad1-F-300557,219,63,156,921,63,156,0.0002631599104036051,2.5065398300442726e-07,2.443431548443043e-05,0.011004472137078539,122
Gad1-F-300558,654,363,291,3489,363,291,0.006673756450662193,3.834350132602342e-05,3.0186440393293646e-05,0.03286267021757701,352
Gad1-F-300559,47,17,30,268,17,30,0.00011903994149202972,5.209215459922827e-08,1.589982944580731e-05,0.0023616903673182254,45
Gad1-F-300560,526,230,296,4256,230,296,0.012196531325733522,5.6344142240814716e-05,4.156876637473754e-05,0.02643083262147631,352
Gad1-F-300561,140,81,59,512,81,59,0.0001159786147205543,1.7040490996373812e-08,2.0756456135927256e-05,0.007034822370735139,110
Gad1-F-300563,229,115,114,2264,115,114,0.0006176940338546308,9.397379298967899e-06,2.142642803452683e-05,0.011506959449273905,203
Gad1-F-300564,103,24,79,563,24,79,0.00019849628766921385,1.9274045053715416e-07,1.3308408002479e-05,0.0051756193156122805,87
Gad1-F-300565,116,67,49,490,67,49,0.0006510827462845849,8.485096349469985e-06,1.1914846493181158e-05,0.005828852821466258,99
Gad1-F-300566,253,213,40,983,213,40,0.0002972571950380576,2.448070010796261e-07,5.294862705221317e-05,0.012712928998542787,148
Gad1-F-300567,149,86,63,609,86,63,0.0027411256694746746,2.1804281622664077e-06,1.4359188490468282e-05,0.007487060951710969,122
Gad1-F-300569,121,57,64,502,57,64,0.00026579530644305977,8.973092809018688e-07,1.3149489677106571e-05,0.006080096477563942,98
Gad1-F-300570,465,252,213,3226,252,213,0.00196766083992138,3.8762082695958865e-05,3.671000501842571e-05,0.02336566001708457,242
Gad1-F-300571,455,219,236,3370,219,236,0.013457901744170385,5.443971880389195e-05,4.2751203920800206e-05,0.0228631727048892,352
Gad1-F-300572,271,233,38,969,233,38,0.0003262338009910354,7.18796805613406e-08,5.940812438190294e-05,0.013617406160494448,150
Gad1-F-300573,366,176,190,2435,176,190,0.009262126890488224,4.662022952245843e-05,2.9908492971553463e-05,0.018391035626350433,336
Gad1-F-300574,143,118,25,507,118,25,0.00023500362540313508,6.526382329683846e-08,3.0319210050369095e-05,0.0071855685643937494,132
Gad1-F-300575,707,309,398,17791,309,398,0.00471200284582801,0.004624508118235278,4.692437345537661e-05,0.03552585297221245,348
Gad1-F-300576,286,285,1,1109,285,1,0.0075608543869653605,1.553498322331349e-05,2.8412533842512424e-05,0.014371137128787499,259
Gad1-F-300578,73,41,32,340,41,32,0.0004659302081193509,7.647210711369113e-07,1.1830881849331647e-05,0.0036681573790261794,69
Gad1-F-300579,42,21,21,117,21,21,7.895570425985541e-05,4.046571722836257e-08,1.342408019662734e-05,0.002110446711220542,39
Gad1-F-300581,579,278,301,3070,278,301,0.004677003249408697,0.000135737502298564,2.625751694649863e-05,0.029094015376111754,352
Gad1-F-300582,110,45,65,762,45,65,0.000396791505330579,1.2381622850900247e-06,1.4545463022545547e-05,0.005527360434149038,92
Gad1-F-300583,238,185,53,1509,185,53,0.002432097264565125,2.595617093729453e-05,3.0462800120705643e-05,0.011959198030249736,199
Gad1-F-300584,517,206,311,4061,206,311,0.0062819890181067765,1.3590179651203727e-05,2.509423507608677e-05,0.02597859404050048,352
Gad1-F-300586,8,1,7,36,1,7,6.483192288379176e-07,3.077583106279099e-11,7.984823198489027e-06,0.00040198984975629365,8
Gad1-F-300587,1181,988,193,8284,988,193,0.0321460301577919,0.00011046165030009403,0.00011855606638285163,0.05934375157027285,352
Gad1-F-300588,135,69,66,887,69,66,0.0006082843822994182,1.7962897462802238e-06,1.9180617146907735e-05,0.006783578714637455,101
Gad1-F-300589,351,190,161,1846,190,161,0.004029390829471521,3.5748448478620413e-06,1.9770617702675812e-05,0.017637304658057382,296
Gad1-F-300591,1185,666,519,8355,666,519,0.014385112582590964,2.5866628237428357e-05,7.834424311499571e-05,0.059544746495151,352
Gad1-F-300592,219,146,73,817,146,73,0.0006632846150100047,2.2237157134242586e-06,4.662809372789655e-05,0.011004472137078539,140
Gad1-F-300593,201,63,138,1586,63,138,0.0007206328965506807,4.529680595389813e-06,1.6348879136152406e-05,0.010099994975126878,133
Gad1-F-300594,247,105,142,1174,105,142,0.0018287864649521846,0.00016109473840248016,1.6511209366143212e-05,0.012411436611225566,210
Gad1-F-300595,238,118,120,1517,118,120,0.0004975355169457246,8.970161191940212e-07,4.976047207334755e-05,0.011959198030249736,145
Gad1-F-300596,40,28,12,109,28,12,0.00010016728496829228,4.226661948301572e-08,1.1579680646053695e-05,0.002009949248781468,40
Gad1-F-300597,312,264,48,1417,264,48,0.00043905353893711365,2.285901436726377e-07,9.270585101942485e-05,0.015677604140495453,148
Gad1-F-300598,184,100,84,1148,100,84,0.0002815502930514386,6.251313853429108e-07,1.8851267979668007e-05,0.009245766544394754,141
Gad1-F-300600,2295,2204,91,15702,2204,91,0.060686024762868676,0.00012077479847036524,0.00025269522531866324,0.11532083814883674,352
Gad1-F-300602,278,175,103,1796,175,103,0.0007032384123099919,1.652625271058501e-06,8.048226358400253e-05,0.013969147279031204,144
Gad1-F-300603,711,139,572,4263,139,572,0.00243315953493148,1.6993524963702122e-05,1.998586462937929e-05,0.035726847897090595,352
Gad1-F-300604,463,240,223,3351,240,223,0.011760307834675165,0.00017086285328590803,4.2089193326230556e-05,0.023265162554645495,352
Gad1-F-300605,57,46,11,270,46,11,0.00018390760266938505,3.618320761091023e-06,6.654928247499667e-05,0.0028641776795135924,45
Gad1-F-300607,282,114,168,1443,114,168,0.00038713612757789085,4.883695711524365e-07,5.459260459072641e-05,0.014170142203909351,148
Gad1-F-300609,620,490,130,6744,490,130,0.006870940884567805,0.01267290733645215,9.771024820665455e-05,0.031154213356112757,348
Gad1-F-300610,160,117,43,663,117,43,0.0016142944728618723,6.4009929670034955e-06,3.281747243850342e-05,0.008039796995125872,137
Gad1-F-300611,115,51,64,1047,51,64,0.0006204152411891946,2.4688330100520503e-06,2.0531080869547164e-05,0.005778604090246721,88
Gad1-F-300612,94,32,62,498,32,62,0.000488715111739345,4.7575742158666744e-07,9.955421309354671e-06,0.004723380734636451,78
Gad1-F-300613,101,73,28,416,73,28,0.0002617840927339511,1.792442156715201e-07,2.5407738973345422e-05,0.005075121853173208,78
Gad1-F-300614,43,18,25,158,18,25,3.4472442767362526e-05,1.397285951976368e-08,2.2291703360261615e-05,0.0021606954424400783,40
Gad1-F-300616,204,72,132,628,72,132,0.0019499155630993395,3.387867369534749e-06,1.482015071673225e-05,0.010250741168785488,198
Gad1-F-300617,942,326,616,5592,326,616,0.007297062746383153,5.65181615677901e-05,2.7335858287078038e-05,0.04733430480880358,352
Gad1-F-300618,726,100,626,3320,100,626,0.0018622757952964431,2.1904062693466283e-06,1.177445654734342e-05,0.036480578865383646,352
Gad1-F-300619,99,24,75,357,24,75,0.00011716159499233956,1.5137636859121312e-07,1.2526449367703314e-05,0.004974624390734134,85
Gad1-F-300620,56,21,35,217,21,35,0.0001628450901326029,2.991481093760144e-07,8.800755622871576e-06,0.0028139289482940555,55
Gad1-F-300622,89,45,44,305,45,44,0.0002321987875605676,4.274762034295838e-07,1.175387429110741e-05,0.004472137078538767,80
Gad1-F-300623,434,232,202,3305,232,202,0.011450530476508371,0.00017294654427277168,4.594820042921299e-05,0.021807949349278932,349
Gad1-F-300624,173,109,64,846,109,64,0.0003129122156428308,2.5969155974821444e-07,2.719833225732453e-05,0.00869303050097985,135
Gad1-F-300625,99,34,65,715,34,65,0.00030476696888755405,5.571637071320343e-07,1.3147163631068957e-05,0.004974624390734134,87
Gad1-F-300626,84,43,41,441,43,41,0.00035397226233991827,8.309983952401854e-07,1.3609872249513562e-05,0.004220893422441084,77
Gad1-F-300628,396,201,195,2729,201,195,0.012292935097744321,5.5518223718627776e-05,3.561318110442024e-05,0.019898497562936535,352
Gad1-F-300629,248,184,64,1266,184,64,0.00034014403329023327,3.3767055956366596e-07,6.1893700107223e-05,0.012461685342445104,140
Gad1-F-300630,173,81,92,793,81,92,0.0003138133733289803,2.703873782507991e-07,2.288335504259228e-05,0.00869303050097985,100
Gad1-F-300631,477,251,226,4095,251,226,0.012157928129833606,0.00019553528094512414,4.365433244066991e-05,0.02396864479171901,352
Gad1-F-300632,49,29,20,142,29,20,6.859319594565469e-05,3.579951274363016e-08,1.0638527725082489e-05,0.0024621878297572987,45
Gad1-F-300633,231,205,26,1020,205,26,0.003593394443890286,2.1359191299531933e-06,2.1737946993410564e-05,0.01160745691171298,220
Gad1-F-300634,465,227,238,2721,227,238,0.010961944999558501,2.65594014907392e-05,3.229144407353138e-05,0.02336566001708457,352
Gad1-F-300635,134,17,117,710,17,117,5.13016603964688e-05,3.642615652113814e-08,9.303996540265258e-06,0.006733329983417919,120
Gad1-F-300638,262,193,69,1491,193,69,0.0009798010270592446,5.224974926262432e-06,2.12985992612734e-05,0.013165167579518617,200
Gad1-F-300639,504,245,259,3997,245,259,0.014547335540078718,5.270898729586082e-05,5.173582810576677e-05,0.0253253605346465,352
Gad1-F-300640,452,247,205,4104,247,205,0.014358761321537322,7.691061887980861e-05,5.845550440773478e-05,0.02271242651123059,352
Gad1-F-300641,233,141,92,1022,141,92,0.0007544967584182193,9.61448940437652e-06,1.924613614977661e-05,0.011707954374152053,153
Gad1-F-300642,630,259,371,4197,259,371,0.01235226268607436,7.185446349560002e-05,3.7982984858785883e-05,0.03165670066830813,352
Gad1-F-300643,426,200,226,2366,200,226,0.012126677838323654,0.00011294284534878398,3.722238272390722e-05,0.021405959499522637,352
Gad1-F-300644,52,26,26,166,26,26,0.00013876517810549027,5.598866752924892e-06,9.704199221854522e-06,0.002612934023415909,49
Gad1-F-300645,154,69,85,721,69,85,0.00027208492079279484,8.173226267264385e-08,3.4791549821304655e-05,0.007738304607808653,110
Gad1-F-300646,80,43,37,430,43,37,0.00040156839572076246,5.793912671267187e-07,1.107643095963042e-05,0.004019898497562936,77
Gad1-F-300647,225,62,163,897,62,163,0.0003356871377841521,1.869065466876061e-07,3.082006362668995e-05,0.01130596452439576,150
Gad1-F-300648,134,83,51,1630,83,51,0.00034812955187110635,5.5335972495566624e-05,4.975217971982551e-05,0.006733329983417919,94
Gad1-F-300649,201,103,98,1254,103,98,0.0002628217481664593,6.292957590358893e-07,5.7691300963118184e-05,0.010099994975126878,131
Gad1-F-300650,225,176,49,822,176,49,0.0003543239750592344,1.873267899824844e-07,3.818181713945806e-05,0.01130596452439576,148
Gad1-F-300651,344,131,213,2199,131,213,0.0014556672345292275,6.417966160532685e-05,2.400192002977158e-05,0.017285563539520626,205
Gad1-F-300652,14,8,6,72,8,6,0.00016882909769523055,1.1501058487119256e-07,1.0774083061695003e-05,0.0007034822370735139,14
Gad1-F-300653,1010,286,724,6783,286,724,0.006053036309394353,3.961449815596934e-05,4.1390976143860027e-05,0.050751218531732076,352
Gad1-F-300654,180,104,76,847,104,76,0.0006728105590119394,8.909095129272178e-06,1.5941963831095294e-05,0.009044771619516606,138
Gad1-F-300655,268,131,137,1550,131,137,0.0015682618441194747,5.723426897401441e-06,2.701131636880972e-05,0.013466659966835838,148
Gad1-F-300656,225,159,66,895,159,66,0.000663890766166786,3.1095138535335425e-06,3.1852875900562664e-05,0.01130596452439576,148
Gad1-F-300657,410,229,181,3184,229,181,0.013432995242627472,6.959382704125709e-05,4.3323499046628835e-05,0.02060197980001005,349
Gad1-F-300658,441,248,193,3417,248,193,0.014136060320115764,5.955782590114806e-05,5.583553527083102e-05,0.022159690467815688,352
Gad1-F-300659,371,165,206,2057,165,206,0.0006526765308611306,1.7083535461916686e-06,3.3160667876998336e-05,0.018642279282448118,179
Gad1-F-300660,193,40,153,733,40,153,0.00015890463330924768,1.9915420617645792e-07,3.150633946785532e-05,0.009698005125370585,148
Gad1-F-300661,337,280,57,1679,280,57,0.0006742435983932333,7.502367896830995e-07,8.83391789544696e-05,0.01693382242098387,150
Gad1-F-300662,279,100,179,1634,100,179,0.00034040021600430855,4.7538760970994165e-07,5.800722345476502e-05,0.014019396010250741,148
Gad1-F-300663,274,96,178,1346,96,178,0.0006537581074658752,3.0978671309866308e-06,1.7342508138406848e-05,0.013768152354153058,182
Gad1-F-300664,320,142,178,2989,142,178,0.0008534641340913779,1.8237783912658926e-05,2.094513590350479e-05,0.016079593990251745,205
Gad1-F-300665,153,33,120,613,33,120,0.0001986380928999148,2.0794994257500737e-07,9.171356085699425e-06,0.0076880558765891165,105
Gad1-F-300666,500,305,195,3748,305,195,0.01505398518831988,8.30006613480013e-05,5.299690067246462e-05,0.025124365609768353,352
Gad1-F-300667,15,10,5,76,10,5,8.66327854514874e-05,2.749023551826851e-08,1.1303028841174659e-05,0.0007537309682930506,15
Gad1-F-300668,339,259,80,1157,259,80,0.00044551710378633064,1.850588322284115e-07,5.756073021161541e-05,0.017034319883422945,150
Gad1-F-300669,97,71,26,411,71,26,0.00034561700154033686,3.1175787665632295e-07,2.1494073414682002e-05,0.004874126928295061,85
Gad1-F-300671,597,186,411,4372,186,411,0.0014927521444888525,2.8773268358310732e-05,2.125249359894955e-05,0.029998492538063415,211
Gad1-F-300672,547,169,378,3478,169,378,0.001003227869722175,9.2689568037168e-06,1.7624595828621453e-05,0.027486055977086577,205
Gad1-F-300673,288,226,62,1306,226,62,0.0007154436516819314,9.212331525871581e-07,5.9230146318898485e-05,0.014471634591226572,148
Gad1-F-300675,55,17,38,220,17,38,8.990536463771286e-05,2.533071509897695e-08,8.85532288458793e-06,0.002763680217074519,52
Gad1-F-300677,132,71,61,562,71,61,0.0004803636908655495,1.7053283904397642e-05,1.3556683824404793e-05,0.006632832520978845,110
Gad1-F-300678,19,5,14,63,5,14,4.3637912469619654e-05,4.573424454624349e-08,8.998722313883262e-06,0.0009547258931711974,18
Gad1-F-300679,393,223,170,2746,223,170,0.01179789449954627,8.084503711924293e-05,3.919875244193845e-05,0.019747751369277925,351
Gad1-F-300680,138,87,51,612,87,51,0.0002756642731676634,1.719772827521403e-07,2.6281879507107962e-05,0.0069343249082960655,117
Gad1-F-300681,188,5,183,835,5,183,3.131041988029809e-05,3.578629998189749e-07,7.721413880091575e-06,0.009446761469272901,150
Gad1-F-300682,434,338,96,1302,338,96,0.00835517003623683,6.2374616579180195e-06,2.4014104355507845e-05,0.021807949349278932,352
Gad1-F-300683,189,112,77,881,112,77,0.0007515490882948601,1.9330383670482445e-05,1.971618338313299e-05,0.009497010200492437,139
Gad1-F-300684,163,87,76,543,87,76,0.00037188271266948064,4.4638764249519276e-07,1.4785948315402657e-05,0.008190543188784483,129
Gad1-F-300685,242,122,120,1192,122,120,0.0015913392626556104,1.7846510942998853e-05,2.9014105214523356e-05,0.012160192955127883,158
Gad1-F-300686,91,32,59,531,32,59,0.0004718380289467722,5.982077590742467e-07,1.1632508530292584e-05,0.0045726345409778405,83
Gad1-F-300687,408,392,16,3029,392,16,0.011310224428846303,4.470721332241794e-05,6.347491707919669e-05,0.020501482337570976,336
Gad1-F-300689,99,48,51,794,48,51,0.0005040598836118252,2.3808455423673666e-06,1.4373103693752413e-05,0.004974624390734134,84
Gad1-F-300690,61,37,24,254,37,24,0.00012655204569060065,1.9663322728899908e-07,1.1115178216727105e-05,0.003065172604391739,57
Gad1-F-300692,409,98,311,2197,98,311,0.007384819127832993,4.1606321477155136e-06,2.1383739307508142e-05,0.02055173106879051,348
Gad1-F-300693,907,200,707,7770,200,707,0.005084622918339165,2.9565302486961127e-05,2.9218564139997148e-05,0.04557559921611979,352
Gad1-F-300694,175,84,91,721,84,91,0.000426593609726819,2.905230930552633e-07,1.819129947411402e-05,0.008793527963418923,122
Gad1-F-300696,589,394,195,4157,394,195,0.010410017089666396,2.105881127946256e-05,5.074052476966757e-05,0.02959650268830712,352
Gad1-F-300697,270,256,14,753,256,14,0.005878346359575309,1.3166428490765804e-05,2.1136815950533402e-05,0.01356715742927491,249
Gad1-F-300698,63,33,30,236,33,30,0.00011717407921274402,1.8262644079899545e-07,1.58145589875909e-05,0.0031656700668308124,62
Gad1-F-300699,468,424,44,2768,424,44,0.0010039864411586761,2.3790522082979837e-06,0.00017429925414389966,0.02351640621074318,148
Gad1-F-300700,116,44,72,513,44,72,0.00011835561392823442,9.962705778982898e-08,1.7956665998379898e-05,0.005828852821466258,84
Gad1-F-300701,476,227,249,3384,227,249,0.009881892444308007,0.00011208407413337712,3.7162527891390276e-05,0.02391839606049947,352
Gad1-F-300702,343,159,184,2303,159,184,0.002576664404827185,3.2318999076704875e-05,3.680808719218179e-05,0.01723531480830109,205
Gad1-F-300703,341,121,220,1811,121,220,0.007164988274929014,5.678894786844143e-06,1.7409175795753767e-05,0.017134817345862016,307
Gad1-F-300704,191,38,153,818,38,153,0.0001338665099974215,1.3930606740149994e-07,1.622595615159785e-05,0.009597507662931512,148
Gad1-F-300705,599,148,451,4164,148,451,0.002333184398179272,9.89594000472548e-05,2.7244652585666626e-05,0.030098990000502486,214
Gad1-F-300706,273,98,175,1271,98,175,0.00039703640188026336,5.232860278990995e-07,4.1764929335949926e-05,0.01371790362293352,150
Gad1-F-300707,274,172,102,2203,172,102,0.0005385870715295926,1.112260719891575e-06,0.00016712802722318205,0.013768152354153058,143
Gad1-F-300708,316,173,143,2190,173,143,0.0021822747289563143,9.19809193885252e-06,2.04414386168775e-05,0.0158785990653736,219
Gad1-F-300709,55,35,20,164,35,20,9.756112852050774e-05,3.7607978641749564e-08,2.3346044710090905e-05,0.002763680217074519,50
Gad1-F-300710,129,39,90,708,39,90,0.000632766313010255,9.399290603544213e-06,1.3856384965846236e-05,0.006482086327320235,95
Gad1-F-300711,158,105,53,890,105,53,0.00035097088803785466,3.737356884218284e-07,4.0285765749522146e-05,0.0079392995326868,129
Gad1-F-300712,80,79,1,349,79,1,0.00048291597857774737,4.362602498856696e-06,4.600375025744268e-05,0.004019898497562936,66
Gad1-F-300713,279,172,107,1989,172,107,0.0004888166449137852,7.046453426129684e-07,0.00011404559839350262,0.014019396010250741,138
Gad1-F-300714,49,47,2,127,47,2,0.00014692105711952588,5.182471969413006e-08,1.8141904767968985e-05,0.0024621878297572987,45
Gad1-F-300715,78,35,43,272,35,43,0.00024379900903167683,8.300413376313637e-07,1.094261241172933e-05,0.003919401035123863,71
Gad1-F-300716,169,105,64,600,105,64,0.0005282036233720466,1.710903610270252e-06,3.0029933431493395e-05,0.008492035576101703,123
Gad1-F-300717,105,42,63,372,42,63,0.0006567565654257466,2.1956910213156785e-06,1.3757131780063523e-05,0.005276116778051354,88
Gad1-F-300718,207,152,55,1102,152,55,0.0006397070050767668,1.4505194728261288e-06,2.9374745034084208e-05,0.010401487362444098,146
Gad1-F-300719,145,32,113,1041,32,113,0.0004855717097871023,3.961679808716268e-06,1.2665079885375324e-05,0.007286066026832822,98
Gad1-F-300721,60,34,26,266,34,26,0.0001169679295587831,2.251785452006072e-07,1.272149269198718e-05,0.0030149238731722026,60
Gad1-F-300722,644,394,250,6147,394,250,0.00539079017365418,0.0070600464476896895,5.212020946615848e-05,0.03236018290538164,348
Gad1-F-300724,100,74,26,393,74,26,0.0008270698297362416,6.391866753755161e-07,4.335616195452586e-05,0.00502487312195367,89
Gad1-F-300725,184,84,100,797,84,100,0.00063193488993439,2.11287456752924e-06,1.78517069564149e-05,0.009245766544394754,147
Gad1-F-300726,185,112,73,927,112,73,0.00041149939169257666,3.3996861469727802e-06,1.8499888183425282e-05,0.009296015275614291,146
Gad1-F-300727,28,26,2,123,26,2,9.724130531091435e-05,1.0203489217082899e-07,2.5898161933517924e-05,0.0014069644741470278,28
Gad1-F-300728,256,87,169,945,87,169,0.0003401938550913632,2.9676349931418327e-07,3.901202453895212e-05,0.012863675192201397,150
Gad1-F-300729,75,10,65,226,10,65,2.8752148896722605e-06,5.249145690472124e-10,1.265835219812611e-05,0.003768654841465253,67
Gad1-F-300730,6,3,3,8,3,3,1.592195456348033e-05,1.596854446312451e-09,8.500978807103538e-06,0.0003014923873172202,6
Gad1-F-300731,249,86,163,1496,86,163,0.0007596137189863542,1.8406923503154692e-06,2.0912393875757008e-05,0.01251193407366464,140
Gad1-F-300732,498,431,67,3343,431,67,0.0022379812129962886,2.0243580067519448e-05,0.000122345238072495,0.02502386814732928,205
Gad1-F-300733,74,73,1,154,73,1,0.001788750920295524,5.842489072176544e-06,1.2824680549835478e-05,0.0037184061102457163,73
Gad1-F-300735,115,54,61,441,54,61,0.00020919717632848263,7.659657023794059e-07,9.873558460709475e-06,0.005778604090246721,115
Gad1-F-300736,202,157,45,1505,157,45,0.00045700027519112043,7.13372029523377e-07,9.406522225845285e-05,0.010150243706346415,114
Gad1-F-300737,21,4,17,43,4,17,8.542340349130393e-06,1.9429978075121517e-09,1.057204349282154e-05,0.001055223355610271,21
Gad1-F-300739,77,46,31,231,46,31,0.0003524435181588833,2.08019109335765e-07,2.1980406059140464e-05,0.0038691523039043265,68
Gad1-F-300740,201,62,139,566,62,139,0.00011016628773115283,3.690742820777549e-08,1.599263321567434e-05,0.010099994975126878,148
Gad1-F-300741,128,48,80,648,48,80,0.00023142604469226352,1.5396880787811989e-07,1.2673215996895998e-05,0.0064318375961006985,98
Gad1-F-300742,463,185,278,2240,185,278,0.0007376176706053636,3.853109726401196e-06,3.4532665799665076e-05,0.023265162554645495,186
Gad1-F-300743,116,86,30,354,86,30,0.0002630844305260956,3.78170920266939e-07,2.0258187282738303e-05,0.005828852821466258,106
Gad1-F-300744,65,29,36,286,29,36,9.074469033172605e-05,8.200184656084126e-08,1.2938146536374994e-05,0.003266167529269886,57
Gad1-F-300746,406,161,245,2418,161,245,0.005588285537768589,0.00012030356627197894,3.315336688893887e-05,0.0204009848751319,219
Gad1-F-300747,122,62,60,614,62,60,0.0006788518887370095,1.0133488472220956e-06,1.3664700656363369e-05,0.006130345208783478,98
Gad1-F-300748,50,20,30,204,20,30,5.140543050742935e-05,7.191601191322855e-08,1.2797721001625152e-05,0.002512436560976835,46
Gad1-F-300749,50,20,30,204,20,30,5.140543050742935e-05,7.191601191322855e-08,1.2797721001625152e-05,0.002512436560976835,46
Gad1-F-300751,62,24,38,197,24,38,7.446049912810594e-05,8.729054600776542e-08,1.3851907788711643e-05,0.003115421335611276,59
Gad1-F-300752,27,17,10,97,17,10,4.347415529525642e-05,2.2550731734630936e-08,2.8050850059734403e-05,0.001356715742927491,25
Gad1-F-300753,110,18,92,688,18,92,0.0002728233231309099,1.490217834844963e-07,9.703320752267317e-06,0.005527360434149038,88
Gad1-F-300754,46,30,16,121,30,16,0.00011906074845763806,2.9619422265392963e-08,1.3367852562970994e-05,0.0023114416360986885,45
Gad1-F-300755,27,20,7,88,20,7,0.00013598500880710135,2.695090010993211e-07,1.6190016847532767e-05,0.001356715742927491,27
Gad1-F-300756,427,62,365,2578,62,365,0.001145271894246032,3.5353168187616905e-07,1.0271264928613387e-05,0.021456208230742173,352
Gad1-F-300757,48,25,23,141,25,23,9.46828800684914e-05,5.563506306596261e-08,9.650622915764984e-06,0.002411939098537762,47
Gad1-F-300759,29,3,26,94,3,26,4.590680123911841e-07,1.9285968921440264e-11,8.294718353373287e-06,0.0014572132053665644,28
Gad1-F-300760,121,34,87,551,34,87,0.0001542274112711567,2.1209178497112555e-07,1.2240651476800993e-05,0.006080096477563942,103
Gad1-F-300762,202,108,94,1372,108,94,0.0005679781963522447,2.097262673248569e-06,4.5544800696997315e-05,0.010150243706346415,121
Gad1-F-300763,230,133,97,1445,133,97,0.0055904134816874874,1.0952408093709792e-05,2.1499060281663503e-05,0.011557208180493442,197
Gad1-F-300766,489,287,202,4230,287,202,0.01208900834869279,0.00028645999270373825,5.690016344205042e-05,0.024571629566353448,352
Gad1-F-300767,134,28,106,846,28,106,0.00027076440693738933,2.645625847645125e-07,1.2906756431226446e-05,0.006733329983417919,98
Gad1-F-300770,110,27,83,509,27,83,0.00018041126310252594,4.573060795291742e-07,9.917991659411322e-06,0.005527360434149038,85
Gad1-F-300771,31,16,15,90,16,15,4.7626069889917375e-05,2.2068584885023997e-08,1.2768528529615914e-05,0.001557710667805638,31
Gad1-F-300772,36,17,19,82,17,19,5.393977435818566e-05,2.2786948157159027e-08,1.1937577521702296e-05,0.0018089543239033215,36
Gad1-F-300774,9,6,3,17,6,3,1.1294385847532318e-05,1.2508082241568484e-09,9.058585111369543e-06,0.00045223858097583037,9
Gad1-F-300776,61,48,13,179,48,13,0.00013573175068797643,4.356606865211702e-08,2.4406951378631013e-05,0.003065172604391739,57
Gad1-F-300778,8,5,3,15,5,3,9.397091529637624e-06,4.063512041240213e-09,9.50037339613977e-06,0.00040198984975629365,8
Gad1-F-300779,18,12,6,51,12,6,5.321497293190243e-05,3.693857681321135e-08,1.0770626935777344e-05,0.0009044771619516607,18
Gad1-F-300780,20,3,17,57,3,17,3.9550664200196615e-06,1.5444960287272479e-09,7.76690345106693e-06,0.001004974624390734,20
Gad1-F-300781,18,1,17,106,1,17,1.8684093100095989e-06,1.86887069036973e-10,7.738619084375326e-06,0.0009044771619516607,16
Gad1-F-300782,73,35,38,198,35,38,0.000166911582748965,7.274255545679497e-08,1.4047366636408109e-05,0.0036681573790261794,70
Gad1-F-300783,382,104,278,2416,104,278,0.00046663245129456403,1.672326389159517e-06,1.2823364885756905e-05,0.019195015325863023,211
Gad1-F-300785,83,70,13,315,70,13,0.0007038986050019681,2.514019069569678e-06,3.02143075921958e-05,0.004170644691221546,75
Gad1-F-300786,90,44,46,537,44,46,0.00043627378511867644,1.5392303037035533e-06,1.278106307658374e-05,0.004522385809758303,80
Gad1-F-300789,103,40,63,598,40,63,0.0003592835295295663,7.51956588813165e-07,1.2925519517896194e-05,0.0051756193156122805,89
Gad1-F-300790,499,102,397,3385,102,397,0.002229650200387393,7.584644609016048e-05,1.6380275628818146e-05,0.025074116878548817,216
Gad1-F-300791,43,4,39,242,4,39,0.00021695658672410295,1.7989620832191973e-08,7.81467959361928e-06,0.0021606954424400783,40
Gad1-F-300792,189,25,164,845,25,164,0.00010865979914873914,2.77513399644871e-08,1.1468969333996909e-05,0.009497010200492437,122
Gad1-F-300793,42,41,1,112,41,1,0.0001214881747845052,4.790708489438539e-08,2.557012912526672e-05,0.002110446711220542,39
Gad1-F-300794,64,50,14,169,50,14,0.00021765384100751428,3.9889656049908745e-07,1.4654195560364717e-05,0.0032159187980503492,62
Gad1-F-300795,18,13,5,52,13,5,6.460843168189467e-05,9.942299120020579e-08,1.2753969065865857e-05,0.0009044771619516607,18
Gad1-F-300798,893,501,392,21771,501,392,0.0065960943372870146,0.013886387973708962,0.0002570689814189427,0.04487211697904628,348
Gad1-F-300799,203,106,97,1066,106,97,0.00014718624498171403,2.1596655382632184e-07,7.665004300232266e-05,0.01020049243756595,110
Gad1-F-300801,151,13,138,565,13,138,4.3696967179161416e-05,1.710943127511409e-08,1.3439960238386121e-05,0.007587558414150043,106
Gad1-F-300802,399,216,183,1690,216,183,0.005842924912728768,4.003658192454809e-06,1.929731520016062e-05,0.020049243756595145,291
Gad1-F-300803,200,101,99,969,101,99,0.0018842705105438105,5.588736370488824e-06,2.5041700805736643e-05,0.01004974624390734,147
Gad1-F-300805,25,17,8,79,17,8,6.48023590684061e-05,2.2722151580402144e-08,9.568231923731209e-06,0.0012562182804884176,24
Gad1-F-300806,154,124,30,703,124,30,0.0006673839491993389,8.801652512280447e-07,4.870213885065902e-05,0.007738304607808653,109
Gad1-F-300807,15,14,1,54,14,1,5.190399577637517e-05,1.0354852087379326e-08,1.150126833638911e-05,0.0007537309682930506,15
Gad1-F-300809,591,483,108,5277,483,108,0.006179698907243176,0.008422832332421078,7.206438601902998e-05,0.029697000150746194,348
Gad1-F-300810,86,79,7,363,79,7,0.0002568884847123152,3.651526074604993e-07,2.652450444904502e-05,0.004321390884880157,79
Gad1-F-300811,61,33,28,232,33,28,6.0598163413274494e-05,1.90080854811692e-08,1.1468492307237952e-05,0.003065172604391739,57
Gad1-F-300812,13,5,8,33,5,8,1.7982051161184994e-05,3.1552332777929665e-09,8.875217912716797e-06,0.0006532335058539772,13
Gad1-F-300813,86,75,11,379,75,11,0.00025604594346801237,1.672210708117225e-07,3.06619474031705e-05,0.004321390884880157,76
Gad1-F-300814,89,68,21,286,68,21,0.0002482470629455407,2.018236013391096e-07,2.3309989052032897e-05,0.004472137078538767,83
Gad1-F-300815,264,172,92,1737,172,92,0.0005377662156990385,9.981066432538887e-07,7.904643297222235e-05,0.01326566504195769,138
Gad1-F-300816,160,78,82,715,78,82,0.000377339782484169,5.476420667001966e-07,3.1153454021391194e-05,0.008039796995125872,102
Gad1-F-300818,11,8,3,19,8,3,4.498818757110904e-05,1.933756098133276e-08,1.0710540957978798e-05,0.0005527360434149038,11
Gad1-F-300819,278,169,109,1462,169,109,0.009835405734610433,3.0715756964672076e-05,2.5429823391330412e-05,0.013969147279031204,218
Gad1-F-300820,32,31,1,94,31,1,0.00012643418564327596,1.4952114274748904e-07,4.450483737006676e-05,0.0016079593990251746,32
Gad1-F-300821,32,19,13,93,19,13,7.11533831482496e-05,1.4236765875780435e-07,1.128590550063155e-05,0.0016079593990251746,31
Gad1-F-300824,82,39,43,590,39,43,0.00011772529156963159,1.613534362168231e-07,1.9209065251809193e-05,0.00412039596000201,70
Gad1-F-300828,79,50,29,462,50,29,0.00015649466124936795,4.3110221337543446e-07,2.486617378218828e-05,0.0039696497663434,73
Gad1-F-300829,267,46,221,1102,46,221,0.00032083846303266407,1.9300168792639283e-06,1.035405735484556e-05,0.0134164112356163,199
Gad1-F-300830,399,219,180,2086,219,180,0.010260125063923969,8.536295834605113e-05,3.482180791004452e-05,0.020049243756595145,331
Gad1-F-300831,225,179,46,1393,179,46,0.0005124301892695227,7.20577360110822e-07,9.936541141006897e-05,0.01130596452439576,107
Gad1-F-300832,37,11,26,82,11,26,4.876953966996941e-05,1.3404351366730228e-08,9.429006263714713e-06,0.0018592030551228581,36
Gad1-F-300833,37,25,12,84,25,12,7.728150091954968e-05,5.920254872569619e-08,1.03720759686613e-05,0.0018592030551228581,35
Gad1-F-300834,88,45,43,316,45,43,0.0003529548139057113,4.769430296431929e-07,1.599378963048426e-05,0.00442188834731923,78
Gad1-F-300835,15,12,3,45,12,3,5.917693917148419e-06,7.547265994717826e-10,9.753055840874479e-06,0.0007537309682930506,15
Gad1-F-300836,228,215,13,808,215,13,0.002651099648153058,6.50523715290103e-05,3.243334678398198e-05,0.01145671071805437,147
Gad1-F-300837,155,52,103,774,52,103,0.00022181769635484577,3.105067652018187e-07,2.5182499062583638e-05,0.007788553339028189,118
Gad1-F-300838,10,5,5,15,5,5,1.5334135003736308e-05,1.547990150475335e-09,8.27709890955895e-06,0.000502487312195367,10
Gad1-F-300839,235,153,82,1000,153,82,0.0005379469478839033,1.2182927869061113e-06,2.42294461928493e-05,0.011808451836591126,182
Gad1-F-300840,24,17,7,68,17,7,5.043293596026286e-05,5.640086844748513e-08,9.5063854296192e-06,0.001205969549268881,24
Gad1-F-300842,213,119,94,1024,119,94,0.0007891651059892502,2.961516643935233e-05,1.866036172015188e-05,0.010702979749761319,145
Gad1-F-300843,27,22,5,98,22,5,3.315156054614349e-05,1.5862016002537987e-08,1.5329331202057386e-05,0.001356715742927491,27
Gad1-F-300844,145,97,48,634,97,48,0.002539558761705439,2.811078955717383e-06,2.2770255830041295e-05,0.007286066026832822,120
Gad1-F-300845,55,42,13,168,42,13,0.00014098704485948854,6.18375622380363e-08,3.138538692243869e-05,0.002763680217074519,53
Gad1-F-300846,3,2,1,6,2,1,1.4484877016057511e-06,2.386140965707995e-10,7.829487734410989e-06,0.0001507461936586101,3
Gad1-F-300848,592,321,271,4397,321,271,0.004420943172843238,3.8720265669810195e-05,9.822785797617057e-05,0.02974724888196573,310
Gad1-F-300849,202,105,97,1186,105,97,0.00039644971115597054,5.969557078911069e-07,5.104860591040865e-05,0.010150243706346415,130
Gad1-F-300851,14,13,1,49,13,1,3.953249292359314e-05,1.0460232769787952e-08,1.460808128201115e-05,0.0007034822370735139,14
Gad1-F-300853,120,37,83,669,37,83,0.00010831645637157607,1.6439244185256838e-07,1.9077852631281795e-05,0.006029847746344405,78
Gad1-F-300854,81,64,17,204,64,17,0.00017711604702086426,6.867552970035217e-08,2.725856361279769e-05,0.0040701472287824735,73
Gad1-F-300855,145,55,90,374,55,90,8.72283624169059e-05,1.6761485220029893e-08,1.6580627057199805e-05,0.007286066026832822,135
Gad1-F-300857,203,75,128,1121,75,128,0.00039435201472839255,6.492181764302017e-07,2.6077992895675977e-05,0.01020049243756595,130
Gad1-F-300858,157,65,92,861,65,92,0.0002024914873845352,3.027630806604824e-07,2.538214277334663e-05,0.007889050801467262,100
Gad1-F-300859,7,6,1,15,6,1,1.8696489874574647e-05,2.4529648025781884e-09,7.872056607277581e-06,0.00035174111853675694,7
Gad1-F-300860,182,141,41,584,141,41,0.00024343056705702863,1.1442438660850424e-07,2.6354816414817345e-05,0.009145269081955681,148
Gad1-F-300861,71,44,27,466,44,27,9.11014467696526e-05,7.571880799736436e-08,4.1234640325840235e-05,0.003567659916587106,64
Gad1-F-300862,62,35,27,200,35,27,0.00018698641158883467,7.935508088842515e-08,1.6003591517338416e-05,0.003115421335611276,59
Gad1-F-300863,135,115,20,580,115,20,0.00040033679074884807,3.895781128697606e-07,3.740634810435923e-05,0.006783578714637455,99
Gad1-F-300866,146,53,93,436,53,93,0.0004886626182447487,3.531959496735819e-05,9.914653836684258e-06,0.007336314758052359,141
Gad1-F-400000,103,41,62,360,41,62,0.0006444954188227875,2.2294747076187057e-06,1.0899678693524585e-05,0.0051756193156122805,102
Gad1-F-400001,100,53,47,257,53,47,0.00027130330450614006,4.8640563402937664e-06,9.126906231580623e-06,0.00502487312195367,98
Gad1-F-400002,180,89,91,585,89,91,0.001841001123209097,4.59001516653088e-06,1.1352157068794029e-05,0.009044771619516606,140
Gad1-F-400003,169,86,83,759,86,83,0.0003101002112677565,4.231408688135063e-07,3.5444902887323745e-05,0.008492035576101703,127
Gad1-F-400004,260,240,20,776,240,20,0.004171758777444439,1.1945141427426456e-05,4.587007565495869e-05,0.013064670117079544,145
Gad1-F-400005,13,10,3,34,10,3,0.0002401729220070086,5.597062217459204e-07,8.662566783418865e-06,0.0006532335058539772,13
Gad1-F-400006,181,12,169,726,12,169,0.0005166505142888952,9.9094793279216e-06,1.121263882819256e-05,0.009095020350736144,177
Gad1-F-400007,190,45,145,706,45,145,0.0007179256821801847,5.036799793976238e-06,1.143398670110742e-05,0.009547258931711974,143
Gad1-F-400008,158,79,79,538,79,79,0.0012218802357820983,2.1696871213873305e-05,1.0771433498311502e-05,0.0079392995326868,154
Gad1-F-400009,156,65,91,515,65,91,0.0004145233522784231,1.0137803088095283e-06,1.3085607072827294e-05,0.007838802070247727,139
Gad1-F-400010,169,82,87,478,82,87,0.0010268391219173517,8.66947043247108e-06,1.0864102276047636e-05,0.008492035576101703,142
Gad1-F-400011,73,22,51,186,22,51,0.0004632440331857061,3.196743869351785e-06,1.1878845825229757e-05,0.0036681573790261794,66
Gad1-F-400012,106,59,47,292,59,47,0.0009912773233521901,2.023177909505779e-06,1.1163343183886394e-05,0.005326365509270891,105
Gad1-F-400013,87,57,30,257,57,30,0.0006523816688269732,1.5780924459393483e-06,9.96022815089239e-06,0.004371639616099694,86
Gad1-F-400015,134,108,26,375,108,26,0.0015180478677137763,4.723487203147698e-06,1.4298051047033951e-05,0.006733329983417919,124
Gad1-F-400016,174,134,40,513,134,40,0.00232757921285471,1.3187396844764016e-05,1.623102374644054e-05,0.008743279232199388,135
Gad1-F-400017,827,145,682,5892,145,682,0.0021240907671702188,4.1165072129743235e-05,1.8105212854492225e-05,0.041555700718556854,352
Gad1-F-400018,37,34,3,108,34,3,0.00034209523863863804,3.0517376636337618e-06,9.061284372141214e-06,0.0018592030551228581,37
Gad1-F-400020,201,97,104,1077,97,104,0.00037563725161379947,6.831100510182247e-07,4.789121639430469e-05,0.010099994975126878,134
Gad1-F-400021,223,32,191,580,32,191,0.0002733391081910983,2.260386472146623e-07,8.366279090581469e-06,0.011205467061956685,131
Gad1-F-400022,503,160,343,3889,160,343,0.003011369756927575,2.737333497418776e-05,2.2146829639015098e-05,0.025275111803426963,352
Gad1-F-400023,64,13,51,468,13,51,8.097514952227175e-05,9.942968004377762e-08,8.60319887362853e-06,0.0032159187980503492,58
Gad1-F-400025,140,103,37,582,103,37,0.0002936923173324431,2.9344999600659464e-07,3.180140036017245e-05,0.007034822370735139,97
Gad1-F-400026,135,72,63,407,72,63,0.0008708904659051425,1.718621103555864e-05,1.1698667437170611e-05,0.006783578714637455,132
Gad1-F-400027,188,55,133,976,55,133,0.0013626965927059484,6.9582846192764e-06,2.301932973088958e-05,0.009446761469272901,170
Gad1-F-400028,112,55,57,318,55,57,0.000573901563685181,1.2093586210384606e-05,1.1284430388767462e-05,0.005627857896588111,106
Gad1-F-400029,82,54,28,277,54,28,0.0004636837757103372,2.821698460264002e-06,1.0309163751998847e-05,0.00412039596000201,82
Gad1-F-400030,95,60,35,394,60,35,0.0006205156438852393,2.3537228433253428e-06,2.1707013376997376e-05,0.004773629465855987,88
Gad1-F-400031,163,38,125,421,38,125,0.0005019120350333079,4.11658091016414e-06,8.857720963701539e-06,0.008190543188784483,142
Gad1-F-400032,509,132,377,4318,132,377,0.0030720344562993164,1.380710243639617e-05,2.200351599900606e-05,0.025576604190744184,352
Gad1-F-400033,32,20,12,105,20,12,2.6749979216091046e-05,5.106633266447205e-08,1.2665902641676459e-05,0.0016079593990251746,31
Gad1-F-400034,87,10,77,614,10,77,0.0001867927073113849,1.1599460754511237e-06,8.045663549145517e-06,0.004371639616099694,87
Gad1-F-400035,341,208,133,1993,208,133,0.012032436007033713,2.819525924447349e-05,3.2177551024178936e-05,0.017134817345862016,309
Gad1-F-400036,294,253,41,1026,253,41,0.00044487307884491343,2.1855906525979357e-07,6.414668867442454e-05,0.014773126978543792,150
Gad1-F-400037,160,151,9,508,151,9,0.000645342167784016,1.8055513477073368e-06,2.741616296251961e-05,0.008039796995125872,123
Gad1-F-400038,98,44,54,281,44,54,0.0013335905540730064,6.830312384767032e-07,1.1759891587606867e-05,0.004924375659514597,94
Gad1-F-400039,650,317,333,3765,317,333,0.005432722249608761,0.00021079059167270967,9.294825078486623e-05,0.03266167529269886,300
Gad1-F-400040,100,8,92,262,8,92,1.9209348039855198e-05,5.355176716618029e-09,8.104386180209399e-06,0.00502487312195367,85
Gad1-F-400042,141,75,66,415,75,66,0.0012300591763646856,2.9532317052893012e-06,1.235687902002938e-05,0.007085071101954676,131
Gad1-F-400044,195,70,125,892,70,125,0.00029295298404090667,2.4763300049861185e-07,2.7212187352499796e-05,0.009798502587809657,147
Gad1-F-400045,6,2,4,10,2,4,6.784667995821828e-07,4.100278731103648e-11,7.714401879458662e-06,0.0003014923873172202,6
Gad1-F-400046,38,26,12,206,26,12,3.5347120667484074e-05,4.615105786920806e-08,2.4684679789845786e-05,0.0019094517863423948,38
Gad1-F-400047,75,74,1,221,74,1,0.0007951191241788154,6.2747743921565765e-06,1.045474187629516e-05,0.003768654841465253,74
Gad1-F-400048,123,95,28,347,95,28,0.0010780860679894793,5.500250074185506e-06,1.3143150903226315e-05,0.0061805939400030145,121
Gad1-F-400049,220,118,102,1011,118,102,0.0021718110404122196,5.7104500356042495e-05,4.6087266881954966e-05,0.011054720868298076,209
Gad1-F-400050,158,80,78,573,80,78,0.0010081794585606854,2.878156134640875e-05,1.2551075384597033e-05,0.0079392995326868,148
Gad1-F-400051,82,55,27,196,55,27,0.000462669688992159,2.1876312077945883e-06,9.923287428365342e-06,0.00412039596000201,82
Gad1-F-400052,171,77,94,599,77,94,0.0010076983330019103,3.2863043316328504e-05,1.1591872028496011e-05,0.008592533038540778,152
Gad1-F-400053,426,149,277,3027,149,277,0.0019176610153875608,7.501279492435557e-06,2.1770177252361687e-05,0.021405959499522637,231
Gad1-F-400054,336,203,133,1568,203,133,0.0022537717183424583,1.1410675990509716e-05,5.2763451042698046e-05,0.016883573689764335,226
Gad1-F-400055,90,60,30,354,60,30,0.00024534529187457714,1.6543858650869073e-07,1.8728738111182635e-05,0.004522385809758303,78
Gad1-F-400056,86,75,11,281,75,11,0.0021621991048930626,1.0149070891998444e-05,1.2483322624566821e-05,0.004321390884880157,85
Gad1-F-400057,161,29,132,485,29,132,0.00018959635706943464,1.1695214184342539e-07,1.9006544636278267e-05,0.00809004572634541,140
Gad1-F-400058,18,2,16,60,2,16,2.115760685024483e-06,9.723907648663719e-11,7.815644853445612e-06,0.0009044771619516607,18
Gad1-F-400059,235,19,216,578,19,216,0.00010930222749099588,2.9322532241770528e-06,8.545640537148216e-06,0.011808451836591126,158
Gad1-F-400060,481,67,414,21114,67,414,0.0012229564304161442,0.00018261350725951557,1.0600900575393708e-05,0.024169639716597156,348
Gad1-F-400061,284,258,26,1090,258,26,0.00039818509726949043,1.0273316531896425e-07,7.527484807241398e-05,0.014270639666348424,150
Gad1-F-400062,58,44,14,140,44,14,0.000365709270562619,4.4723805510035465e-06,8.95762355581488e-06,0.002914426410733129,57
Gad1-F-400063,45,38,7,116,38,7,0.001058845603886904,8.574097510620798e-06,1.1421450866571789e-05,0.0022611929048791516,45
Gad1-F-400064,331,188,143,1790,188,143,0.008802731419279139,2.851733430262091e-05,2.4218502619070212e-05,0.01663233003366665,310
Gad1-F-400065,211,59,152,674,59,152,0.00021687995361116855,1.0503381755899747e-07,2.4087321828094568e-05,0.010602482287322246,148
Gad1-F-400066,673,625,48,2211,625,48,0.015034114088236279,2.30369843037317e-05,4.60367720170628e-05,0.0338173961107482,352
Gad1-F-400067,296,38,258,912,38,258,0.0005606123754525923,7.751600289689112e-06,8.747805378487546e-06,0.014873624440982865,150
Gad1-F-400068,282,25,257,778,25,257,0.00013343995666583385,1.1529632451665722e-07,8.035783149193738e-06,0.014170142203909351,143
Gad1-F-400069,211,20,191,538,20,191,0.00014990911205107964,6.093143192683104e-06,8.100885701089185e-06,0.010602482287322246,146
Gad1-F-400070,191,163,28,531,163,28,0.004230380285653514,7.6178463901327005e-06,1.8677091623047434e-05,0.009597507662931512,143
Gad1-F-400071,280,86,194,758,86,194,0.0016637622922152941,1.153346987346554e-05,1.3742679749010678e-05,0.014069644741470278,161
Gad1-F-400072,234,176,58,1129,176,58,0.0009886931423606843,1.055047531098619e-05,2.1677288492953213e-05,0.01175820310537159,191
Gad1-F-400073,202,196,6,602,196,6,0.0019632941437115483,1.583392888370678e-05,4.938975263396299e-05,0.010150243706346415,131
Gad1-F-400074,162,106,56,631,106,56,0.00221374639782294,4.027877285666666e-05,1.838425948968963e-05,0.008140294457564947,142
Gad1-F-400075,227,161,66,1251,161,66,0.0008075046049568735,2.0956921745977388e-06,1.6672857852524628e-05,0.011406461986834832,199
Gad1-F-400076,421,74,347,2714,74,347,0.0002707367766069902,2.4452427206131566e-07,1.9189126699267406e-05,0.021154715843424952,150
Gad1-F-400077,751,221,530,4444,221,530,0.012083518667086969,9.964134523150322e-05,4.126093141655295e-05,0.03773679714587207,352
Gad1-F-400078,127,86,41,539,86,41,0.00115730585373069,1.4780802457337525e-05,1.4771548220223047e-05,0.006381588864881162,120
Gad1-F-400080,226,92,134,686,92,134,0.0001536344158129395,7.37791229464903e-08,2.3441189732323837e-05,0.011356213255615295,148
Gad1-F-400081,65,41,24,191,41,24,0.0007803074935586502,9.222609659153474e-06,9.471272613615612e-06,0.003266167529269886,65
Gad1-F-400082,95,61,34,214,61,34,0.001942862696341707,1.3665986326588562e-06,1.0552993749717521e-05,0.004773629465855987,95
Gad1-F-400084,117,93,24,320,93,24,0.001778153817293018,1.9990737721942185e-06,1.1883562798205325e-05,0.005879101552685795,116
Gad1-F-400085,232,34,198,754,34,198,0.00020814085763551073,3.789311648389626e-06,9.236441546729392e-06,0.011657705642932515,142
Gad1-F-400086,240,147,93,942,147,93,0.00138176932884078,0.00015709753327948836,1.9937704445065434e-05,0.01205969549268881,205
Gad1-F-400087,91,37,54,342,37,54,0.00011927440006170959,3.488890642511528e-07,1.3645500001098161e-05,0.0045726345409778405,86
Gad1-F-400088,334,261,73,2786,261,73,0.0018616234394123507,5.801962650779321e-05,3.9112103537330776e-05,0.01678307622732526,211
Gad1-F-400089,219,93,126,712,93,126,0.001309972330892964,3.317718059451555e-05,1.432913886654272e-05,0.011004472137078539,176
Gad1-F-400090,63,60,3,258,60,3,0.0001235722295603983,1.6441153610967246e-07,2.410104912148727e-05,0.0031656700668308124,55
Gad1-F-400091,12,6,6,49,6,6,8.499151761573629e-06,2.2344261700846766e-09,1.0388890620414145e-05,0.0006029847746344405,12
Gad1-F-400093,97,47,50,453,47,50,0.000717702378689944,6.728317401418913e-05,1.3043036624209288e-05,0.004874126928295061,94
Gad1-F-400094,227,95,132,879,95,132,0.001138420210700656,1.2680517306343655e-05,2.5448853124926058e-05,0.011406461986834832,133
Gad1-F-400095,110,56,54,392,56,54,0.0005424525626413955,1.0780304764791725e-05,1.0304479300837097e-05,0.005527360434149038,107
Gad1-F-400096,252,162,90,1022,162,90,0.00244561678995152,1.0121591901695605e-05,6.206573056563148e-05,0.01266268026732325,223
Gad1-F-400097,60,49,11,139,49,11,0.0017539486713665864,7.781594100251202e-06,1.0154581841994994e-05,0.0030149238731722026,60
Gad1-F-400098,184,178,6,598,178,6,0.003299076169628786,1.1854525714112905e-05,3.280306856500348e-05,0.009245766544394754,146
Gad1-F-400099,315,288,27,1278,288,27,0.0004937079002144171,3.8273766122643735e-07,9.052979092595619e-05,0.015828350334154064,150
Gad1-F-400101,64,55,9,242,55,9,0.0010368171690642277,1.0722786355086513e-05,1.0701665924328905e-05,0.0032159187980503492,64
Gad1-F-400102,166,92,74,805,92,74,0.0003767679986955473,1.950202169736e-06,1.7154167200453707e-05,0.008341289382443093,135
Gad1-F-400103,756,618,138,6533,618,138,0.013101873286919124,1.5212466809646628e-05,7.022130506705685e-05,0.03798804080196975,352
Gad1-F-400104,33,9,24,93,9,24,0.0001593401424120628,4.3078970289012595e-07,8.480698318621829e-06,0.0016582081302447113,33
Gad1-F-400105,40,16,24,94,16,24,3.224574135791812e-05,2.9776967598477715e-08,8.314490476778768e-06,0.002009949248781468,40
Gad1-F-400106,249,49,200,1222,49,200,0.00392133087498536,2.4979409168214206e-05,1.4101377752762037e-05,0.01251193407366464,236
Gad1-F-400107,170,80,90,713,80,90,0.0008098181702894386,1.3864370591959308e-05,1.555088023794181e-05,0.00854228430732124,120
Gad1-F-400108,257,143,114,1332,143,114,0.0011540932444870594,0.00015762825557638874,7.16355438774123e-05,0.012913923923420934,196
Gad1-F-400109,130,74,56,733,74,56,0.0008140549220811711,1.7395791711882554e-06,2.3022375089801877e-05,0.006532335058539772,128
Gad1-F-400110,51,30,21,135,30,21,7.696298975338697e-05,6.817825754204196e-06,8.627308639798408e-06,0.002562685292196372,51
Gad1-F-400112,419,118,301,2540,118,301,0.006969630481686752,6.522219988176946e-06,2.2534246164947674e-05,0.02105421838098588,346
Gad1-F-400113,566,269,297,3845,269,297,0.0005668299227725157,8.32463163546125e-07,0.00013474301006413387,0.028440781870257777,150
Gad1-F-400115,25,16,9,80,16,9,9.895294354536971e-05,2.1738310376647734e-08,9.885204231658831e-06,0.0012562182804884176,25
Gad1-F-400117,210,88,122,1116,88,122,0.00031104307027946145,3.221853008234248e-07,5.419930223171583e-05,0.010552233556102708,148
Gad1-F-400118,887,433,454,3944,433,454,0.01305051282421401,1.2327696580078638e-05,0.0001020427090880801,0.04457062459172906,352
Gad1-F-400119,249,143,106,1859,143,106,0.0005286552842021071,1.1440714482899074e-06,9.414693292543692e-05,0.01251193407366464,138
Gad1-F-400120,165,53,112,549,53,112,0.0015513634905085028,1.5915601454910876e-06,9.91095271491815e-06,0.008291040651223557,162
Gad1-F-400121,276,171,105,1499,171,105,0.0031960507650389876,1.121980460652505e-05,2.6200480123155412e-05,0.013868649816592131,164
Gad1-F-400122,104,10,94,391,10,94,3.685937047428741e-05,6.270167861715673e-07,7.715393615904871e-06,0.005225868046831818,96
Gad1-F-400123,51,28,23,320,28,23,7.123634813534021e-05,2.8070739326317514e-07,1.9444615413385358e-05,0.002562685292196372,45
Gad1-F-400124,428,76,352,2436,76,352,0.0007187055833867146,2.4796364870100143e-06,1.1585727152969395e-05,0.021506456961961712,205
Gad1-F-400125,218,50,168,1024,50,168,0.0008612310560215165,1.196902036113942e-06,2.5073088489499174e-05,0.010954223405859002,147
Gad1-F-400126,121,70,51,1371,70,51,0.00020134117892752512,1.2213175624242447e-06,5.5339422837819066e-05,0.006080096477563942,94
Gad1-F-400127,273,20,253,2285,20,253,9.388894956804332e-05,1.1786423109685106e-07,8.601173012294134e-06,0.01371790362293352,221
Gad1-F-400128,798,391,407,4264,391,407,0.0013329920849991222,3.7518604149744015e-06,0.00015697267372147608,0.04009848751319029,150
Gad1-F-400129,202,96,106,995,96,106,0.0004200519063774631,2.73183664241082e-06,1.1470899226598799e-05,0.010150243706346415,194
Gad1-F-400130,485,108,377,2275,108,377,0.006107671001102648,2.8023235643511068e-06,1.6950030551494957e-05,0.024370634641475302,352
Gad1-F-400131,354,217,137,3164,217,137,0.0012141317590096976,3.086229340893404e-05,3.061974231846022e-05,0.017788050851715993,211
Gad1-F-400132,396,208,188,1808,208,188,0.0038684521484865374,6.017160159341148e-06,1.9948313557325794e-05,0.019898497562936535,240
Gad1-F-400133,328,18,310,2020,18,310,0.0006529713951256226,4.988590449626123e-07,1.1029983976803563e-05,0.01648158384000804,241
Gad1-F-400134,406,144,262,2239,144,262,0.0015640888231405446,5.0933623916264e-06,3.3718861776995676e-05,0.0204009848751319,226
Gad1-F-400135,248,110,138,1151,110,138,0.0015128013847027506,3.6621280063094396e-06,1.5257179585703187e-05,0.012461685342445104,146
Gad1-F-400138,313,268,45,1591,268,45,0.0003928898789170978,1.6269433676434076e-07,9.148684714526901e-05,0.01572785287171499,148
Gad1-F-400139,720,482,238,8629,482,238,0.006368440207252144,0.005531150470422602,0.0001396636138499101,0.036179086478066426,348
Gad1-F-400140,169,63,106,1181,63,106,0.0005080346508296495,7.032118094210743e-07,1.661419821811848e-05,0.008492035576101703,118
Gad1-F-400141,121,39,82,705,39,82,0.00011660362675441511,1.3958661481340827e-07,1.050036507789456e-05,0.006080096477563942,104
Gad1-F-400142,550,236,314,2927,236,314,0.004429575310750435,1.321581411818145e-05,2.1359766919015134e-05,0.027636802170745187,352
Gad1-F-400143,598,191,407,3933,191,407,0.003406334091688355,2.766506979694105e-06,2.1489487514885602e-05,0.03004874126928295,268
Gad1-F-400144,149,84,65,965,84,65,0.0010298367395646791,3.521505788509503e-06,4.111137635365034e-05,0.007487060951710969,146
Gad1-F-400145,134,16,118,724,16,118,0.00020904633561316029,2.126092861116202e-07,9.009140539233322e-06,0.006733329983417919,123
Gad1-F-400146,137,76,61,837,76,61,0.000225345781298376,1.4503969006583321e-06,3.9204950639843875e-05,0.006884076177076529,89
Gad1-F-400147,553,135,418,2276,135,418,0.002850754972131348,2.0536553486840403e-05,1.8568924464371492e-05,0.027787548364403798,329
Gad1-F-400148,464,168,296,2974,168,296,0.0044582167583089504,1.3595290308702936e-05,2.2190001258963802e-05,0.02331541128586503,352
Gad1-F-400149,204,68,136,965,68,136,0.00043288478385170617,9.67375394534342e-06,1.1988424807439413e-05,0.010250741168785488,183
Gad1-F-400150,464,190,274,3156,190,274,0.00526045040053598,1.5316951255976665e-05,2.532530273887935e-05,0.02331541128586503,352
Gad1-F-400151,901,252,649,5721,252,649,0.003653228905012821,1.9595454514079152e-05,1.9828559771480956e-05,0.04527410682880257,352
Gad1-F-400152,377,203,174,2572,203,174,0.011643622245032454,6.012887091022325e-05,3.864998815091651e-05,0.01894377166976534,346
Gad1-F-400153,228,114,114,1320,114,114,0.00155795930285316,1.0380596720439415e-05,2.3733191090890383e-05,0.01145671071805437,200
Gad1-F-400154,764,398,366,3889,398,366,0.006589763596672588,2.3069305836851235e-05,0.00011214906704284416,0.03839003065172605,298
Gad1-F-400155,355,5,350,2021,5,350,3.089336460265639e-05,1.1331221397638366e-08,7.818218364350682e-06,0.01783829958293553,211
Gad1-F-400156,414,104,310,2819,104,310,0.0009913802319484227,1.4449109365093208e-05,1.586401819632389e-05,0.020802974724888196,211
Gad1-F-400157,806,239,567,4777,239,567,0.003651192531685966,1.6059696937904885e-05,7.603968845057564e-05,0.04050047736294658,318
Gad1-F-400158,1162,252,910,11374,252,910,0.00396078549488298,1.535573953947679e-05,3.41479472626849e-05,0.05838902567710166,352
Gad1-F-400159,567,131,436,2232,131,436,0.0043981289888359604,8.62549543529347e-05,4.132999395002411e-05,0.028491030601477313,349
Gad1-F-400160,517,221,296,3188,221,296,0.003200031141701405,3.973717701932528e-05,2.066041880257255e-05,0.02597859404050048,352
Gad1-F-400161,227,161,66,1151,161,66,0.002562962088709851,6.8680930973444224e-06,3.762937217296608e-05,0.011406461986834832,193
Gad1-F-400162,322,98,224,1522,98,224,0.001732609277628979,4.2138606869522634e-05,1.5024273495471954e-05,0.01618009145269082,211
Gad1-F-400163,136,50,86,434,50,86,0.0005173016322370348,7.704509071006298e-06,9.973623440035956e-06,0.006833827445856992,133
Gad1-F-400164,280,150,130,1268,150,130,0.007401735810709917,2.9305768609289395e-05,2.578426825322708e-05,0.014069644741470278,271
Gad1-F-400165,412,209,203,3097,209,203,0.012406307670089524,5.18420357955255e-05,3.8386045963749836e-05,0.020702477262449122,352
Gad1-F-400166,518,118,400,2673,118,400,0.005460015493514935,2.166797359898588e-05,2.956477425106782e-05,0.026028842771720014,236
Gad1-F-400167,410,226,184,2446,226,184,0.011849864029801182,6.224201881050223e-05,3.644732994519862e-05,0.02060197980001005,349
Gad1-F-400168,259,218,41,1409,218,41,0.0008618282594428139,3.8341964528537e-06,2.6325566724918556e-05,0.013014421385860007,187
Gad1-F-400169,351,201,150,2333,201,150,0.01217139603731414,6.429708120920945e-05,3.8019316030574475e-05,0.017637304658057382,333
Gad1-F-400170,516,203,313,2829,203,313,0.009582432471660147,3.8867600945857034e-05,3.0335625672770894e-05,0.02592834530928094,352
Gad1-F-400171,327,297,30,1610,297,30,0.0014331545379429119,1.2936548622222131e-05,4.9397288040592966e-05,0.016431335108788504,194
Gad1-F-400172,301,15,286,1642,15,286,0.0001303956001641128,2.184009971841358e-07,8.30632179578997e-06,0.015124868097080548,159
Gad1-F-400173,359,223,136,2482,223,136,0.0009275334685770477,2.5460027028860673e-06,3.136786388322521e-05,0.018039294507813677,211
Gad1-F-400175,439,190,249,2937,190,249,0.01212727763059203,5.448747488156873e-05,3.5705521128032015e-05,0.022059193005376614,352
Gad1-F-400176,529,198,331,3968,198,331,0.005391033115273524,1.702768542938254e-05,2.6581952019292618e-05,0.02658157881513492,352
Gad1-F-400177,306,91,215,2718,91,215,0.006275987972012374,3.724437589311213e-06,1.4933394805034386e-05,0.015376111753178233,272
Gad1-F-400178,837,296,541,4222,296,541,0.010258110005622984,6.87591176440678e-05,4.607177220456986e-05,0.042058188030752224,352
Gad1-F-400179,330,283,47,1338,283,47,0.0005169958084821993,2.2385246992332496e-07,8.751211760007724e-05,0.016582081302447114,150
Gad1-F-400180,235,60,175,1226,60,175,0.00017887805419179706,3.772170076165096e-07,3.051765416085159e-05,0.011808451836591126,148
Gad1-F-400181,854,64,790,8367,64,790,0.0035707870821722874,2.468238237521028e-06,1.748981540368652e-05,0.042912416461484346,352
Gad1-F-400182,249,95,154,1961,95,154,0.0001388103414330165,3.249835918318502e-07,0.00017535833045313013,0.01251193407366464,115
Gad1-F-400183,149,47,102,790,47,102,0.00040337611100497284,5.36390554632175e-07,1.3156898703990435e-05,0.007487060951710969,108
Gad1-F-400185,227,115,112,848,115,112,0.0025512762073522325,2.945071177546067e-05,1.7933250941743875e-05,0.011406461986834832,178
Gad1-F-400186,298,251,47,1161,251,47,0.000410311465120527,2.1653777695663995e-07,6.713295513384244e-05,0.014974121903421938,150
Gad1-F-400187,297,164,133,2277,164,133,0.002045530177243664,5.407226302180259e-06,4.494744633000716e-05,0.014923873172202402,230
Gad1-F-400188,64,39,25,247,39,25,8.812793085946303e-05,9.400147178097588e-08,1.6280682694718675e-05,0.0032159187980503492,63
Gad1-F-400189,634,44,590,2324,44,590,0.0005131710139403746,9.63031444377495e-06,1.0317372359851826e-05,0.03185769559318627,240
Gad1-F-400190,194,14,180,1156,14,180,0.0002875087570303088,1.34761336250322e-07,7.981219054503276e-06,0.009748253856590122,144
Gad1-F-400191,211,149,62,832,149,62,0.003157705914143095,0.00010635921320920856,1.9210432501400058e-05,0.010602482287322246,182
Gad1-F-400192,446,129,317,2624,129,317,0.0012564332703155375,7.025302073642101e-06,2.0683753400040496e-05,0.02241093412391337,205
Gad1-F-400193,87,74,13,345,74,13,0.001719138191803186,6.522171882850744e-06,1.59705028969641e-05,0.004371639616099694,87
Gad1-F-400194,189,100,89,1270,100,89,0.0003440595977677442,2.065331697812382e-06,5.2615015028464445e-05,0.009497010200492437,90
Gad1-F-400195,592,82,510,3902,82,510,0.0033005940370272498,2.983685438927104e-06,1.7432189585988745e-05,0.02974724888196573,352
Gad1-F-400196,137,72,65,528,72,65,0.0021663606741428843,1.993393235357763e-06,1.1304847933891728e-05,0.006884076177076529,102
Gad1-F-400197,112,59,53,389,59,53,0.0007380762444050262,1.6065693623679817e-05,9.999933628261809e-06,0.005627857896588111,110
Gad1-F-400198,98,41,57,327,41,57,0.0004076565774309627,6.705743950098488e-07,1.6734649532428266e-05,0.004924375659514597,89
Gad1-F-400199,245,193,52,939,193,52,0.0005107399976398471,6.807141584807737e-07,6.958810864872157e-05,0.012310939148786493,138
Gad1-F-400200,121,68,53,299,68,53,0.000960396857727328,2.299797560044864e-06,1.1435833446696411e-05,0.006080096477563942,119
Gad1-F-400201,605,169,436,3620,169,436,0.0028750921497764045,1.2885862332030683e-06,1.3013348935001718e-05,0.030400482387819706,352
Gad1-F-400202,116,34,82,406,34,82,0.00022747195024695082,3.440271392318617e-06,8.562433527896603e-06,0.005828852821466258,116
Gad1-F-400204,51,39,12,120,39,12,9.090727198321902e-05,1.415151249201863e-07,8.502436030570605e-06,0.002562685292196372,51
Gad1-F-400205,244,206,38,803,206,38,0.000491088473459499,3.039869626365474e-07,5.812836407043513e-05,0.012260690417566956,150
Gad1-F-400206,186,167,19,487,167,19,0.003207475422518078,2.7419534230095396e-05,2.279750029101852e-05,0.009346264006833827,144
Gad1-F-400207,719,228,491,5329,228,491,0.011131076514732425,0.0001711317908851814,4.147193173870049e-05,0.036128837746846894,352
Gad1-F-400208,533,276,257,3471,276,257,0.012112446571395704,0.00013870053176503417,4.390869827832353e-05,0.026782573740013065,352
Gad1-F-400209,249,140,109,1990,140,109,0.00045798083422975985,1.1652995275724943e-06,7.46232679351862e-05,0.01251193407366464,137
Gad1-F-400210,419,140,279,1691,140,279,0.004704806460710763,6.302591330336389e-05,1.8108190386432802e-05,0.02105421838098588,206
Gad1-F-400211,123,41,82,464,41,82,0.0004598227164342032,1.1767061984544814e-06,1.0284962126525455e-05,0.0061805939400030145,99
Gad1-F-400212,359,212,147,2928,212,147,0.013211186619473922,8.295569828183805e-05,4.776343868289456e-05,0.018039294507813677,340
Gad1-F-400213,213,105,108,648,105,108,0.00022051828194079662,6.158224527896086e-08,2.1915153267283044e-05,0.010702979749761319,150
Gad1-F-400214,106,59,47,396,59,47,0.00030096421165661116,4.3732201306404633e-07,1.5941157922882967e-05,0.005326365509270891,94
Gad1-F-400215,334,182,152,2551,182,152,0.003050794872986752,1.5852933406643468e-05,4.979483598612913e-05,0.01678307622732526,227
Gad1-F-400216,131,70,61,884,70,61,0.0001620236950735159,1.4358734539192809e-06,3.674217449952001e-05,0.006582583789759309,87
Gad1-F-400217,561,123,438,4874,123,438,0.0005078324985777686,1.2753216050064514e-06,2.53033715454147e-05,0.028189538214160093,175
Gad1-F-400218,143,84,59,805,84,59,0.0004340666145634567,1.4865568694830796e-06,3.904777261021633e-05,0.0071855685643937494,105
Gad1-F-400219,243,129,114,1965,129,114,0.0005722927564668742,2.2997759563679532e-06,1.5376584219191473e-05,0.01221044168634742,211
Gad1-F-400220,229,81,148,1338,81,148,0.0024003381739323383,3.5583712813700645e-05,1.528572063895004e-05,0.011506959449273905,201
Gad1-F-400221,65,52,13,212,52,13,0.0009744665939211335,6.024960187653922e-06,1.449655144659212e-05,0.003266167529269886,65
Gad1-F-400222,382,201,181,3133,201,181,0.011766343248199843,2.23553916401328e-05,3.299114541589216e-05,0.019195015325863023,349
Gad1-F-400223,273,115,158,1300,115,158,0.0011252255009052553,1.657661497074823e-05,1.8618169911679426e-05,0.01371790362293352,205
Gad1-F-400224,209,86,123,812,86,123,0.0011215686206421161,5.3984567084544494e-05,1.321200462302046e-05,0.010501984824883171,178
Gad1-F-400225,126,103,23,554,103,23,0.0003112647714838032,2.578106874938843e-07,3.063924511547216e-05,0.006331340133661625,98
Gad1-F-400226,431,72,359,3778,72,359,0.002447332324085783,9.521114430173342e-06,2.0957705346932225e-05,0.021657203155620322,205
Gad1-F-400227,363,29,334,3185,29,334,0.00041805405821511064,4.472713722281855e-07,8.311606615049283e-06,0.018240289432691823,346
Gad1-F-400228,241,151,90,922,151,90,0.00034923808632813803,2.3406707055667693e-07,3.2977865804126716e-05,0.012109944223908346,148
Gad1-F-400229,180,82,98,1011,82,98,0.0005055167778292919,8.201404751883257e-07,2.850217169678401e-05,0.009044771619516606,129
Gad1-F-400230,100,88,12,257,88,12,0.0026848639721031658,1.7071388205178378e-05,1.5131725468183312e-05,0.00502487312195367,98
Gad1-F-400231,224,157,67,862,157,67,0.0003723180213308161,3.582472863798199e-07,5.660622105541696e-05,0.011255715793176222,148
Gad1-F-400232,329,82,247,2126,82,247,0.000785196834219716,3.208604381243137e-05,1.6902052970793864e-05,0.016531832571227575,211
Gad1-F-400233,553,94,459,3266,94,459,0.0014088060661724558,0.0001108909608918997,1.6097278300452164e-05,0.027787548364403798,205
Gad1-F-400234,272,235,37,1146,235,37,0.00028949012101178457,1.2624881967928465e-07,6.171910158056279e-05,0.013667654891713983,148
Gad1-F-400236,153,120,33,554,120,33,0.00016997659997846143,8.388361452772487e-08,2.961469058329086e-05,0.0076880558765891165,134
Gad1-F-400237,330,95,235,1579,95,235,0.000579298369994325,1.4527928232210013e-06,2.2205591070024097e-05,0.016582081302447114,182
Gad1-F-400238,19,9,10,55,9,10,4.52908396903059e-06,3.2040274518594904e-10,1.0448687456650595e-05,0.0009547258931711974,19
Gad1-F-400239,409,223,186,3587,223,186,0.012785848790723833,5.846593070568494e-05,4.3041181008608814e-05,0.02055173106879051,352
Gad1-F-400240,1234,1212,22,14949,1212,22,0.03911952987313178,0.0001649318592186308,0.00025252725842542917,0.062006934324908294,352
Gad1-F-400241,317,65,252,1258,65,252,0.0012717746781364134,1.6530434244070271e-06,1.6031145626047228e-05,0.015928847796593135,241
Gad1-F-400242,144,132,12,461,132,12,0.003714227284928664,1.4244932985860382e-05,1.548664899691148e-05,0.007235817295613286,142
Gad1-F-400243,77,26,51,250,26,51,0.0018947716393911446,8.121846777455213e-07,9.102741526989545e-06,0.0038691523039043265,75
Gad1-F-400244,160,106,54,838,106,54,0.0006074606177067827,7.2259724750997425e-06,1.4510760628766757e-05,0.008039796995125872,128
Gad1-F-400245,66,24,42,303,24,42,0.0015099670936434314,5.804450704137853e-06,9.054977094938655e-06,0.0033164162604894225,66
Gad1-F-400246,234,186,48,1225,186,48,0.0039018191645796246,2.76907459001761e-06,2.0942326580224906e-05,0.01175820310537159,210
Gad1-F-400247,306,281,25,1140,281,25,0.0005594215731344496,3.987539126284105e-07,8.156771629785453e-05,0.015376111753178233,150
Gad1-F-400248,372,199,173,2162,199,173,0.0028952438651104508,0.0007413772065499151,3.341175773514059e-05,0.018692528013667654,289
Gad1-F-400249,1069,354,715,5309,354,715,0.011993364430583426,2.201261447293737e-05,5.5700563365291495e-05,0.05371589367368474,352
Gad1-F-400250,221,158,63,1003,158,63,0.0005811257003159803,5.796882432173753e-07,4.9160568179098846e-05,0.011104969599517612,139
Gad1-F-400252,197,73,124,744,73,124,0.00028991617039797517,2.687373972858304e-07,2.6168210614817647e-05,0.009899000050248732,143
Gad1-F-400254,260,228,32,924,228,32,0.00037693801812944483,1.1455365651122179e-07,5.38696704268773e-05,0.013064670117079544,150
Gad1-F-400255,411,37,374,2267,37,374,0.000365611501928864,1.6552080204272128e-06,1.0359988404580606e-05,0.020652228531229586,211
Gad1-F-400257,382,111,271,2202,111,271,0.0011581042536887244,1.4149376641768836e-05,2.094157227382648e-05,0.019195015325863023,211
Gad1-F-400258,178,45,133,674,45,133,0.00019667992069839584,1.319043060742108e-07,2.6534442870772695e-05,0.008944274157077534,142
Gad1-F-400259,427,109,318,1953,109,318,0.0020510701096667196,9.76569435994849e-06,1.3888444997124911e-05,0.021456208230742173,211
Gad1-F-400260,455,249,206,3821,249,206,0.01351167490304579,0.00010396049956191237,5.165902559751189e-05,0.0228631727048892,352
Gad1-F-400261,322,239,83,1324,239,83,0.007078060524467866,1.2591169495665294e-05,7.101519062698337e-05,0.01618009145269082,243
Gad1-F-400262,197,43,154,1335,43,154,0.0005134554226650545,7.294586609664984e-06,1.5520515841042336e-05,0.009899000050248732,184
Gad1-F-400263,609,110,499,3325,110,499,0.0015138177924505977,2.4969478910342187e-05,1.2258048782825493e-05,0.030601477312697856,352
Gad1-F-400264,423,244,179,3417,244,179,0.012949221919393624,7.05132898381594e-05,4.256337199811835e-05,0.021255213305864027,352
Gad1-F-400265,536,180,356,3968,180,356,0.0033627619167257952,1.5513582430836835e-05,2.4867938366010777e-05,0.026933319933671675,352
Gad1-F-400266,339,119,220,1625,119,220,0.0015876923585326729,7.959291316724755e-07,1.4753345535786298e-05,0.017034319883422945,241
Gad1-F-400267,610,62,548,3891,62,548,0.004666207292351691,2.7027721857436644e-06,1.4642554048577006e-05,0.03065172604391739,352
Gad1-F-400268,180,67,113,683,67,113,0.0006244548309630948,1.0772919028819901e-05,1.1002492103581465e-05,0.009044771619516606,159
Gad1-F-400269,369,241,128,3063,241,128,0.0038008818358392965,4.4450497396682445e-05,0.00013160289419351804,0.018541781820009044,274
Gad1-F-400270,123,71,52,613,71,52,0.00043848182299256256,4.931059047950781e-06,1.3191753127326829e-05,0.0061805939400030145,98
Gad1-F-400271,100,48,52,496,48,52,0.0003044999145010862,1.7359830847784568e-06,1.2561838751724047e-05,0.00502487312195367,84
Gad1-F-400272,559,171,388,5074,171,388,0.00443849578490128,1.979788867873907e-05,2.8378834738578283e-05,0.028089040751721018,352
Gad1-F-400273,70,34,36,556,34,36,0.00029955519749331094,5.848786880956026e-07,1.212939954128473e-05,0.0035174111853675696,66
Gad1-F-400274,337,76,261,3309,76,261,0.00613384843786485,3.1048222611441808e-06,1.6213655444113876e-05,0.01693382242098387,316
Gad1-F-400275,308,51,257,1922,51,257,0.0013153300380871935,2.2829997028769086e-06,1.163350090801542e-05,0.015476609215617306,210
Gad1-F-400276,375,213,162,2828,213,162,0.012126353358527216,4.004972815512818e-05,3.665174043747782e-05,0.018843274207326264,340
Gad1-F-400278,121,62,59,772,62,59,0.0005672866928400818,7.351374240454537e-06,2.4541660889955315e-05,0.006080096477563942,97
Gad1-F-400279,307,57,250,1954,57,250,0.0008751385988506714,1.2566551059360547e-06,9.563472535194941e-06,0.015426360484397768,229
Gad1-F-400280,569,180,389,4685,180,389,0.004851303364935741,1.418146211227876e-05,2.2674192786460427e-05,0.028591528063916388,352
Gad1-F-400281,1032,26,1006,9835,26,1006,0.0011825249615191854,6.37331828847301e-07,8.89463674307655e-06,0.05185669061856188,352
Gad1-F-400282,237,211,26,1257,211,26,0.006023794691932913,5.7695667929423395e-05,6.016926929619268e-05,0.0119089492990302,200
Gad1-F-400283,151,92,59,564,92,59,0.0005611595450834813,4.008013601385466e-06,1.5701343384230963e-05,0.007587558414150043,117
Gad1-F-400284,466,463,3,3147,463,3,0.0059113365838131485,0.0029207682953220236,0.00010685936416330346,0.023415908748304105,315
Gad1-F-400285,1358,740,618,12957,740,618,0.0173151303428307,2.3802818129558932e-05,0.00011099909999979202,0.06823777699613084,352
Gad1-F-400286,329,121,208,1167,121,208,0.0005230320839913094,1.2479829127359732e-06,1.9766995019574608e-05,0.016531832571227575,186
Gad1-F-400287,54,46,8,145,46,8,0.0007752450041685493,2.2146128837977443e-06,9.689012852344787e-06,0.002713431485854982,53
Gad1-F-400288,276,16,260,1265,16,260,0.00012507667228294148,3.426527291881496e-06,8.304856037345778e-06,0.013868649816592131,165
Gad1-F-400289,421,228,193,3096,228,193,0.013012772120667253,5.250564273868213e-05,3.6848882131075736e-05,0.021154715843424952,352
Gad1-F-400290,144,112,32,417,112,32,0.00021702297501388602,8.405655415501617e-08,2.405964092499536e-05,0.007235817295613286,128
Gad1-F-400291,752,603,149,13238,603,149,0.007158329788360401,0.015221176672809844,0.0003553035521799706,0.037787045877091606,348
Gad1-F-400292,2510,1882,628,12635,1882,628,0.05258298702333874,6.193730698761905e-05,0.00013943563331569991,0.12612431536103713,352
Gad1-F-400293,389,12,377,1441,12,377,0.00016310182632170949,4.588725797461983e-07,8.085388199591387e-06,0.01954675644439978,209
Gad1-F-400294,189,122,67,982,122,67,0.0003486488477393617,4.919406881397782e-07,3.887216637335548e-05,0.009497010200492437,133
Gad1-F-400295,236,217,19,856,217,19,0.00038066892019793214,2.1821320155845413e-07,5.62016638108541e-05,0.011858700567810663,150
Gad1-F-400296,109,60,49,570,60,49,0.0002636371780314811,2.3031465283096946e-07,2.9872161991360902e-05,0.005477111702929501,85
Gad1-F-400298,142,78,64,508,78,64,0.0003798284091948308,6.3098967039491215e-06,1.3193372247884417e-05,0.007135319833174212,114
Gad1-F-400299,272,132,140,1396,132,140,0.0027798233056812506,5.352593512914063e-06,1.881745853565675e-05,0.013667654891713983,195
Gad1-F-400300,940,290,650,5818,290,650,0.004319064998757179,5.1963169620936665e-05,2.6237974301700963e-05,0.0472338073463645,352
Gad1-F-400301,201,191,10,676,191,10,0.004689288486916788,8.089875103528146e-06,1.5907303320130015e-05,0.010099994975126878,198
Gad1-F-400303,727,414,313,5160,414,313,0.007226672596544353,5.1298906984788376e-05,9.582093005110366e-05,0.036530827596603185,298
Gad1-F-400304,346,101,245,2124,101,245,0.003020714034320378,2.524158778639705e-05,2.7628024543309795e-05,0.0173860610019597,203
Gad1-F-400305,347,149,198,2011,149,198,0.0025895450409367175,2.5891856993746814e-05,2.899242419444918e-05,0.017436309733179237,170
Gad1-F-400306,92,35,57,450,35,57,0.00032323117693258804,3.434886190398878e-06,1.3885841042366119e-05,0.004622883272197377,79
Gad1-F-400307,385,227,158,2221,227,158,0.012734179675290575,2.3978420718865934e-05,3.3101406489605465e-05,0.019345761519521634,349
Gad1-F-400308,191,113,78,1205,113,78,0.0003266483711252724,4.7202386457586133e-07,4.106231620289328e-05,0.009597507662931512,122
Gad1-F-400309,485,149,336,3865,149,336,0.0032746598426949256,1.7394607848742067e-05,2.7140011393494873e-05,0.024370634641475302,352
Gad1-F-400310,274,111,163,1792,111,163,0.0006320971431958295,4.926363343723385e-06,2.1906641891599413e-05,0.013768152354153058,183
Gad1-F-400311,374,178,196,2145,178,196,0.010587673733451609,1.6338891412093024e-05,2.745076125356545e-05,0.01879302547610673,331
Gad1-F-400312,178,24,154,809,24,154,0.0005323136473503108,4.114340830894265e-06,1.1336157570445733e-05,0.008944274157077534,168
Gad1-F-400313,165,157,8,405,157,8,0.004891691466891043,3.7230088935895105e-06,1.4851714957528902e-05,0.008291040651223557,161
Gad1-F-400314,248,91,157,1472,91,157,0.0005719497487154583,5.989944134414834e-06,1.11780315255832e-05,0.012461685342445104,205
Gad1-F-400315,709,252,457,3822,252,457,0.002623761370873196,7.333896909191497e-05,3.580949700349069e-05,0.035626350434651524,296
Gad1-F-400316,419,248,171,3044,248,171,0.01083967316750698,0.0001277037709511023,4.0206062372152366e-05,0.02105421838098588,352
Gad1-F-400317,294,23,271,1423,23,271,0.00015979967104630115,4.472763198669854e-07,8.766666106602096e-06,0.014773126978543792,184
Gad1-F-400318,391,210,181,2517,210,181,0.010586738979189459,8.512805381423993e-05,3.077981219892241e-05,0.019647253906838854,352
Gad1-F-400319,278,120,158,943,120,158,0.00032635129174571,1.8778778466210996e-07,2.6811609950944524e-05,0.013969147279031204,150
Gad1-F-400320,458,143,315,3325,143,315,0.003057326655143862,1.900690803394342e-05,2.6171515751633235e-05,0.02301391889854781,211
Gad1-F-400321,377,224,153,2386,224,153,0.013318557071110853,1.9013197600731085e-05,3.529192724652438e-05,0.01894377166976534,336
Gad1-F-400322,516,166,350,3920,166,350,0.004123130222257827,1.6983256447512978e-05,2.5483184677092063e-05,0.02592834530928094,352
Gad1-F-400323,300,71,229,3314,71,229,0.000870742811232705,0.0003871741746723435,1.0129347185591173e-05,0.015074619365861013,290
Gad1-F-400324,162,57,105,548,57,105,0.00018591688782792655,8.956114574765407e-08,1.3302629757091428e-05,0.008140294457564947,143
Gad1-F-400325,386,222,164,3025,222,164,0.010164324788394822,6.109127172210332e-05,3.8001578328813954e-05,0.01939601025074117,348
Gad1-F-400326,297,183,114,1576,183,114,0.007574479941153892,1.2827878053904273e-05,7.017010139469577e-05,0.014923873172202402,231
Gad1-F-400327,526,233,293,3010,233,293,0.010767148133407956,8.947984177490266e-05,3.5033772882570316e-05,0.02643083262147631,352
Gad1-F-400328,129,45,84,782,45,84,0.0008064008883533276,7.122416532757499e-07,8.734007050313373e-06,0.006482086327320235,120
Gad1-F-400329,508,242,266,2206,242,266,0.0029428275907447785,4.797072220296111e-06,2.9899216476832726e-05,0.025526355459524648,205
Gad1-F-400332,475,214,261,4286,214,261,0.01199015698555411,8.32023664075042e-05,4.236665458096993e-05,0.023868147329279936,352
Gad1-F-400333,409,196,213,2142,196,213,0.0009030173581729394,2.1714629263388147e-06,3.492715112642107e-05,0.02055173106879051,183
Gad1-F-400334,378,191,187,2957,191,187,0.010975412827715823,6.552612061212098e-05,2.725062070675753e-05,0.018994020400984874,345
Gad1-F-400335,347,120,227,2233,120,227,0.0035040138720372404,2.0891493585104236e-05,2.3608904014592065e-05,0.017436309733179237,205
Gad1-F-400336,151,86,65,961,86,65,0.000768216500904773,1.5422692001430797e-06,1.875809158708966e-05,0.007587558414150043,144
Gad1-F-400339,390,244,146,5183,244,146,0.001640443127575818,5.045418774121071e-05,4.653542599285647e-05,0.019597005175619315,205
Gad1-F-400340,785,128,657,3491,128,657,0.007271087456607062,3.480143835257621e-05,1.759364697100731e-05,0.03944525400733632,352
Gad1-F-400341,457,165,292,3242,165,292,0.002949959094817257,1.609552196918133e-05,2.3555991037203115e-05,0.022963670167328275,352
Gad1-F-400343,168,103,65,787,103,65,0.0006275576822905147,1.0985881421363759e-05,1.7768273881524058e-05,0.008441786844882167,136
Gad1-F-400344,187,134,53,829,134,53,0.00033478912513764915,4.791396718235076e-07,7.567678579548009e-05,0.009396512738053364,138
Gad1-F-400345,154,66,88,892,66,88,0.0002760464979261795,4.6714868903206793e-07,3.1527020170777705e-05,0.007738304607808653,93
Gad1-F-400346,178,127,51,988,127,51,0.0008096169372075508,6.252483386098303e-06,1.4055659128088064e-05,0.008944274157077534,177
Gad1-F-400347,608,16,592,4740,16,592,0.0008938645716953694,5.74642636345715e-06,8.656863424229566e-06,0.030551228581478317,352
Gad1-F-400348,411,224,187,3207,224,187,0.010927555172616376,6.748855229176373e-05,4.349350546385626e-05,0.020652228531229586,352
Gad1-F-400349,88,45,43,626,45,43,0.0003427109840410574,1.0774134057800175e-06,1.3112097076975711e-05,0.00442188834731923,79
Gad1-F-400350,268,207,61,1234,207,61,0.00047197728803851545,7.331442341314271e-07,7.25611761793777e-05,0.013466659966835838,142
Gad1-F-400351,469,277,192,3098,277,192,0.014689553607741188,4.527383747877471e-05,4.485855827168516e-05,0.023566654941962716,352
Gad1-F-400352,124,35,89,709,35,89,0.0002589472554796137,2.4169184215991543e-07,9.779107734668728e-06,0.006230842671222552,101
Gad1-F-400353,377,251,126,3645,251,126,0.0011057083005128869,9.476476397534135e-06,2.980789883243746e-05,0.01894377166976534,211
Gad1-F-400354,791,11,780,7763,11,780,0.00026359005786884656,1.1276326269896451e-07,8.100140890898764e-06,0.03974674639465354,352
Gad1-F-400355,422,237,185,2660,237,185,0.011301374958968614,9.5593424031655e-05,3.771238400926134e-05,0.02120496457464449,352
Gad1-F-400356,507,165,342,3763,165,342,0.0031140633110982655,1.1264631895814791e-05,2.1363471020737495e-05,0.02547610672830511,352
Gad1-F-400357,516,190,326,3426,190,326,0.001203545092622659,4.165207877639459e-06,4.243347407822197e-05,0.02592834530928094,205
Gad1-F-400358,183,92,91,691,92,91,0.0006123129321475068,1.0452127157061286e-05,1.8078033153653324e-05,0.009195517813175217,131
Gad1-F-400359,411,232,179,3354,232,179,0.013851462945299622,8.778125171397359e-05,5.2215429472562745e-05,0.020652228531229586,351
Gad1-F-400360,278,145,133,1319,145,133,0.0004966566552363948,6.052784900208782e-07,6.31586346567918e-05,0.013969147279031204,148
Gad1-F-400361,441,163,278,2920,163,278,0.0035163051650933578,1.7150962588621516e-05,1.8934706179490943e-05,0.022159690467815688,352
Gad1-F-400363,416,242,174,2793,242,174,0.011777371608986587,0.00019335473100283955,4.429482550302877e-05,0.02090347218732727,352
Gad1-F-400364,238,163,75,1146,163,75,0.001807219569019451,1.686804854434089e-05,3.763516038794706e-05,0.011959198030249736,192
Gad1-F-400365,161,93,68,736,93,68,0.00036210652076977377,1.0349316342804738e-06,1.7451288744952874e-05,0.00809004572634541,129
Gad1-F-400366,294,217,77,1871,217,77,0.012295260491308701,7.11775842778742e-05,3.638631578115739e-05,0.014773126978543792,282
Gad1-F-400367,367,134,233,1881,134,233,0.0015320518219760267,3.619426174322457e-06,4.070326234322388e-05,0.018441284357569972,231
Gad1-F-400368,519,245,274,2551,245,274,0.003354612095069049,4.741162514808901e-05,1.963904487327314e-05,0.02607909150293955,352
Gad1-F-400369,407,244,163,2800,244,163,0.013660038563132745,6.851848829074533e-05,4.758457821593566e-05,0.02045123360635144,349
Gad1-F-400370,411,239,172,3599,239,172,0.013650916281245717,8.307225875485754e-05,5.213835528655345e-05,0.020652228531229586,348
Gad1-F-400371,1287,968,319,6259,968,319,0.021221298601889222,2.9216718114721055e-05,7.224014006990225e-05,0.06467011707954375,352
Gad1-F-400372,117,79,38,767,79,38,0.00017672039169717413,1.1759741422883006e-06,5.749082972828935e-05,0.005879101552685795,89
Gad1-F-400373,655,254,401,4828,254,401,0.013380383644088594,9.128826173624478e-05,5.277216410620692e-05,0.03291291894879654,352
Gad1-F-400374,413,150,263,1776,150,263,0.0005577836349714144,2.069162459304642e-06,2.7569481702508515e-05,0.02075272599366866,186
Gad1-F-400375,151,78,73,715,78,73,0.000915480975740499,6.07822413732891e-06,1.7415957266576362e-05,0.007587558414150043,110
Gad1-F-400376,1296,909,387,93511,909,387,0.010350705628305562,0.218680406890778,0.0014178574138049927,0.06512235566051958,348
Gad1-F-400377,176,111,65,1086,111,65,0.0003038542746799264,9.400972733315395e-07,4.642275935181345e-05,0.00884377669463846,106
Gad1-F-400378,383,219,164,2831,219,164,0.01264361658019916,8.585417847860038e-05,4.4418379602269717e-05,0.01924526405708256,343
Gad1-F-400379,317,146,171,1797,146,171,0.002334805322830309,1.0918952393526312e-05,2.103029316914154e-05,0.015928847796593135,241
Gad1-F-400380,432,225,207,2988,225,207,0.01118240042717679,9.524273255044097e-05,3.862362974147612e-05,0.021707451886839858,352
Gad1-F-400381,470,215,255,3705,215,255,0.012232127338324014,7.94575442237011e-05,3.698865588148906e-05,0.02361690367318225,352
Gad1-F-400382,68,18,50,294,18,50,0.0008266492372749251,3.2878410479813686e-06,9.391553624862678e-06,0.003416913722928496,68
Gad1-F-400383,412,215,197,3394,215,197,0.012793637408005865,6.26843976821225e-05,3.9548110383903944e-05,0.020702477262449122,352
Gad1-F-400384,458,174,284,3137,174,284,0.004436503184875421,1.9853560864846965e-05,2.5409311919746227e-05,0.02301391889854781,352
Gad1-F-400385,375,364,11,1891,364,11,0.010622222680682594,2.3925335561770254e-05,3.8834958292344804e-05,0.018843274207326264,326
Gad1-F-400386,463,250,213,3506,250,213,0.011436377979096385,0.00010287963120350449,3.898730201990791e-05,0.023265162554645495,352
Gad1-F-400387,431,225,206,2878,225,206,0.011020863285543699,9.493650767120787e-05,3.509524869917854e-05,0.021657203155620322,352
Gad1-F-400388,433,207,226,3167,207,226,0.011637775747551685,0.00014330336469770667,4.146822293890521e-05,0.021757700618059393,352
Gad1-F-400389,458,202,256,3362,202,256,0.011851322256228647,9.047754410920456e-05,3.739755096656784e-05,0.02301391889854781,352
Gad1-F-400390,592,209,383,3980,209,383,0.00995125087721903,4.629779083065084e-05,3.102820748951328e-05,0.02974724888196573,352
Gad1-F-400391,969,167,802,6356,167,802,0.010546450065661779,5.1618666254150895e-05,3.363860038790514e-05,0.04869102055173107,352
Gad1-F-400392,126,85,41,606,85,41,0.00025935935660301884,1.6113302725356942e-06,3.426557611620161e-05,0.006331340133661625,89
Gad1-F-400393,488,215,273,3444,215,273,0.012991415882602279,8.493382760183608e-05,3.861525093070242e-05,0.024521380835133912,352
Gad1-F-400394,396,191,205,2867,191,205,0.007669099839918334,5.626416478815932e-05,2.5671274903142827e-05,0.019898497562936535,351
Gad1-F-400395,347,205,142,2729,205,142,0.0011672464725608256,9.612537091277515e-06,2.4199889345997013e-05,0.017436309733179237,205
Gad1-F-400396,313,26,287,1522,26,287,0.0002107521928585156,2.5986672656197597e-07,1.2451126076933673e-05,0.01572785287171499,241
Gad1-F-400397,382,12,370,3925,12,370,9.96242751708159e-05,2.9680962950518464e-07,7.960027083809425e-06,0.019195015325863023,231
Gad1-F-400398,409,297,112,2691,297,112,0.00908019853055814,2.3015780878755567e-05,4.145333650193949e-05,0.02055173106879051,351
Gad1-F-400399,142,119,23,1277,119,23,0.0009294590698110025,7.107298499730156e-06,2.516638745439074e-05,0.007135319833174212,137
Gad1-F-400400,260,220,40,1321,220,40,0.0039030934971568056,2.4359626017280865e-05,6.110944843196622e-05,0.013064670117079544,225
Gad1-F-400401,428,310,118,2720,310,118,0.0012738717672087722,8.810941219004778e-06,4.929080485604054e-05,0.021506456961961712,211
Gad1-F-400402,979,150,829,10166,150,829,0.003099698872307276,1.3473536852046397e-05,1.9145731482792856e-05,0.049193507863926435,352
Gad1-F-400403,468,247,221,4245,247,221,0.010971030039726349,0.00012745330184580896,4.2781899687347086e-05,0.02351640621074318,352
Gad1-F-400404,561,210,351,4231,210,351,0.007029635555333157,1.602915822867974e-05,3.1641655506177696e-05,0.028189538214160093,352
Gad1-F-400405,97,60,37,429,60,37,0.0015715510040957138,1.3743031920009264e-05,1.2659779297335522e-05,0.004874126928295061,96
Gad1-F-400407,31,23,8,101,23,8,0.0002624240499244176,1.7879519741089775e-07,8.737573288933057e-06,0.001557710667805638,31
Gad1-F-400409,941,284,657,8081,284,657,0.00433332661842783,3.548483197754176e-05,2.3370207144820843e-05,0.04728405607758404,352
Gad1-F-400410,980,320,660,5634,320,660,0.006936491615506938,5.2554232835966286e-05,2.6505171061195453e-05,0.049243756595145974,352
Gad1-F-400411,481,227,254,3703,227,254,0.002843164269777721,1.745464457349143e-05,5.23426328560867e-05,0.024169639716597156,231
Gad1-F-400412,344,333,11,1817,333,11,0.011278002315207135,1.7356271701865418e-05,4.386325700616384e-05,0.017285563539520626,321
Gad1-F-400413,495,199,296,3423,199,296,0.0073063368294046796,1.682837375047112e-05,2.6818946173645187e-05,0.024873121953670668,352
Gad1-F-400414,215,155,60,1257,155,60,0.001959500691961458,0.0013927773495585034,2.643108269468471e-05,0.010803477212200392,207
Gad1-F-400415,524,188,336,4166,188,336,0.004067746687469962,3.915782651218929e-06,2.6899188754539178e-05,0.026330335159037235,352
Gad1-F-400417,704,431,273,9280,431,273,0.005367932380647646,0.005557039296295374,0.00011184457377602858,0.03537510677855384,348
Gad1-F-400418,414,226,188,3776,226,188,0.012433524074938444,7.694550232952493e-05,4.079902288886587e-05,0.020802974724888196,352
Gad1-F-400419,112,49,63,627,49,63,0.00045385782058808674,4.425578017677587e-06,1.8431203362592357e-05,0.005627857896588111,88
Gad1-F-400420,793,169,624,4553,169,624,0.009954119389460161,5.988848598084534e-05,2.7289622861318995e-05,0.03984724385709261,352
Gad1-F-400422,1359,1350,9,18148,1350,9,0.044280494510549606,0.00016583613038850781,0.000304438083492307,0.06828802572735039,352
Gad1-F-400423,83,45,38,320,45,38,0.00019761829244612717,1.8743875376161787e-07,1.6279571052134746e-05,0.004170644691221546,76
Gad1-F-400424,55,28,27,184,28,27,0.00018373953324139045,1.4836130554546564e-07,1.608985767654978e-05,0.002763680217074519,53
Gad1-F-400425,392,214,178,2699,214,178,0.012034951236192613,1.5997831871962576e-05,4.172718898075456e-05,0.01969750263805839,348
Gad1-F-400426,145,135,10,459,135,10,0.0024512496159757625,1.8446099666215455e-05,1.689541755685761e-05,0.007286066026832822,144
Gad1-F-400427,791,591,200,15645,591,200,0.007194705510165999,0.030936091510648335,0.00019935171121240636,0.03974674639465354,348
Gad1-F-400428,132,56,76,743,56,76,0.0003857145223315053,8.395694089395634e-07,1.8985984154670094e-05,0.006632832520978845,104
Gad1-F-400430,99,78,21,380,78,21,0.0004281790887750843,6.425994195557642e-07,2.8068728293662983e-05,0.004974624390734134,86
Gad1-F-400431,108,40,68,423,40,68,0.0001908148450880864,3.640262345826928e-07,1.4992373308147627e-05,0.005426862971709964,86
Gad1-F-400432,235,60,175,1060,60,175,0.0004532780114450263,3.647069432102845e-06,1.1057229424391126e-05,0.011808451836591126,165
Gad1-F-400433,388,202,186,2199,202,186,0.005541353916131579,1.7812448549181272e-05,2.1126935527306238e-05,0.019496507713180244,352
Gad1-F-400434,48,22,26,215,22,26,9.151417187058517e-05,1.043025799468911e-07,1.154929763959651e-05,0.002411939098537762,44
Gad1-F-400435,710,239,471,4199,239,471,0.010127835696375664,3.2748289853646536e-05,3.635906815889078e-05,0.03567659916587106,352
Gad1-F-400437,1268,1257,11,16212,1257,11,0.03275406711894851,9.251154224657115e-05,0.00021320042257429563,0.06371539118637254,352
Gad1-F-400438,66,65,1,338,65,1,0.0008222542360624823,3.6025511785909543e-06,4.075629612129791e-05,0.0033164162604894225,63
Gad1-F-400439,278,78,200,1062,78,200,0.00030834725225902876,2.4574776930277473e-07,3.559367389608566e-05,0.013969147279031204,147
Gad1-F-400441,626,199,427,3906,199,427,0.011724675077195658,6.047360537661169e-05,3.6851573208431224e-05,0.03145570574342998,352
Gad1-F-400443,86,39,47,660,39,47,0.0002725717678648173,1.5535420019713294e-05,1.6496755396941873e-05,0.004321390884880157,78
Gad1-F-400444,179,79,100,668,79,100,0.0007448977267177181,6.704315661164931e-06,2.0993892953826082e-05,0.008994522888297071,122
Gad1-F-400445,24,22,2,67,22,2,4.8788753113564825e-05,5.897231789768549e-08,1.0003458580817426e-05,0.001205969549268881,24
Gad1-F-400446,133,76,57,531,76,57,0.00047464118361294417,2.809257088143417e-06,1.2940390447801838e-05,0.006683081252198382,114
Gad1-F-400447,32,21,11,113,21,11,6.318526577733384e-05,6.929327729586728e-08,1.5406697148728334e-05,0.0016079593990251746,32
Gad1-F-400448,135,85,50,580,85,50,0.00024843618173560225,2.5615960138590606e-07,3.478188210207702e-05,0.006783578714637455,120
Gad1-F-400449,213,94,119,997,94,119,0.00027999242841439414,2.96662810738791e-07,3.622671641204919e-05,0.010702979749761319,148
Gad1-F-400450,215,168,47,980,168,47,0.0017623051182719602,9.994115802296937e-06,2.2744960657360655e-05,0.010803477212200392,190
Gad1-F-400451,476,182,294,3245,182,294,0.0056155753778250805,2.0666142952913987e-05,2.5370009707405008e-05,0.02391839606049947,352
Gad1-F-400453,127,57,70,775,57,70,0.00016132478337711498,5.143009601396623e-07,2.150040009210753e-05,0.006381588864881162,88
Gad1-F-400454,419,210,209,3364,210,209,0.010592274848043303,4.141426252478829e-05,2.8022643672958223e-05,0.02105421838098588,352
Gad1-F-400455,382,181,201,2548,181,201,0.00843928426391199,3.796182017405169e-05,2.7673135482504516e-05,0.019195015325863023,349
Gad1-F-400456,255,107,148,1475,107,148,0.00045117230146489743,7.035889756489782e-07,0.00011525089006997453,0.01281342646098186,150
Gad1-F-400457,336,73,263,1982,73,263,0.0005458071451776904,7.603050369160979e-06,1.4675617945455701e-05,0.016883573689764335,183
Gad1-F-400458,469,232,237,4480,232,237,0.012565297549455592,6.453667997974488e-05,4.199805564054762e-05,0.023566654941962716,352
Gad1-F-400459,760,244,516,4048,244,516,0.0033424576354044847,2.5723424350012117e-05,2.1390709816796557e-05,0.0381890357268479,352
Gad1-F-400460,201,86,115,1171,86,115,0.0001435026063959415,2.0263015552578955e-07,0.00012387588684496857,0.010099994975126878,97
Gad1-F-400462,97,23,74,537,23,74,0.00018682199673865563,1.988484231244658e-07,9.403827971762023e-06,0.004874126928295061,83
Gad1-F-400463,398,200,198,3395,200,198,0.011280955861147652,7.223093865993619e-05,4.0428698544913225e-05,0.01999899502537561,352
Gad1-F-400464,691,420,271,4455,420,271,0.007651497621366668,8.960299405647538e-06,4.0703103643818306e-05,0.03472187327269986,352
Gad1-F-400465,496,206,290,2795,206,290,0.003427908337960016,2.7800062151996143e-05,6.881427081520993e-05,0.024923370684890207,308
Gad1-F-400466,358,176,182,1993,176,182,0.0007806555367382826,1.2043983518558657e-06,0.00012577238022589408,0.017989045776594142,150
Gad1-F-400467,182,75,107,842,75,107,0.0008951411083007849,6.005808263364021e-06,1.7428393512646845e-05,0.009145269081955681,118
Gad1-F-400468,364,292,72,1704,292,72,0.0005559173606834213,3.9029394103194334e-07,0.00011805272755533607,0.018290538163911362,148
Gad1-F-400470,718,241,477,4913,241,477,0.01065105827464207,9.917459388878115e-05,4.2175340622457244e-05,0.036078589015627355,352
Gad1-F-400471,426,247,179,3416,247,179,0.014224500630067725,5.213346747349279e-05,4.79136427447383e-05,0.021405959499522637,352
Gad1-F-400472,114,81,33,336,81,33,0.00022660820391757382,7.625124033738377e-08,1.847994874098187e-05,0.005728355359027185,107
Gad1-F-400473,859,465,394,13138,465,394,0.006234881880339702,0.005923919259520061,0.0001232791472042633,0.043163660117582034,348
Gad1-F-400474,64,53,11,265,53,11,0.001043758399408324,3.9530983970800106e-05,1.3570714911139239e-05,0.0032159187980503492,64
Gad1-F-400475,416,225,191,3647,225,191,0.011662721367671205,8.097348353026517e-05,4.185781301437796e-05,0.02090347218732727,352
Gad1-F-400476,404,222,182,3445,222,182,0.0114034394531554,0.0001123419730240154,4.0822593000946195e-05,0.02030048741269283,352
Gad1-F-400477,197,139,58,1038,139,58,0.0007254575971617295,6.42430832446266e-06,1.5418836813911615e-05,0.009899000050248732,188
Gad1-F-400478,449,197,252,2091,197,252,0.010018855947125552,4.462962317139575e-05,2.5057184382953957e-05,0.02256168031757198,352
Gad1-F-400479,228,57,171,972,57,171,0.00029207950003253355,2.0159057692830064e-07,2.7479406830572993e-05,0.01145671071805437,150
Gad1-F-400480,62,6,56,280,6,56,6.928766357386839e-06,9.63126422706899e-10,1.011929964008035e-05,0.003115421335611276,60
Gad1-F-400482,382,218,164,1713,218,164,0.0008445431421141269,7.503010308408955e-06,3.666374370764408e-05,0.019195015325863023,186
Gad1-F-400483,1232,595,637,8869,595,637,0.013216854309857893,2.8504615876905752e-05,7.226765578522714e-05,0.06190643686246922,352
Gad1-F-400484,320,83,237,1755,83,237,0.00043009626552636233,7.363118231465916e-06,1.2873621313636965e-05,0.016079593990251745,203
Gad1-F-400485,196,191,5,536,191,5,0.006405685166114455,1.1171895252361305e-05,1.676911504383652e-05,0.009848751319029195,190
Gad1-F-400486,55,14,41,211,14,41,2.3675087931808427e-05,5.5159254243223184e-09,8.912693808257122e-06,0.002763680217074519,45
Gad1-F-400487,233,125,108,1467,125,108,0.00039240510517043786,7.383395493168548e-07,8.112121198928797e-05,0.011707954374152053,138
Gad1-F-400488,546,187,359,2970,187,359,0.006642540732216088,3.810092851515936e-05,3.99260353445211e-05,0.02743580724586704,227
Gad1-F-400489,760,119,641,4056,119,641,0.003724267797960139,1.3122562237774772e-05,1.4232950199232079e-05,0.0381890357268479,352
Gad1-F-400490,275,99,176,1380,99,176,0.0003104023183897787,3.3047822773882714e-07,6.485397190660676e-05,0.013818401085372594,148
Gad1-F-400491,118,57,61,541,57,61,0.0004978567295844709,8.095824592562276e-07,1.4136683738664734e-05,0.0059293502839053314,97
Gad1-F-400492,293,173,120,1034,173,120,0.0003074429532749606,3.631351131802018e-07,5.055793181346594e-05,0.014722878247324255,148
Gad1-F-400493,311,269,42,1539,269,42,0.0004754717919042834,1.8795800415653697e-07,8.967831462605212e-05,0.015627355409275914,150
Gad1-F-400494,332,62,270,1966,62,270,0.0006471815549777745,3.6016045784881144e-06,1.700530517017043e-05,0.016682578764886186,241
Gad1-F-400495,164,74,90,897,74,90,0.00019199760201511822,2.3805708816490268e-07,3.7070384121906e-05,0.00824079192000402,121
Gad1-F-400496,301,115,186,1038,115,186,0.0002679144589563219,2.470255873234218e-07,2.0525829808006045e-05,0.015124868097080548,150
Gad1-F-400497,336,131,205,2760,131,205,0.0049386230276397694,8.178358643314227e-06,2.1411088553001407e-05,0.016883573689764335,307
Gad1-F-400498,337,163,174,1767,163,174,0.00048073732272110794,9.202410352916742e-07,6.32799167394067e-05,0.01693382242098387,148
Gad1-F-400499,180,36,144,757,36,144,7.110276482051494e-05,6.079783821590226e-08,9.172418980482424e-06,0.009044771619516606,138
Gad1-F-400501,615,177,438,4943,177,438,0.0051145216811767265,1.604757724550787e-05,2.3456743283410004e-05,0.030902969700015076,352
Gad1-F-400502,1177,836,341,6156,836,341,0.013476717345891592,0.0002584425382927515,0.00019635332086928884,0.0591427566453947,331
Gad1-F-400503,126,84,42,584,84,42,0.00022419152718525435,1.7342417042938968e-07,2.7260039889162414e-05,0.006331340133661625,107
Gad1-F-400504,426,357,69,1931,357,69,0.0008127787536742499,9.471183698235877e-07,0.00010697452584228864,0.021405959499522637,150
Gad1-F-400505,247,72,175,1249,72,175,0.0003857965718109143,8.032881712249414e-07,4.291678038463372e-05,0.012411436611225566,150
Gad1-F-400506,265,185,80,2107,185,80,0.000528818456047787,1.1248988960830942e-06,9.733964705850013e-05,0.013315913773177228,135
Gad1-F-400507,224,55,169,872,55,169,0.0003207837173861475,2.8909397240924896e-07,2.6398132392383044e-05,0.011255715793176222,150
Gad1-F-400508,228,67,161,904,67,161,0.0002921814454922733,4.145021053230251e-07,2.560231363415905e-05,0.01145671071805437,150
Gad1-F-400509,101,55,46,382,55,46,0.0009601720472625584,4.684478742422234e-07,1.3944952636560122e-05,0.005075121853173208,100
Gad1-F-400510,284,96,188,1392,96,188,0.0003436998808250369,2.7826670852092064e-07,7.220910120710555e-05,0.014270639666348424,150
Gad1-F-400511,458,277,181,2411,277,181,0.003795950468492935,0.001773513584817888,4.514297474341353e-05,0.02301391889854781,336
Gad1-F-400512,477,235,242,3945,235,242,0.013386925727848994,6.406498033651787e-05,4.7237398814214016e-05,0.02396864479171901,352
Gad1-F-400513,468,276,192,3855,276,192,0.013010849699069918,0.00018977606413082048,4.451189012242845e-05,0.02351640621074318,352
Gad1-F-400514,229,187,42,842,187,42,0.00034389609038837994,1.552088202503192e-07,4.287837695118413e-05,0.011506959449273905,148
Gad1-F-400515,420,218,202,3786,218,202,0.012444605452165202,9.219857940379938e-05,5.5721147498361795e-05,0.021104467112205417,352
Gad1-F-400517,99,54,45,393,54,45,0.0004294911031076196,1.221985877413565e-06,1.5074452537430323e-05,0.004974624390734134,90
Gad1-F-400518,31,29,2,118,29,2,0.0001320751384963526,1.0355648600955659e-07,1.389929887344898e-05,0.001557710667805638,31
Gad1-F-400519,231,60,171,1024,60,171,0.00023722457259940587,2.5240435907404227e-07,2.844757005146113e-05,0.01160745691171298,148
Gad1-F-400520,896,525,371,26726,525,371,0.0066592844507593315,0.0358187903991829,0.00020949022019125697,0.04502286317270489,348
Gad1-F-400522,227,111,116,1040,111,116,0.0005162733892709972,6.532526159568738e-07,4.1252138166813423e-05,0.011406461986834832,148
Gad1-F-400523,512,279,233,4418,279,233,0.012468418475046225,6.66318415559387e-05,4.6825707698585985e-05,0.025727350384402794,352
Gad1-F-400524,116,56,60,588,56,60,0.0006757787654142299,3.6331452698140044e-06,3.5215240498414776e-05,0.005828852821466258,100
Gad1-F-400526,499,276,223,3758,276,223,0.011600095331172207,0.0001777074839484934,4.066636372076689e-05,0.025074116878548817,352
Gad1-F-400527,402,191,211,3281,191,211,0.012429250534907378,9.986320600123062e-05,4.161379346326586e-05,0.020199989950253756,352
Gad1-F-400528,571,392,179,4711,392,179,0.013821207470090975,1.6277661397622312e-05,3.5683160483875115e-05,0.02869202552635546,352
Gad1-F-400529,676,604,72,4640,604,72,0.014678098704416564,1.9408142738581457e-05,6.641379741342432e-05,0.03396814230440681,352
Gad1-F-400530,184,70,114,729,70,114,0.00024455924542578607,2.269978493862408e-07,2.5768484322751268e-05,0.009245766544394754,138
Gad1-F-400531,303,256,47,1332,256,47,0.00040195200332509683,1.7457900447452184e-07,8.808001503098194e-05,0.015225365559519623,150
Gad1-F-400532,181,69,112,621,69,112,0.0003242552129681265,3.4859418693351037e-07,1.4827793794271985e-05,0.009095020350736144,139
Gad1-F-400533,265,125,140,1547,125,140,0.0003672058436706846,5.961241162420529e-07,5.9664361162115714e-05,0.013315913773177228,145
Gad1-F-400534,797,130,667,4113,130,667,0.002415935718945008,5.533679669647414e-06,1.3674800001663974e-05,0.04004823878197075,352
Gad1-F-400535,220,77,143,763,77,143,0.00012551942628544218,5.331822141043925e-08,1.96870659856637e-05,0.011054720868298076,150
Gad1-F-400536,58,36,22,156,36,22,0.00016897709533623454,2.0071616662786937e-07,8.43885872657229e-06,0.002914426410733129,58
Gad1-F-400537,209,91,118,1054,91,118,0.00033827907368273025,3.3759808761215654e-07,3.3188012208327626e-05,0.010501984824883171,107
Gad1-F-400538,467,238,229,3525,238,229,0.011353061882534715,0.0002788621185015278,5.1760768880479046e-05,0.02346615747952364,352
Gad1-F-400539,487,221,266,4117,221,266,0.011013796479924157,0.00013493664716538036,3.83833873752086e-05,0.024471132103914377,352
Gad1-F-400540,470,184,286,2207,184,286,0.0006227597429214894,1.7248535610865835e-06,3.6371445706433174e-05,0.02361690367318225,186
Gad1-F-400541,170,83,87,708,83,87,0.0011475296285439248,1.7211120163505192e-05,2.3857690703460263e-05,0.00854228430732124,125
Gad1-F-400542,96,64,32,276,64,32,0.001013083240117402,2.8731393140015598e-05,1.1428888656121066e-05,0.004823878197075524,94
Gad1-F-400545,242,175,67,952,175,67,0.0003076706022391787,1.8630873562908967e-07,5.009097028539693e-05,0.012160192955127883,150
Gad1-F-400546,145,112,33,439,112,33,0.0024781640904671053,3.655057984460458e-06,2.346349259983559e-05,0.007286066026832822,129
Gad1-F-400547,990,120,870,7391,120,870,0.0074058691976166815,1.817599757231848e-05,2.8283211089435153e-05,0.049746243907341336,352
Gad1-F-400548,371,209,162,2452,209,162,0.011870841040746446,2.09034412024956e-05,3.386001682649361e-05,0.018642279282448118,342
Gad1-F-400549,153,109,44,651,109,44,0.0004730393622454487,2.3317390723543426e-06,2.5209982293809338e-05,0.0076880558765891165,126
Gad1-F-400550,65,24,41,321,24,41,2.1562820333047423e-05,1.0048781746308533e-08,1.3902608192241552e-05,0.003266167529269886,63
Gad1-F-400551,456,262,194,3835,262,194,0.01384045552123769,5.9996698249567364e-05,4.9681432863451044e-05,0.02291342143610874,352
Gad1-F-400553,507,466,41,2493,466,41,0.011204409947469685,1.2050606542828904e-05,4.3812202784555295e-05,0.02547610672830511,352
Gad1-F-400554,318,264,54,1890,264,54,0.0006797028712545141,1.2859137667497436e-06,9.197203474494579e-05,0.015979096527812674,129
Gad1-F-400555,538,190,348,4600,190,348,0.005517563790983396,2.3099463254992967e-05,2.85562729478496e-05,0.027033817396110747,352
Gad1-F-400556,591,238,353,4668,238,353,0.007146714081850937,3.367625558491886e-05,4.1575366028454725e-05,0.029697000150746194,352
Gad1-F-400557,237,74,163,1038,74,163,0.000314481341336798,4.548631154892193e-07,3.204278245541364e-05,0.0119089492990302,148
Gad1-F-400558,175,107,68,892,107,68,0.0005061411926159904,5.121315978732997e-06,2.0466927433837627e-05,0.008793527963418923,138
Gad1-F-400559,110,53,57,426,53,57,0.00037119586369461816,1.2143693527233526e-06,2.0704266421217285e-05,0.005527360434149038,93
Gad1-F-400560,361,321,40,2178,321,40,0.0006932005687518765,6.952695531442687e-07,0.00012284567847097722,0.018139791970252752,148
Gad1-F-400561,215,80,135,993,80,135,0.0002841253528663061,2.7344604652585246e-07,3.88352588207859e-05,0.010803477212200392,147
Gad1-F-400562,449,234,215,3630,234,215,0.010888447994393714,8.110890257953512e-05,4.112129983118418e-05,0.02256168031757198,352
Gad1-F-400563,177,74,103,826,74,103,0.0009127495523652549,9.47596680367846e-06,1.876103075086934e-05,0.008894025425857996,128
Gad1-F-400564,173,119,54,720,119,54,0.0003656325577390073,2.7038758159722995e-07,2.9993247001633223e-05,0.00869303050097985,137
Gad1-F-400565,1180,1167,13,9059,1167,13,0.04042400382596325,0.0001476410458959082,0.0001731445519958601,0.05929350283905331,352
Gad1-F-400566,48,37,11,165,37,11,0.00017805874823933088,1.0858141595229669e-07,2.3230744125417758e-05,0.002411939098537762,45
Gad1-F-400567,324,266,58,1672,266,58,0.000520738501557491,3.918903550884883e-07,8.321015057322183e-05,0.016280588915129894,148
Gad1-F-400568,966,289,677,6881,289,677,0.004117890927192557,7.214467017209938e-05,2.3887562937858336e-05,0.04854027435807246,352
Gad1-F-400569,400,150,250,1857,150,250,0.004497081626230856,2.7565847000938127e-06,1.8050018908297628e-05,0.02009949248781468,331
Gad1-F-400570,244,139,105,775,139,105,0.0031325856007326466,2.1919621374586015e-06,4.254311516970676e-05,0.012260690417566956,165
Gad1-F-400571,324,209,115,1787,209,115,0.00683077497886177,1.7072866615818683e-05,0.00014474725461885362,0.016280588915129894,277
Gad1-F-400572,138,82,56,681,82,56,0.000254258671244902,1.6095745221506693e-07,3.204854479055749e-05,0.0069343249082960655,110
Gad1-F-400573,29,5,24,77,5,24,2.6173628374388472e-06,7.833148887214922e-10,9.51437065178201e-06,0.0014572132053665644,28
Gad1-F-400574,229,17,212,932,17,212,7.367185472505293e-05,8.732498841659838e-08,1.0137579691989541e-05,0.011506959449273905,148
Gad1-F-400575,145,112,33,1069,112,33,0.00013122429263532056,2.0833724753263466e-07,0.00011162635588824478,0.007286066026832822,72
Gad1-F-400576,92,12,80,431,12,80,0.0006700424635606548,3.8472675362898433e-07,8.931250239569668e-06,0.004622883272197377,88
Gad1-F-400577,602,242,360,3450,242,360,0.0032874242977088655,3.610713694515957e-05,1.9319356986244794e-05,0.030249736194161096,352
Gad1-F-400578,333,53,280,2118,53,280,0.0002795332776682327,4.087667848828485e-06,5.646219770413956e-05,0.016732827496105725,186
Gad1-F-400579,243,85,158,998,85,158,0.00032122030478122493,3.6124489189596946e-07,3.2458614047050986e-05,0.01221044168634742,148
Gad1-F-400580,265,198,67,1398,198,67,0.0004167516595831985,3.5890883212288317e-07,9.577937263263591e-05,0.013315913773177228,140
Gad1-F-400581,141,83,58,755,83,58,0.000991866545702982,5.604762180922159e-06,1.6987110106372592e-05,0.007085071101954676,121
Gad1-F-400582,172,83,89,836,83,89,0.0006688986451453677,2.282855921832251e-05,1.4616112640771815e-05,0.008642781769760313,122
Gad1-F-400583,391,80,311,3318,80,311,0.001490591815635785,1.332832521170129e-05,1.5899214270606847e-05,0.019647253906838854,211
Gad1-F-400584,108,44,64,513,44,64,0.0003383058841648506,6.731926035826237e-07,1.3462029325497093e-05,0.005426862971709964,90
Gad1-F-400585,213,84,129,877,84,129,0.00038092828112076886,3.4926721885383777e-07,2.9769763169908443e-05,0.010702979749761319,148
Gad1-F-400587,429,215,214,2533,215,214,0.012796344388319173,5.8898151857002834e-05,3.9542900674137e-05,0.021556705693181247,352
Gad1-F-400588,101,58,43,671,58,43,0.0002121178368589558,5.118998461975995e-07,2.247628743831966e-05,0.005075121853173208,84
Gad1-F-400589,253,71,182,1015,71,182,0.0003464287795106324,2.654249072891207e-07,2.3704234757391886e-05,0.012712928998542787,150
Gad1-F-400590,33,30,3,87,30,3,3.505347248690506e-05,1.3277101506026078e-08,1.76916798371399e-05,0.0016582081302447113,32
Gad1-F-400592,275,128,147,1672,128,147,0.000860939390078041,3.319481018263099e-05,1.5672385078930028e-05,0.013818401085372594,211
Gad1-F-400593,148,127,21,524,127,21,0.0008477805662957317,2.175257464447637e-06,1.75992467757105e-05,0.0074368122204914325,148
Gad1-F-400594,94,38,56,521,38,56,0.00040302315558629967,6.088349426754199e-07,1.1275889223188402e-05,0.004723380734636451,83
Gad1-F-400595,217,215,2,1008,215,2,0.0005374727631405975,5.457760642272076e-07,5.902894299351884e-05,0.010903974674639466,139
Gad1-F-400596,61,34,27,214,34,27,0.00013220309778124632,8.968997292805555e-08,1.3016790647727263e-05,0.003065172604391739,58
Gad1-F-400597,202,109,93,994,109,93,0.0002646371310532614,3.5145745165305067e-07,4.19266998722833e-05,0.010150243706346415,135
Gad1-F-400598,384,55,329,2838,55,329,0.0004876205975930623,3.8074135955541043e-05,1.3565744367971775e-05,0.019295512788302095,211
Gad1-F-400599,151,41,110,476,41,110,0.00040896488612311694,1.0359963559758143e-06,9.195779267092223e-06,0.007587558414150043,141
Gad1-F-400600,437,176,261,2654,176,261,0.0038876950793192274,1.2573990823781765e-05,3.44798250502574e-05,0.021958695542937542,246
Gad1-F-400601,228,53,175,1135,53,175,0.0002936993445394008,1.0426035792558414e-06,1.8703732031144096e-05,0.01145671071805437,148
Gad1-F-400602,102,78,24,500,78,24,0.0004445443574196551,3.7500969792918935e-07,2.6368723386467364e-05,0.005125370584392744,87
Gad1-F-400603,265,128,137,1385,128,137,0.0003833789006766078,4.6048186876249753e-07,6.667819824292799e-05,0.013315913773177228,148
Gad1-F-400604,216,107,109,1395,107,109,0.000433892855788492,1.3466158691676215e-06,2.3063383802234988e-05,0.010853725943419929,135
Gad1-F-400605,859,44,815,10354,44,815,0.0011560861688530637,6.543709800320387e-07,9.537358481030268e-06,0.043163660117582034,352
Gad1-F-400606,112,73,39,287,73,39,0.0007209865682089638,5.185291596091565e-06,1.1781642530655363e-05,0.005627857896588111,111
Gad1-F-400607,377,155,222,1568,155,222,0.0009053793517519095,6.060948902523058e-06,1.395732227070434e-05,0.01894377166976534,205
Gad1-F-400608,16,7,9,37,7,9,5.0657306954480445e-06,2.882987554253975e-10,1.1805478548247282e-05,0.0008039796995125873,16
Gad1-F-400609,342,91,251,1800,91,251,0.0012546689201913773,1.0230423398276282e-05,1.9917609061190712e-05,0.017185066077081555,205
Gad1-F-400610,123,61,62,686,61,62,0.0004705603773119867,3.7512508063218954e-06,3.0320461721388636e-05,0.0061805939400030145,99
Gad1-F-400611,190,153,37,729,153,37,0.0004071997745204099,6.252418514432252e-07,2.9529293802242973e-05,0.009547258931711974,145
Gad1-F-400612,376,331,45,2171,331,45,0.00719774831450452,1.1418847584580693e-05,0.00031182954671360935,0.018893522938545803,299
Gad1-F-400614,285,218,67,933,218,67,0.0005146466512498462,5.38176088989287e-07,4.6874743978653266e-05,0.014320888397567962,148
Gad1-F-400615,194,152,42,887,152,42,0.0020022827446059144,1.8449645566852457e-06,2.2563902088380683e-05,0.009748253856590122,177
Gad1-F-400616,234,65,169,987,65,169,0.00023816631046139408,2.544691837558087e-07,2.7209655293615577e-05,0.01175820310537159,148
Gad1-F-400617,335,290,45,1478,290,45,0.0005245059515559175,3.3409764616984704e-07,9.022104215892707e-05,0.016833324958544796,150
Gad1-F-400618,51,30,21,208,30,21,0.00011500850500616131,5.048339125628176e-08,1.4906204128783208e-05,0.002562685292196372,51
Gad1-F-400619,259,142,117,1399,142,117,0.0004162773578818891,4.922495539833075e-07,6.242500068963304e-05,0.013014421385860007,148
Gad1-F-400621,414,200,214,4342,200,214,0.0025634174293348365,0.00012079390173115832,5.2487329176367954e-05,0.020802974724888196,231
Gad1-F-400622,215,44,171,955,44,171,5.67956540159116e-05,1.4275651552167571e-08,1.4327813580034741e-05,0.010803477212200392,148
Gad1-F-400623,81,73,8,284,73,8,0.00014360717283760143,5.904017335585651e-08,2.6627041287151213e-05,0.0040701472287824735,74
Gad1-F-400624,10,6,4,37,6,4,2.5443500264474777e-06,2.37019594852652e-10,1.0854268446498966e-05,0.000502487312195367,9
Gad1-F-400625,92,61,31,335,61,31,0.00021575802830610418,2.1759676532308892e-07,2.1969930465558405e-05,0.004622883272197377,84
Gad1-F-400626,168,93,75,804,93,75,0.0017573728419328115,5.757346476867554e-06,2.6430193160496752e-05,0.008441786844882167,133
Gad1-F-400627,144,67,77,558,67,77,0.00022609844482156084,5.481235123070752e-07,1.271965692201209e-05,0.007235817295613286,109
Gad1-F-400628,144,78,66,791,78,66,0.0008854053871958258,2.7893775596783226e-06,2.3635866077748025e-05,0.007235817295613286,119
Gad1-F-400629,71,67,4,199,67,4,0.00025863247307944667,2.3516783579649712e-07,3.0422694633270132e-05,0.003567659916587106,58
Gad1-F-400630,226,122,104,968,122,104,0.004837745153530879,1.4689682085841858e-05,2.1445776281181188e-05,0.011356213255615295,196
Gad1-F-400631,439,238,201,3614,238,201,0.011603955364849728,0.00011935603464051665,4.576692156549127e-05,0.022059193005376614,352
Gad1-F-400632,204,67,137,694,67,137,0.00024317993724052686,1.2951669525218321e-07,3.0329025885747234e-05,0.010250741168785488,148
Gad1-F-400633,114,38,76,367,38,76,0.0003689417162278034,3.1686303338402866e-06,9.937622699469501e-06,0.005728355359027185,113
Gad1-F-400634,394,203,191,3504,203,191,0.010755112263727298,0.00014063031353222407,3.866123153636772e-05,0.019798000100497464,348
Gad1-F-400635,89,59,30,393,59,30,0.0002383057590589382,1.5936382898888697e-07,2.3798406826886037e-05,0.004472137078538767,73
Gad1-F-400636,404,215,189,3122,215,189,0.010541736071935459,0.00020775348247753945,3.693667965653833e-05,0.02030048741269283,352
Gad1-F-400637,167,95,72,493,95,72,0.0004613421774792655,2.524259407379997e-06,1.0937057628633687e-05,0.00839153811366263,138
Gad1-F-400638,206,107,99,785,107,99,0.00039703201527085865,3.04114847343133e-07,4.615805494400196e-05,0.010351238631224561,149
Gad1-F-400639,228,105,123,958,105,123,0.0003365508237609526,4.228901852230416e-07,3.253076424348189e-05,0.01145671071805437,148
Gad1-F-400640,183,157,26,467,157,26,0.0012825654622804633,9.87339312080782e-06,1.5073276464569361e-05,0.009195517813175217,145
Gad1-F-400641,241,97,144,1183,97,144,0.00036801748275485535,6.132318383013186e-07,4.834261838186833e-05,0.012109944223908346,150
Gad1-F-400644,413,140,273,1764,140,273,0.0004135003978678236,1.8775039952451663e-06,2.8084809194329962e-05,0.02075272599366866,181
Gad1-F-400645,325,215,110,1948,215,110,0.0030390381299824874,0.0018850500858566366,5.0628948380859004e-05,0.01633083764634943,300
Gad1-F-400646,301,219,82,1532,219,82,0.0019317328393324965,9.994047418177548e-06,3.7571272236696636e-05,0.015124868097080548,200
Gad1-F-400647,56,46,10,184,46,10,0.0002221129980960738,4.377131486261679e-06,9.183815439069e-06,0.0028139289482940555,56
Gad1-F-400649,255,83,172,1484,83,172,0.0003173023635459822,6.152665941448452e-07,4.816632458293799e-05,0.01281342646098186,150
Gad1-F-400650,371,52,319,2032,52,319,0.0006899366040486817,3.25170948568742e-06,1.1822953783589573e-05,0.018642279282448118,217
Gad1-F-400651,551,137,414,4727,137,414,0.0015100848421258078,8.9291066432656e-06,2.529634562236122e-05,0.027687050901964726,235
Gad1-F-400652,96,85,11,306,85,11,0.0017640320306416123,1.7556835901214338e-06,1.239785384906459e-05,0.004823878197075524,94
Gad1-F-400654,295,71,224,2150,71,224,0.0004136308940397597,5.235979981552215e-07,1.2955941136039198e-05,0.014823375709763328,204
Gad1-F-400655,333,121,212,1557,121,212,0.0016526423854020464,3.560872530296775e-05,1.640339996036329e-05,0.016732827496105725,211
Gad1-F-400656,51,25,26,182,25,26,8.360601301961452e-05,3.0975380783018796e-08,1.1928836515646084e-05,0.002562685292196372,50
Gad1-F-400657,36,22,14,117,22,14,5.552226067429297e-05,2.7875955507466696e-08,1.53263271452768e-05,0.0018089543239033215,35
Gad1-F-400658,116,31,85,621,31,85,9.771087169301795e-05,1.0677459908910711e-07,1.0201538177072539e-05,0.005828852821466258,92
Gad1-F-400659,96,76,20,359,76,20,0.00045248827865674386,1.040881877943736e-06,2.474105782419668e-05,0.004823878197075524,82
Gad1-F-400660,319,282,37,1357,282,37,0.0004937494327562546,2.2835291597873634e-07,9.241380342336813e-05,0.01602934525903221,150
Gad1-F-400661,200,146,54,1044,146,54,0.0002929571985507952,3.0610323286701514e-07,0.0001123913763324645,0.01004974624390734,138
Gad1-F-400662,161,134,27,891,134,27,0.0005792124224857482,6.712841876796323e-07,4.2635669339317635e-05,0.00809004572634541,105
Gad1-F-400663,193,67,126,923,67,126,0.00037269296528203403,1.2137017462184279e-06,1.7835834940555562e-05,0.009698005125370585,156
Gad1-F-400665,89,32,57,597,32,57,0.0002554763018819983,4.5410957410697494e-07,9.973036465618352e-06,0.004472137078538767,83
Gad1-F-400666,144,74,70,571,74,70,0.0008608289946929915,9.503662166458423e-06,1.5071107710718503e-05,0.007235817295613286,110
Gad1-F-400667,603,505,98,5795,505,98,0.006348703403920269,0.005421674495971042,0.00013414888961406235,0.030299984925380635,346
Gad1-F-400668,230,39,191,1883,39,191,0.0003771561218368627,1.1743629273459547e-06,1.1771327492593197e-05,0.011557208180493442,177
Gad1-F-400669,220,155,65,865,155,65,0.0008402908447164884,2.0043347136825206e-06,3.954277596942602e-05,0.011054720868298076,150
Gad1-F-400670,335,283,52,1461,283,52,0.00047258530428459993,2.6999655077940016e-07,8.500964055797191e-05,0.016833324958544796,148
Gad1-F-400671,404,193,211,3867,193,211,0.0099312494702282,6.325067103406072e-05,3.012709134807668e-05,0.02030048741269283,352
Gad1-F-400672,123,40,83,695,40,83,0.0002250128672961152,2.3774335779418377e-07,1.3190993307817225e-05,0.0061805939400030145,106
Gad1-F-400673,44,31,13,142,31,13,0.00010258421108834223,2.547955111899239e-08,1.5629851360337723e-05,0.002210944173659615,44
Gad1-F-400674,990,154,836,7194,154,836,0.010816689164812545,8.424300600635874e-06,2.3203963247415714e-05,0.049746243907341336,352
Gad1-F-400675,329,282,47,1572,282,47,0.000567373422804199,3.566744997965878e-07,8.31836467071205e-05,0.016531832571227575,148
Gad1-F-400676,84,39,45,547,39,45,0.0003542312665386678,9.061889677463336e-07,1.1884834823812908e-05,0.004220893422441084,76
Gad1-F-400677,20,10,10,68,10,10,2.4073057801817902e-05,5.096382174300438e-09,1.814394273112237e-05,0.001004974624390734,20
Gad1-F-400678,263,211,52,1512,211,52,0.001064341766309772,3.007962027932415e-06,8.971903826213956e-05,0.013215416310738155,127
Gad1-F-400680,486,279,207,4578,279,207,0.01295228845268237,0.00017140874096781543,5.999258066078692e-05,0.02442088337269484,352
Gad1-F-400681,66,34,32,258,34,32,9.862729358293652e-05,6.802492374029082e-08,1.4526970837156007e-05,0.0033164162604894225,60
Gad1-F-400683,534,163,371,4385,163,371,0.005389930616527425,1.488979870943749e-05,2.092982160395033e-05,0.0268328224712326,352
Gad1-F-400685,23,11,12,86,11,12,4.9453739208951865e-05,3.7707491945015094e-08,1.014690126468147e-05,0.0011557208180493442,22
Gad1-F-400686,130,70,60,594,70,60,0.0005498605579585685,5.330990140780395e-06,1.9134616002114464e-05,0.006532335058539772,102
Gad1-F-400687,35,34,1,192,34,1,0.00016511401118334055,8.021787693620176e-07,2.169603602102882e-05,0.0017587055926837848,35
Gad1-F-400688,284,251,33,1200,251,33,0.0005381207225555121,4.0518343965761924e-07,6.572317161814585e-05,0.014270639666348424,148
Gad1-F-400689,444,399,45,3136,399,45,0.003474504393287075,0.000407296543377308,0.0001898954966976304,0.0223104366614743,208
Gad1-F-400690,217,54,163,1020,54,163,0.0002011110003855619,2.0165531896121537e-07,2.5088221860898076e-05,0.010903974674639466,150
Gad1-F-400692,127,61,66,863,61,66,0.0007066053152192827,2.734345816860443e-06,1.628920574169167e-05,0.006381588864881162,106
Gad1-F-400693,26,9,17,91,9,17,1.4150243317340336e-05,1.0461926326411842e-08,9.390099395631706e-06,0.0013064670117079544,26
Gad1-F-400694,230,31,199,1020,31,199,0.00016281897270375891,1.2980703982431065e-07,1.0819079460570665e-05,0.011557208180493442,148
Gad1-F-400695,123,75,48,1843,75,48,0.00018395747142151218,3.0602738635151984e-06,0.0001323200089081805,0.0061805939400030145,94
Gad1-F-400696,225,131,94,1595,131,94,0.0004929802025338147,1.1711911889561296e-06,7.422753308376427e-05,0.01130596452439576,138
Gad1-F-400697,131,70,61,1634,70,61,0.00022999157439898592,2.817516972348338e-06,6.158338039731964e-05,0.006582583789759309,94
Gad1-F-400698,335,200,135,3120,200,135,0.000680978439957218,2.1694935121618527e-06,0.00014890252113264763,0.016833324958544796,146
Gad1-F-400699,228,115,113,1176,115,113,0.0005450279180998702,1.7604132234550891e-06,1.5592909846240557e-05,0.01145671071805437,148
Gad1-F-400700,250,173,77,787,173,77,0.00043990470343815275,3.599189186436645e-07,3.650849444797692e-05,0.012562182804884177,148
Gad1-F-400702,443,225,218,3578,225,218,0.013192038100110381,8.264314237258552e-05,4.8425500700060235e-05,0.02226018793025476,352
Gad1-F-400703,110,96,14,806,96,14,0.00017159135448899964,2.0720266229279407e-06,5.164561243997496e-05,0.005527360434149038,94
Gad1-F-400704,314,301,13,1687,301,13,0.008937130267552065,3.6847231802273355e-05,3.232257671235889e-05,0.015778101602934524,291
Gad1-F-400705,150,97,53,974,97,53,0.0004062284361796196,2.93221315321323e-06,4.777472252984593e-05,0.007537309682930506,90
Gad1-F-400707,430,237,193,3764,237,193,0.011746678856064733,0.00019230147010224796,4.722216180649598e-05,0.021606954424400783,352
Gad1-F-400708,249,114,135,876,114,135,0.00027581961514180973,1.7513202141920487e-07,2.8148751844867958e-05,0.01251193407366464,148
Gad1-F-400709,541,297,244,2922,297,244,0.005572098520667982,6.682481985122254e-05,5.201743660525571e-05,0.027184563589769357,226
Gad1-F-400710,229,20,209,826,20,209,5.2330810709152224e-05,1.7342477460735734e-08,9.611837464170761e-06,0.011506959449273905,148
Gad1-F-400711,277,134,143,863,134,143,0.00023424388276647873,6.151440563552447e-08,2.43608120607742e-05,0.013918898547811668,148
Gad1-F-400712,56,44,12,142,44,12,0.00016126899580409739,5.871660934654313e-08,1.4668874881909204e-05,0.0028139289482940555,53
Gad1-F-400714,272,195,77,1443,195,77,0.00043469631826341615,6.109608568580731e-07,0.00012237081204492022,0.013667654891713983,145
Gad1-F-400715,86,30,56,489,30,56,0.00036485957150739917,9.69195050339372e-07,1.072803442821314e-05,0.004321390884880157,81
Gad1-F-400716,278,82,196,1392,82,196,0.0004208205269051404,5.464143262215759e-07,4.472594886259079e-05,0.013969147279031204,150
Gad1-F-400717,142,46,96,712,46,96,0.00022854323340471607,3.003007138613298e-07,1.2851472539303249e-05,0.007135319833174212,111
Gad1-F-400718,255,91,164,1530,91,164,0.00084332044038225,1.2899725439463776e-05,1.67763024456937e-05,0.01281342646098186,205
Gad1-F-400719,100,36,64,645,36,64,0.00031341542000394145,7.370916586483276e-07,1.1131099007377223e-05,0.00502487312195367,80
Gad1-F-400721,195,94,101,863,94,101,0.0005203409893551786,4.8920703771266794e-06,1.476002782862476e-05,0.009798502587809657,132
Gad1-F-400722,457,257,200,4505,257,200,0.012399661457366469,0.0002273305075094323,5.3117456600218043e-05,0.022963670167328275,352
Gad1-F-400723,183,148,35,581,148,35,0.00024066372046511577,2.0192587827766104e-07,3.0363144896013825e-05,0.009195517813175217,146
Gad1-F-400724,108,44,64,491,44,64,0.0002442784213670536,2.0073357891717859e-07,1.2116546555528101e-05,0.005426862971709964,96
Gad1-F-400725,181,132,49,945,132,49,0.0011010907160411384,1.168094403716607e-05,2.5686684376788646e-05,0.009095020350736144,146
Gad1-F-400727,194,91,103,1055,91,103,0.000666517717805344,9.795601307617468e-07,1.961695015555627e-05,0.009748253856590122,131
Gad1-F-400728,371,160,211,2112,160,211,0.0006367566422284342,1.0197362037259215e-06,8.224101770250183e-05,0.018642279282448118,150
Gad1-F-400729,22,14,8,69,14,8,1.9802607268331674e-05,4.388303647246195e-09,1.1984970779508529e-05,0.0011054720868298076,22
Gad1-F-400730,343,103,240,2455,103,240,0.0032314410005860484,1.3433796437579828e-05,2.4833954104833108e-05,0.01723531480830109,211
Gad1-F-400731,660,298,362,4984,298,362,0.004105516260621101,8.260406859062555e-05,7.970500216391763e-05,0.03316416260489423,329
Gad1-F-400732,230,57,173,1701,57,173,0.0030303969397716605,1.6127561858644499e-06,1.1250571265591322e-05,0.011557208180493442,227
Gad1-F-400733,614,214,400,5423,214,400,0.003999794495667168,0.00011076487778437253,4.25073208684934e-05,0.030852720968795537,213
Gad1-F-400734,176,74,102,789,74,102,0.0004074145516225891,9.898803597295278e-06,1.3569947147917254e-05,0.00884377669463846,125
Gad1-F-400735,911,106,805,4614,106,805,0.0017980631165099277,8.2491563790381e-06,1.1233961198323348e-05,0.04577659414099794,352
Gad1-F-400736,141,107,34,570,107,34,0.0012598507396694217,1.9880393868489174e-05,3.181934755930951e-05,0.007085071101954676,136
Gad1-F-400737,186,91,95,1173,91,95,0.000586381363146954,2.1879759361357447e-06,1.936343426136775e-05,0.009346264006833827,132
Gad1-F-400738,29,25,4,63,25,4,9.11168150497171e-05,2.6257694555022545e-08,1.2692878116615507e-05,0.0014572132053665644,28
Gad1-F-400739,28,18,10,85,18,10,7.579337826380587e-05,5.637166421909776e-08,1.2408464066661564e-05,0.0014069644741470278,26
Gad1-F-400740,226,98,128,1066,98,128,0.00030273257044002454,3.860585605099778e-07,4.037108966980888e-05,0.011356213255615295,148
Gad1-F-400741,103,67,36,487,67,36,0.00013917204842252488,2.8981189869972426e-07,2.6076461275048776e-05,0.0051756193156122805,79
Gad1-F-400743,29,22,7,78,22,7,7.96943596176573e-05,4.43386857172681e-08,1.559749541337166e-05,0.0014572132053665644,27
Gad1-F-400744,265,106,159,1295,106,159,0.0004496565135455682,6.037607150948584e-07,5.730560089833985e-05,0.013315913773177228,150
Gad1-F-400746,320,265,55,1485,265,55,0.0004464566399165313,3.1151766349640193e-07,6.619856929024422e-05,0.016079593990251745,148
Gad1-F-400747,28,14,14,171,14,14,6.606913433963008e-06,4.199834407252163e-09,3.2894003459188286e-05,0.0014069644741470278,28
Gad1-F-400748,363,212,151,2605,212,151,0.010788774988695828,4.4826758289819906e-05,3.682893080573878e-05,0.018240289432691823,338
Gad1-F-400749,759,226,533,4484,226,533,0.01074151881213662,0.00017047154454191894,3.7811897358363724e-05,0.03813878699562836,352
Gad1-F-400750,434,244,190,3574,244,190,0.013201450582567425,5.9645945818350684e-05,4.416550080179022e-05,0.021807949349278932,352
Gad1-F-400751,459,259,200,3567,259,200,0.013422217430371032,7.030241849657248e-05,4.6001996843402395e-05,0.02306416762976735,352
Gad1-F-400752,738,184,554,4621,184,554,0.011013115642994063,5.2058637240761456e-05,3.474802390584591e-05,0.03708356364001809,352
Gad1-F-400753,597,207,390,5363,207,390,0.006143611722073129,3.630778918824213e-05,3.306480021965576e-05,0.029998492538063415,352
Gad1-F-400754,510,200,310,3644,200,310,0.006695618173707546,2.0203272257555875e-05,2.811962073002329e-05,0.02562685292196372,352
Gad1-F-400755,281,210,71,1671,210,71,0.00046784359669297895,8.366574029385742e-07,0.00010090916618759708,0.014119893472689814,143
Gad1-F-400756,378,161,217,2725,161,217,0.010622008989573653,3.859462786958988e-05,3.4122351579702305e-05,0.018994020400984874,338
Gad1-F-400757,34,19,15,105,19,15,0.00011135642264792558,2.5469072494321557e-08,1.008782617751925e-05,0.001708456861464248,34
Gad1-F-400758,448,238,210,3780,238,210,0.011289011213548689,0.0001404239572409373,4.516989462405525e-05,0.022511431586352444,352
Gad1-F-400759,236,138,98,1713,138,98,0.00045331096160959383,7.655993642894177e-07,6.588152825139482e-05,0.011858700567810663,135
Gad1-F-400760,192,92,100,1378,92,100,0.00040159437755734646,9.388114299160898e-07,3.1947920337384486e-05,0.009647756394151047,118
Gad1-F-400761,62,38,24,299,38,24,0.00018234460401231206,1.957762536197381e-05,1.6633413686774535e-05,0.003115421335611276,61
Gad1-F-400762,263,79,184,1163,79,184,0.000314074821257966,3.5037287669228096e-07,3.480711301896011e-05,0.013215416310738155,148
Gad1-F-400763,948,289,659,7010,289,659,0.00470829432716943,8.819324432328979e-05,0.0001225383751486726,0.0476357971961208,352
Gad1-F-400764,114,48,66,715,48,66,0.0005912646450710115,1.0445250917030789e-05,2.115861899400192e-05,0.005728355359027185,94
Gad1-F-400765,229,156,73,1024,156,73,0.0006799880143578955,4.516900160479794e-06,3.420114289186967e-05,0.011506959449273905,143
Gad1-F-400766,21,9,12,65,9,12,4.0254656038845004e-05,2.8737616748140854e-08,8.562211540717137e-06,0.001055223355610271,21
Gad1-F-400767,48,6,42,150,6,42,2.2129248647692806e-05,6.82467819103248e-09,9.09783527259712e-06,0.002411939098537762,48
Gad1-F-400768,81,36,45,325,36,45,0.00019933944063645496,8.867307398093143e-08,1.835379683361929e-05,0.0040701472287824735,74
Gad1-F-400769,481,223,258,4102,223,258,0.011564900868088831,6.054509361161985e-05,4.106651229333359e-05,0.024169639716597156,352
Gad1-F-400770,284,209,75,1231,209,75,0.000638647431520253,4.24540884097113e-07,7.054597626341346e-05,0.014270639666348424,148
Gad1-F-400771,96,50,46,646,50,46,0.000526008349857766,1.8803009507261227e-06,1.3620956555373217e-05,0.004823878197075524,86
Gad1-F-400772,888,266,622,5428,266,622,0.004155922289049048,3.782744500538013e-05,2.1526502857430802e-05,0.0446208733229486,352
Gad1-F-400773,352,158,194,1541,158,194,0.0004972570949535563,5.043132683452608e-07,5.907056620592622e-05,0.01768755338927692,150
Gad1-F-400775,238,101,137,1301,101,137,0.00033165456530828653,5.250194119268067e-07,5.880020435338111e-05,0.011959198030249736,148
Gad1-F-400776,183,83,100,1052,83,100,0.0003345708557332142,6.104778390501005e-07,3.696789678409575e-05,0.009195517813175217,132
Gad1-F-400777,98,54,44,634,54,44,0.0001590075715305606,1.5099059456833758e-07,2.5867367549386165e-05,0.004924375659514597,73
Gad1-F-400778,322,127,195,1661,127,195,0.0015106331515394296,4.338665453944722e-06,1.811196834361887e-05,0.01618009145269082,241
Gad1-F-400779,80,46,34,454,46,34,0.0005629388103085827,7.204901956348491e-06,2.8048987612438533e-05,0.004019898497562936,72
Gad1-F-400780,338,219,119,1142,219,119,0.0005070360363151314,6.015993334124032e-07,5.260564853405008e-05,0.016984071152203406,148
Gad1-F-400781,70,42,28,449,42,28,0.00042029214051641806,8.148131975536566e-07,1.2016376269021672e-05,0.0035174111853675696,65
Gad1-F-400782,348,173,175,1588,173,175,0.000967400685388886,3.816322758814223e-06,2.108301972296937e-05,0.017486558464398776,186
Gad1-F-400783,312,268,44,1190,268,44,0.0005284538191881913,3.5620937831608274e-07,6.880753797826364e-05,0.015677604140495453,148
Gad1-F-400784,139,32,107,658,32,107,9.713156539227572e-05,9.040231378784972e-08,1.8352552770900904e-05,0.006984573639515602,86
Gad1-F-400785,232,77,155,1002,77,155,0.00033213740886608187,3.4946584152444063e-07,3.6841930384790174e-05,0.011657705642932515,150
Gad1-F-400786,228,84,144,919,84,144,0.00024921240948540626,2.7401385725803214e-07,3.404071504036457e-05,0.01145671071805437,148
Gad1-F-400788,164,68,96,801,68,96,0.0005383147243755631,1.1785360203651697e-05,1.313237832801584e-05,0.00824079192000402,122
Gad1-F-400789,207,130,77,903,130,77,0.0006083121709603141,5.83783970202301e-07,1.861498148481006e-05,0.010401487362444098,150
Gad1-F-400790,435,171,264,2105,171,264,0.0008108725300799667,5.605560589691667e-06,3.0847589618585216e-05,0.021858198080498468,186
Gad1-F-400792,221,132,89,994,132,89,0.0006333162594505318,6.471118564162118e-06,2.3144635758843703e-05,0.011104969599517612,148
Gad1-F-400793,103,26,77,490,26,77,0.00029041839039258146,6.413921688991365e-07,1.3820720107890052e-05,0.0051756193156122805,86
Gad1-F-400794,8,5,3,23,5,3,5.176260937121195e-05,1.0400617140538784e-08,8.038518146980994e-06,0.00040198984975629365,8
Gad1-F-400796,67,41,26,251,41,26,0.0004754347809261359,1.1067082487330039e-05,9.933072470794243e-06,0.0033666649917089594,59
Gad1-F-400797,415,207,208,3052,207,208,0.012485582792067974,9.194623456217896e-05,5.194371876947179e-05,0.020853223456107732,334
Gad1-F-400798,171,69,102,835,69,102,0.001350517845041542,3.3379881340457923e-06,1.4685466814792961e-05,0.008592533038540778,127
Gad1-F-400799,159,34,125,754,34,125,0.00015995566726341575,2.1327976846206727e-07,9.571184119740691e-06,0.007989548263906337,153
Gad1-F-400800,120,45,75,640,45,75,0.00036395070217108054,1.803298845068324e-06,1.8235118098990552e-05,0.006029847746344405,100
Gad1-F-400801,215,125,90,979,125,90,0.00031610378884258704,4.179488275037245e-07,4.752344760083295e-05,0.010803477212200392,118
Gad1-F-400802,349,310,39,1638,310,39,0.0005829836958696031,4.119822350584024e-07,0.00010283410378427867,0.01753680719561831,150
Gad1-F-400803,154,38,116,786,38,116,0.0005631883228904707,8.41353121918895e-06,1.0614663086555521e-05,0.007738304607808653,146
Gad1-F-400804,147,64,83,718,64,83,0.0003249538408244204,2.5385955405192605e-06,1.8781915874820942e-05,0.007386563489271896,115
Gad1-F-400805,302,111,191,1395,111,191,0.0003521222157841192,5.45563744536757e-07,4.608678551134273e-05,0.015175116828300085,148
Gad1-F-400806,136,80,56,584,80,56,0.0009515339812661541,6.485270262501127e-06,1.607538225966614e-05,0.006833827445856992,120
Gad1-F-400807,142,80,62,681,80,62,0.0005110383192947048,1.776635899655672e-05,1.6307422861805e-05,0.007135319833174212,109
Gad1-F-400808,225,132,93,1574,132,93,0.0005632073654517379,1.1840884285279338e-06,6.640547475785453e-05,0.01130596452439576,138
Gad1-F-400809,223,174,49,1016,174,49,0.00036729570553274715,2.7868971243447843e-07,6.548922532259673e-05,0.011205467061956685,135
Gad1-F-400810,263,144,119,927,144,119,0.0003521317494961037,5.86222480796098e-07,2.9332345572632494e-05,0.013215416310738155,148
Gad1-F-400812,221,62,159,1836,62,159,0.0004155862095405442,7.603363907181489e-07,2.0513256419720274e-05,0.011104969599517612,135
Gad1-F-400813,97,47,50,362,47,50,0.00044588778414344837,6.4040535699565e-07,2.3106408173230633e-05,0.004874126928295061,82
Gad1-F-400815,20,19,1,63,19,1,1.8880724113888007e-05,2.746463689461645e-09,1.994495868920782e-05,0.001004974624390734,18
Gad1-F-400816,104,29,75,691,29,75,0.00015448669381298215,1.1684510423558881e-07,1.4269101145453804e-05,0.005225868046831818,84
Gad1-F-400817,476,144,332,3542,144,332,0.002200321695913502,3.975918290044522e-05,3.882190350422819e-05,0.02391839606049947,298
Gad1-F-400818,167,162,5,2491,162,5,0.0005416876398953423,6.797129695606651e-05,0.00016292501147237407,0.00839153811366263,95
Gad1-F-400819,126,27,99,806,27,99,0.00023718520394779103,3.428614371813097e-07,9.553911696748969e-06,0.006331340133661625,99
Gad1-F-400820,120,96,24,493,96,24,0.00017798507899480077,2.5405103694243636e-07,3.8029814247881696e-05,0.006029847746344405,93
Gad1-F-400821,39,31,8,135,31,8,0.0001494704911094598,9.596366242580062e-08,1.5511712503193284e-05,0.0019597005175619317,37
Gad1-F-400822,297,194,103,1210,194,103,0.0006024740835813443,4.451087093740676e-07,6.470240713234802e-05,0.014923873172202402,150
Gad1-F-400823,90,89,1,262,89,1,0.0003253546716329461,2.2787617295859598e-07,3.83957270509091e-05,0.004522385809758303,78
Gad1-F-400824,770,453,317,15877,453,317,0.0059093655818500575,0.00963991982442951,0.0002093653026699543,0.03869152303904327,348
Gad1-F-400825,526,354,172,4360,354,172,0.006515143180662085,0.0002574474034873445,0.00020970374746834435,0.02643083262147631,233
Gad1-F-400826,229,176,53,928,176,53,0.0014012328421175561,1.2929241664398573e-05,5.13250491632543e-05,0.011506959449273905,148
Gad1-F-400827,497,191,306,3500,191,306,0.003940718801650241,1.6703559070485537e-05,2.3749745834541953e-05,0.024973619416109743,352
Gad1-F-400828,19,15,4,53,15,4,8.780891848971747e-05,1.660944169878385e-07,1.0820729832375417e-05,0.0009547258931711974,19
Gad1-F-400829,41,37,4,97,37,4,0.00013400123044354643,1.0266364950572827e-07,1.6515793579333473e-05,0.002060197980001005,40
Gad1-F-400830,309,160,149,1835,160,149,0.0009701229601009198,5.212196747532401e-06,2.6090616792558437e-05,0.015526857946836843,183
Gad1-F-400831,187,60,127,1273,60,127,0.00017849743329980728,4.877787584619544e-07,3.5609492940176095e-05,0.009396512738053364,109
Gad1-F-400832,497,211,286,2939,211,286,0.004871070260268437,1.8280280076749913e-05,2.521755056456278e-05,0.024973619416109743,352
Gad1-F-400834,177,112,65,1079,112,65,0.0006319008458796842,1.4543801758095564e-06,6.180146235151108e-05,0.008894025425857996,106
Gad1-F-400835,140,112,28,805,112,28,0.0004368440682096236,4.4694761698504e-07,5.068277887930902e-05,0.007034822370735139,108
Gad1-F-400836,55,23,32,193,23,32,8.830640824995693e-05,4.546540026845718e-08,1.4670044350149296e-05,0.002763680217074519,54
Gad1-F-400837,254,134,120,837,134,120,0.00042827106074241677,3.0196564644657973e-07,2.8012674831861922e-05,0.012763177729762324,148
Gad1-F-400838,44,43,1,185,43,1,0.00013475760862019466,1.5363467480153825e-07,1.4836422792675142e-05,0.002210944173659615,44
Gad1-F-400839,10,2,8,20,2,8,4.71244718195982e-06,5.659100762140023e-10,9.055870591710561e-06,0.000502487312195367,10
Gad1-F-400841,63,29,34,227,29,34,8.728578233448877e-05,1.26752193522208e-07,1.216428229265386e-05,0.0031656700668308124,62
Gad1-F-400843,34,27,7,126,27,7,0.0002980149534129907,2.8657929177801044e-07,8.714562048888506e-06,0.001708456861464248,34
Gad1-F-400844,222,105,117,823,105,117,0.0002460823521283576,2.1209181890651787e-07,6.882449196515164e-05,0.01115521833073715,142
Gad1-F-400845,11,9,2,31,9,2,3.250357601910802e-05,9.077588778713901e-09,9.466727579281885e-06,0.0005527360434149038,11
Gad1-F-400846,174,27,147,650,27,147,0.00010301127538133161,1.0572143918392165e-07,1.5111667177657152e-05,0.008743279232199388,145
Gad1-F-400847,942,496,446,6274,496,446,0.009722958617999286,7.260296670381411e-06,3.636073591538174e-05,0.04733430480880358,352
Gad1-F-400848,45,38,7,168,38,7,0.0001309639706415949,3.2190333583166186e-08,2.647039388329097e-05,0.0022611929048791516,42
Gad1-F-400849,34,24,10,403,24,10,4.242114081890895e-05,2.1462472715254903e-06,0.0001348448910303768,0.001708456861464248,30
Gad1-F-400852,110,80,30,725,80,30,0.0008639706014419032,2.5600777126628675e-06,1.8051552221453387e-05,0.005527360434149038,100
Gad1-F-400853,176,97,79,745,97,79,0.00038091977947763024,4.023985526137082e-06,1.542854165160247e-05,0.00884377669463846,129
Gad1-F-400855,388,24,364,2175,24,364,0.0004540762946583768,1.8418247861545092e-07,1.0440904225893998e-05,0.019496507713180244,352
Gad1-F-400856,84,73,11,326,73,11,0.0003138736330320551,1.8159871679196764e-07,2.837254020016914e-05,0.004220893422441084,80
Gad1-F-400857,109,12,97,555,12,97,6.656696915406291e-05,1.7419519896661458e-07,1.304627011140786e-05,0.005477111702929501,105
Gad1-F-400858,282,183,99,1328,183,99,0.0032045228618582493,1.846762783269336e-05,5.277194074717751e-05,0.014170142203909351,241
Gad1-F-400860,138,112,26,536,112,26,0.0016238857550183244,1.4669792602935526e-05,3.2157192665080684e-05,0.0069343249082960655,111
Gad1-F-400861,139,88,51,791,88,51,0.0003077061276000206,2.776610745077347e-07,4.108766223159062e-05,0.006984573639515602,114
Gad1-F-400862,25,18,7,64,18,7,7.394849846287526e-05,1.0806360459472003e-07,8.994879331617078e-06,0.0012562182804884176,25
Gad1-F-400866,56,53,3,171,53,3,0.0001455774091953012,1.4595009284821876e-07,3.0147630440587784e-05,0.0028139289482940555,51
Gad1-F-400867,170,111,59,767,111,59,0.0003237270895969503,1.3127651992947e-07,3.454629798366189e-05,0.00854228430732124,129
Gad1-F-400868,24,18,6,59,18,6,9.244776779082567e-05,1.2398817971228306e-08,1.1640819452429197e-05,0.001205969549268881,24
Gad1-F-400869,128,62,66,542,62,66,0.0006300402098564731,0.00011232752584749689,5.79481404370447e-05,0.0064318375961006985,111
Gad1-F-400870,28,7,21,119,7,21,2.5767198514660608e-05,1.326090743834081e-08,8.510796773328471e-06,0.0014069644741470278,28
Gad1-F-400871,159,103,56,1024,103,56,0.00033502841892895405,4.330360673512513e-07,6.106847487817988e-05,0.007989548263906337,122
Gad1-F-400872,106,56,50,655,56,50,0.0006159178760035207,2.3387656923677262e-06,1.4196367366655706e-05,0.005326365509270891,94
Gad1-F-400874,119,97,22,485,97,22,0.00026270638384169625,1.7834152798889077e-07,3.6330069750142856e-05,0.005979599015124868,97
Gad1-F-400875,88,68,20,308,68,20,0.00023823385388665414,2.474027926245843e-07,1.8671004887732198e-05,0.00442188834731923,78
Gad1-F-400876,43,10,33,209,10,33,7.961385503865762e-05,2.3176696738099275e-08,8.384289454880913e-06,0.0021606954424400783,42
Gad1-F-400880,25,24,1,54,24,1,0.00012451171642141015,5.8122131928281004e-08,1.0325840456007353e-05,0.0012562182804884176,25
Gad1-F-400881,252,101,151,933,101,151,0.0004641858454038568,7.066161049016385e-07,3.9837400374891855e-05,0.01266268026732325,139
Gad1-F-400882,37,8,29,130,8,29,1.9016630377929935e-05,7.4182038159774305e-09,1.0411142685673387e-05,0.0018592030551228581,37
Gad1-F-400884,90,42,48,667,42,48,0.00039262915274309765,1.0154922397594702e-06,1.3065179666372628e-05,0.004522385809758303,80
Gad1-F-400885,47,36,11,133,36,11,0.00015607564317308251,5.002873235717951e-08,2.0831268841805186e-05,0.0023616903673182254,46
Gad1-F-400886,95,9,86,286,9,86,0.00019336033716269813,7.213606289252255e-08,9.325698188442448e-06,0.004773629465855987,93
Gad1-F-400888,21,8,13,54,8,13,1.1991299184943248e-05,1.4622971742993587e-09,9.268390810066104e-06,0.001055223355610271,21
Gad1-F-400889,767,127,640,4082,127,640,0.0021905988554541426,6.787475684497929e-06,1.5350527917936255e-05,0.03854077684538466,352
Gad1-F-400890,174,37,137,669,37,137,0.00011293409781485748,4.284687845253372e-08,2.6180055374087995e-05,0.008743279232199388,126
Gad1-F-400891,34,21,13,108,21,13,4.7407372861506e-05,5.141838052852035e-07,1.6969231625881764e-05,0.001708456861464248,32
Gad1-F-400892,366,138,228,1779,138,228,0.0006107921097760878,9.987808161825845e-07,6.648344736710455e-05,0.018391035626350433,150
Gad1-F-400893,270,110,160,844,110,160,0.00020162783762722093,9.842469724652761e-08,2.5534225794777345e-05,0.01356715742927491,150
Gad1-F-400894,61,42,19,227,42,19,0.00011401159146815871,1.1790527681957466e-07,1.693718160622602e-05,0.003065172604391739,60
Gad1-F-400895,127,47,80,860,47,80,0.0006229121210076548,1.7649323852658422e-06,1.656764329329134e-05,0.006381588864881162,93
Gad1-F-400896,56,26,30,171,26,30,8.461375105903549e-05,6.515195881310328e-08,1.1618587742544383e-05,0.0028139289482940555,56
Gad1-F-400897,196,52,144,705,52,144,0.0001727723468310086,2.3082094680713475e-07,2.9246540976649284e-05,0.009848751319029195,144
Gad1-F-400898,25,19,6,67,19,6,8.150970252569237e-05,1.1528808214788626e-07,1.4458500064340955e-05,0.0012562182804884176,24
Gad1-F-400899,19,15,4,46,15,4,4.069324118318782e-05,8.5951473778395e-09,9.793716314334665e-06,0.0009547258931711974,19
Gad1-F-400900,323,162,161,1320,162,161,0.004877157399112366,5.655616695102361e-06,2.0237343972998972e-05,0.016230340183910355,302
Gad1-F-400902,538,296,242,3913,296,242,0.013632350093360978,7.467138850224118e-05,4.667694320278394e-05,0.027033817396110747,352
Gad1-F-400904,62,28,34,243,28,34,0.00017852555728055673,2.1395000713118294e-07,9.388427231153052e-06,0.003115421335611276,61
Gad1-F-400905,263,115,148,1363,115,148,0.0005478386853702683,2.5114635275034784e-06,1.9886282181985226e-05,0.013215416310738155,148
Gad1-F-400906,25,13,12,108,13,12,2.76552410729064e-05,1.2821911943749319e-08,1.4319886267385279e-05,0.0012562182804884176,22
Gad1-F-400908,250,64,186,1520,64,186,0.00046558378757768524,1.2991521655337294e-06,1.0229449897416766e-05,0.012562182804884177,205
Gad1-F-400909,161,126,35,651,126,35,0.0004139904644706301,3.9973400898465105e-07,4.51696282515493e-05,0.00809004572634541,110
Gad1-F-400912,60,30,30,272,30,30,0.0001263152729313007,8.615759718038824e-08,1.2259271987857427e-05,0.0030149238731722026,59
Gad1-F-400913,376,140,236,2651,140,236,0.01009907492351856,1.0774922383962359e-05,2.806907411666559e-05,0.018893522938545803,329
Gad1-F-400914,95,40,55,637,40,55,4.984809373446106e-05,2.898930865922797e-08,4.83048220199051e-05,0.004773629465855987,65
Gad1-F-400915,84,73,11,327,73,11,0.00027658320921061054,3.0424805532822513e-07,2.5723148256253026e-05,0.004220893422441084,79
Gad1-F-400916,18,8,10,37,8,10,5.5399348289228346e-05,7.697579360848417e-08,8.745733454217393e-06,0.0009044771619516607,18
Gad1-F-400918,71,44,27,314,44,27,0.0001364954548812195,3.413350965198803e-07,1.9266335804909512e-05,0.003567659916587106,66
Gad1-F-400919,32,28,4,89,28,4,0.00013812930412534504,5.018047567917766e-08,1.6190526639576846e-05,0.0016079593990251746,32
Gad1-F-400920,6,3,3,12,3,3,7.79917649523359e-06,6.460333652366067e-10,1.4923500125775331e-05,0.0003014923873172202,5
Gad1-F-400921,384,219,165,2095,219,165,0.0013287382454445287,2.3926855510575502e-05,2.5568218023752098e-05,0.019295512788302095,211
Gad1-F-400923,879,610,269,4085,610,269,0.011931202314739561,6.2501445061593015e-06,3.498977340307132e-05,0.044168634741972766,352
Gad1-F-500000,171,15,156,430,15,156,0.00022943786201146796,6.194022670319044e-07,7.803627151747604e-06,0.008592533038540778,126
Gad1-F-500001,152,109,43,622,109,43,0.0002380197491653758,1.760070230130829e-07,2.3924305547422358e-05,0.007637807145369579,128
Gad1-F-500002,109,61,48,1263,61,48,0.00016584662046075258,3.0390207968658367e-06,4.9037493139076346e-05,0.005477111702929501,94
Gad1-F-500003,87,65,22,236,65,22,0.0003597391586123158,3.892919309009343e-06,9.773357125211943e-06,0.004371639616099694,85
Gad1-F-500005,38,29,9,131,29,9,0.00020799998462691093,2.5020493924880946e-06,8.791842077644535e-06,0.0019094517863423948,38
Gad1-F-500006,486,251,235,3046,251,235,0.0015509855389823773,1.1440958706635659e-05,5.529215943537601e-05,0.02442088337269484,196
Gad1-F-500007,102,54,48,251,54,48,0.0006697138543031609,4.117908579921098e-06,9.818622772180584e-06,0.005125370584392744,98
Gad1-F-500008,91,70,21,263,70,21,0.002004453417653931,1.0416032060658517e-05,1.2130329474808556e-05,0.0045726345409778405,91
Gad1-F-500010,93,50,43,216,50,43,0.00024887980229683734,2.414758701149863e-07,9.100528928553743e-06,0.0046731320034169134,92
Gad1-F-500011,166,6,160,447,6,160,8.206356276668165e-06,5.668283548099991e-10,7.643079375977526e-06,0.008341289382443093,124
Gad1-F-500012,126,102,24,431,102,24,0.0009551201443094904,2.025214049645586e-05,1.1554637649276862e-05,0.006331340133661625,125
Gad1-F-500013,441,82,359,3131,82,359,0.0016081541878824235,1.7633129757132332e-06,2.241721014824387e-05,0.022159690467815688,310
Gad1-F-500014,452,160,292,2090,160,292,0.0030343597652999167,9.221749518822627e-05,2.3711429098869715e-05,0.02271242651123059,205
Gad1-F-500015,165,140,25,437,140,25,0.0017139877757180778,6.645139582120758e-05,1.5534184594162798e-05,0.008291040651223557,142
Gad1-F-500017,317,32,285,937,32,285,9.104114200460618e-05,2.4236361593302026e-06,8.59704069126445e-06,0.015928847796593135,176
Gad1-F-500018,39,22,17,124,22,17,6.53051737666614e-05,2.2119964590461123e-08,1.5928948262281147e-05,0.0019597005175619317,36
Gad1-F-500019,36,24,12,99,24,12,0.00013410179641135345,6.371651876790989e-08,1.077271806602629e-05,0.0018089543239033215,36
Gad1-F-500020,87,39,48,355,39,48,0.00035312714359450766,2.625468011185783e-06,1.4436971618261442e-05,0.004371639616099694,78
Gad1-F-500021,29,26,3,113,26,3,0.0003727360978383165,1.4350859114992906e-06,8.357041237099865e-06,0.0014572132053665644,29
Gad1-F-500022,309,39,270,900,39,270,0.00020457059787081687,3.997487155447832e-06,8.627759176248395e-06,0.015526857946836843,146
Gad1-F-500023,213,126,87,982,126,87,0.0012935254772790295,1.5197312623743889e-05,1.9225509377210408e-05,0.010702979749761319,195
Gad1-F-500024,156,83,73,1066,83,73,0.00034425274313821305,1.0137452447939592e-05,2.9652876878386264e-05,0.007838802070247727,95
Gad1-F-500025,410,262,148,2587,262,148,0.004700405436595044,3.323908572031429e-05,5.7737413360260374e-05,0.02060197980001005,209
Gad1-F-500026,764,534,230,4759,534,230,0.011071267568401624,1.0666325125734418e-05,4.598260036759589e-05,0.03839003065172605,352
Gad1-F-500027,531,64,467,3799,64,467,0.001814036374303089,4.806786424717313e-07,9.393944322848018e-06,0.02668207627757399,352
Gad1-F-500028,730,676,54,6938,676,54,0.010349018078878582,0.00013264577234050004,0.00014808869469269255,0.036681573790261796,252
Gad1-F-500029,92,58,34,243,58,34,0.00037315955603746116,5.666250190165794e-07,9.174595064884746e-06,0.004622883272197377,92
Gad1-F-500030,833,65,768,4149,65,768,0.00029782989098110026,4.442980573649143e-07,9.439855935649322e-06,0.041857193105874074,266
Gad1-F-500032,90,76,14,359,76,14,0.0015689332584906126,4.257563940676971e-06,1.4383930681322208e-05,0.004522385809758303,90
Gad1-F-500033,122,43,79,392,43,79,0.00031078254061399504,1.574019683997185e-06,8.89093153849213e-06,0.006130345208783478,117
Gad1-F-500034,170,92,78,430,92,78,0.0009649226337087916,1.2761189699552042e-06,1.2357766254741926e-05,0.00854228430732124,141
Gad1-F-500035,438,122,316,3099,122,316,0.001727180920738199,1.359070140004033e-05,1.8411695620416094e-05,0.022008944274157078,352
Gad1-F-500036,514,213,301,2425,213,301,0.01129635076139054,1.4145160600887358e-05,3.142183736993283e-05,0.02582784784684187,352
Gad1-F-500037,222,46,176,623,46,176,0.00017045101325780115,1.2631473384735573e-07,1.0724638767169544e-05,0.01115521833073715,131
Gad1-F-500038,404,114,290,1562,114,290,0.0009520396813362401,1.0886641181084952e-05,1.2979259745493288e-05,0.02030048741269283,205
Gad1-F-500039,208,141,67,1331,141,67,0.00044533641927788683,6.296169187131278e-07,6.495749015580929e-05,0.010451736093663636,121
Gad1-F-500040,1037,697,340,38324,697,340,0.0090811272200827,0.07282456456531822,0.00047021385709276767,0.05210793427465957,348
Gad1-F-500041,239,223,16,1500,223,16,0.0008923068037705898,8.141979237535579e-05,0.00010067824496331505,0.012009446761469273,131
Gad1-F-500042,482,255,227,2641,255,227,0.011867291224590426,0.00016196437591529874,4.476270130095885e-05,0.024219888447816692,352
Gad1-F-500043,145,68,77,706,68,77,0.0003470367729425335,5.14751755767951e-07,3.096786786961818e-05,0.007286066026832822,102
Gad1-F-500044,294,257,37,1050,257,37,0.009183247956376416,0.00014020429902039279,3.382356212807612e-05,0.014773126978543792,200
Gad1-F-500045,113,87,26,336,87,26,0.0022757801394302953,4.569273971792549e-05,1.4464407562331854e-05,0.0056781066278076475,109
Gad1-F-500046,318,65,253,1028,65,253,0.0004194755653310753,1.4437461937521555e-05,1.0116469951442988e-05,0.015979096527812674,232
Gad1-F-500047,72,20,52,262,20,52,4.705209856925041e-05,4.562009143549188e-08,9.41127562692123e-06,0.003617908647806643,65
Gad1-F-500048,187,57,130,702,57,130,0.00015524216782524195,1.2362535206435185e-07,1.6592591909698088e-05,0.009396512738053364,134
Gad1-F-500049,37,32,5,153,32,5,0.00012649205937518423,7.786724196466767e-08,2.064118636394122e-05,0.0018592030551228581,36
Gad1-F-500050,117,74,43,384,74,43,0.000552471437878535,1.0793816665487942e-05,1.048105979724385e-05,0.005879101552685795,116
Gad1-F-500051,104,94,10,277,94,10,0.0014370091552990132,1.2450933713355675e-05,1.6293330011869185e-05,0.005225868046831818,103
Gad1-F-500052,66,48,18,246,48,18,0.00018219282429435174,4.5924444367702426e-08,2.372952801066707e-05,0.0033164162604894225,63
Gad1-F-500053,117,56,61,533,56,61,0.0004336043674553281,1.3573024349637486e-06,1.8443012032924112e-05,0.005879101552685795,98
Gad1-F-500054,194,65,129,953,65,129,0.0005599688994168927,1.9592066255487545e-06,1.129220061570617e-05,0.009748253856590122,189
Gad1-F-500055,316,277,39,1196,277,39,0.005276196292744307,6.720693454926617e-05,2.9731821279057034e-05,0.0158785990653736,192
Gad1-F-500056,99,79,20,289,79,20,0.0011351703640696898,3.467070536176058e-06,1.0580609977063212e-05,0.004974624390734134,98
Gad1-F-500057,84,52,32,435,52,32,0.00012279745850222554,1.8260884034857507e-07,2.1116200964808182e-05,0.004220893422441084,79
Gad1-F-500058,67,49,18,249,49,18,0.0001170582473553636,1.5665527263175156e-07,2.009407960042765e-05,0.0033666649917089594,62
Gad1-F-500059,162,62,100,459,62,100,0.00022966317681131278,5.352754750260092e-07,9.586699343953776e-06,0.008140294457564947,139
Gad1-F-500060,88,54,34,668,54,34,0.0007362278500028811,2.3686528804121853e-06,1.5206549981213234e-05,0.00442188834731923,76
Gad1-F-500061,59,52,7,218,52,7,0.00014961690658597408,1.2836598230677764e-07,1.932276391342275e-05,0.0029646751419526657,57
Gad1-F-500062,54,33,21,135,33,21,0.00010684360524019982,9.678345560971132e-08,1.1554882458855153e-05,0.002713431485854982,51
Gad1-F-500063,112,91,21,309,91,21,0.0007398930343354933,1.0147719620594079e-06,1.1816337519019307e-05,0.005627857896588111,111
Gad1-F-500064,173,154,19,555,154,19,0.004214049989396939,4.8011192820030326e-05,2.1217221475042895e-05,0.00869303050097985,151
Gad1-F-500065,414,220,194,3181,220,194,0.010525335244467178,2.673038903054459e-05,3.012287183049575e-05,0.020802974724888196,349
Gad1-F-500066,184,84,100,583,84,100,0.0009657351557495648,1.1926172391269605e-05,1.3979299525766338e-05,0.009245766544394754,143
Gad1-F-500067,180,69,111,602,69,111,0.0008334602749579077,1.8992383753011682e-06,1.2097040177888168e-05,0.009044771619516606,161
Gad1-F-500068,266,198,68,1276,198,68,0.0009350475898762599,8.621590870846877e-06,2.3023186467509493e-05,0.013366162504396765,210
Gad1-F-500069,262,171,91,944,171,91,0.003266501939916265,8.450893122898354e-05,6.0264171736378086e-05,0.013165167579518617,207
Gad1-F-500070,139,42,97,464,42,97,0.00019309388384592866,1.1621145470132471e-07,1.4214117641024956e-05,0.006984573639515602,123
Gad1-F-500071,62,37,25,289,37,25,0.0003165337291665536,4.884916603665031e-07,1.1332910659926658e-05,0.003115421335611276,61
Gad1-F-500073,100,74,26,257,74,26,0.0005493608188034092,8.115980224229327e-06,9.924838335634055e-06,0.00502487312195367,99
Gad1-F-500074,277,242,35,1138,242,35,0.0005828502960585926,3.696002263844297e-07,5.6034421957156444e-05,0.013918898547811668,150
Gad1-F-500076,384,370,14,1593,370,14,0.010202735385191992,2.5868233973217493e-05,2.7053037326535448e-05,0.019295512788302095,337
Gad1-F-500077,332,267,65,2686,267,65,0.0017715649750129163,6.0971617223045057e-05,3.5548126167740656e-05,0.016682578764886186,211
Gad1-F-500078,239,82,157,613,82,157,0.0014266919172031866,7.968949038628563e-06,1.1882428728457398e-05,0.012009446761469273,156
Gad1-F-500079,122,86,36,377,86,36,0.000795037963826216,9.83076812542621e-07,1.1464145075556356e-05,0.006130345208783478,119
Gad1-F-500080,213,201,12,646,201,12,0.0030913407364873305,1.0169191439115744e-05,4.0403879404054364e-05,0.010702979749761319,185
Gad1-F-500081,58,26,32,233,26,32,0.00021288433138470092,3.2043008013089644e-07,9.579234714760427e-06,0.002914426410733129,56
Gad1-F-500082,224,153,71,1264,153,71,0.0014510715929529558,3.1759246379131437e-06,7.721658063813348e-05,0.011255715793176222,134
Gad1-F-500083,399,234,165,2240,234,165,0.011575018589686868,0.000124272545116308,4.200388034394028e-05,0.020049243756595145,347
Gad1-F-500084,76,66,10,248,66,10,0.000358630228620304,4.741264655853893e-06,1.0254261810075337e-05,0.0038189035726847896,76
Gad1-F-500085,402,176,226,1990,176,226,0.0026819535802941096,0.0004348797365760105,6.509137576306971e-05,0.020199989950253756,211
Gad1-F-500086,698,393,305,5060,393,305,0.005951362538042183,4.5202327156861306e-05,8.285635152761966e-05,0.03507361439123662,296
Gad1-F-500087,119,71,48,362,71,48,0.0011841676487362614,3.2547246553752675e-06,1.3815363633876661e-05,0.005979599015124868,117
Gad1-F-500088,260,178,82,2068,178,82,0.001277332691574438,3.73698402795646e-05,2.7014868958670955e-05,0.013064670117079544,205
Gad1-F-500089,878,42,836,5022,42,836,0.0005249469409330964,4.503899851722089e-07,9.943975869891609e-06,0.04411838601075323,289
Gad1-F-500090,99,68,31,677,68,31,0.0010414235637653875,1.9680713680168913e-06,1.7415320144764108e-05,0.004974624390734134,89
Gad1-F-500091,135,99,36,422,99,36,0.001701619486468369,1.2887312311484974e-05,1.1547737564185687e-05,0.006783578714637455,134
Gad1-F-500093,477,162,315,3460,162,315,0.0034717606301877964,1.8226580555732568e-05,2.13023857250464e-05,0.02396864479171901,352
Gad1-F-500094,111,68,43,351,68,43,0.0006517921283786144,8.309016150973201e-06,1.3295023572809205e-05,0.005577609165368575,107
Gad1-F-500095,213,109,104,759,109,104,0.0017952843390611525,6.235811575586067e-05,1.4782474810145416e-05,0.010702979749761319,185
Gad1-F-500096,253,185,68,799,185,68,0.005305835186533234,6.495646002378391e-06,1.6717229980781868e-05,0.012712928998542787,244
Gad1-F-500097,90,53,37,246,53,37,0.0010272188334681943,3.384865054357856e-06,9.202183911947538e-06,0.004522385809758303,89
Gad1-F-500098,658,650,8,7346,650,8,0.008786533261926905,0.00010821481902614294,0.000219110016139748,0.03306366514245515,296
Gad1-F-500099,114,80,34,383,80,34,0.001630757262420672,1.7198334217529988e-05,1.2202370800087315e-05,0.005728355359027185,109
Gad1-F-500100,132,83,49,461,83,49,0.000832998388969215,1.8723500256397335e-05,1.1573975993619049e-05,0.006632832520978845,128
Gad1-F-500101,418,196,222,2851,196,222,0.0027307895106861223,6.859486045267011e-05,3.934320198035566e-05,0.021003969649766342,223
Gad1-F-500102,538,260,278,3064,260,278,0.003524324359696275,3.313559545490103e-05,2.2778487514040277e-05,0.027033817396110747,352
Gad1-F-500103,76,43,33,435,43,33,0.00011078557268921272,1.2912387996056561e-06,2.7802412179451278e-05,0.0038189035726847896,71
Gad1-F-500104,511,94,417,2292,94,417,0.0017186400673760175,1.5340391581205019e-06,1.829645074902626e-05,0.02567710165318326,345
Gad1-F-500105,480,91,389,2473,91,389,0.00044446131702329986,1.997677575270039e-06,1.2466701869825286e-05,0.02411939098537762,205
Gad1-F-500106,383,289,94,1500,289,94,0.0057533631944520205,3.0904976056879394e-06,2.2032231688530142e-05,0.01924526405708256,289
Gad1-F-500107,542,66,476,3489,66,476,0.002520609128229174,5.633779198085581e-06,1.5033715384413317e-05,0.027234812320988896,348
Gad1-F-500108,267,209,58,1494,209,58,0.0020743776673286724,1.6543525977719608e-05,2.6207073878649507e-05,0.0134164112356163,205
Gad1-F-500109,493,270,223,4430,270,223,0.013445678702219565,2.8157940047415437e-05,4.385733714375832e-05,0.024772624491231597,352
Gad1-F-500110,310,27,283,2106,27,283,0.00029691889945441245,1.0002499990228356e-06,8.921836940163649e-06,0.015577106678056379,181
Gad1-F-500111,134,78,56,2296,78,56,0.00025122967693951996,9.614714263518043e-06,6.951939039224827e-05,0.006733329983417919,94
Gad1-F-500112,596,208,388,4037,208,388,0.011720706440112779,1.4264737802771754e-05,3.445636462568212e-05,0.029948243806843876,268
Gad1-F-500113,291,257,34,1303,257,34,0.00044929671553751326,1.8283789123641464e-07,8.62364505723885e-05,0.014622380784885182,150
Gad1-F-500114,251,19,232,778,19,232,0.0001619522547298345,1.8560351267760982e-07,8.159241472337434e-06,0.012612431536103714,131
Gad1-F-500115,278,221,57,1329,221,57,0.001091270609222509,1.7523740965793362e-05,2.9940483713738895e-05,0.013969147279031204,199
Gad1-F-500116,696,194,502,5023,194,502,0.0030000253627749836,1.5457022174642298e-05,2.62838710291537e-05,0.03497311692879755,331
Gad1-F-500117,281,183,98,1602,183,98,0.0026183648266444376,9.251911054211688e-06,3.39541810214396e-05,0.014119893472689814,216
Gad1-F-500118,228,16,212,2874,16,212,0.0002474519391223707,1.0966146127444042e-07,7.912797462856528e-06,0.01145671071805437,225
Gad1-F-500119,425,46,379,1937,46,379,0.0013505233086962937,5.339099684581554e-05,3.126714201590734e-05,0.0213557107683031,279
Gad1-F-500120,867,208,659,6003,208,659,0.0027869461395862334,1.6572945720160722e-05,2.0058298583058946e-05,0.043565649967338325,352
Gad1-F-500121,541,114,427,3339,114,427,0.007369004195581545,1.4016278771482743e-05,2.0430324685140294e-05,0.027184563589769357,352
Gad1-F-500122,419,211,208,3590,211,208,0.010854191750317864,6.473610565801294e-05,3.780163308861046e-05,0.02105421838098588,352
Gad1-F-500123,32,22,10,75,22,10,5.848028658142941e-05,1.9242153992712635e-08,1.1274796562289993e-05,0.0016079593990251746,31
Gad1-F-500124,144,104,40,1104,104,40,0.0003064447166973706,2.361385859155691e-06,7.510495640034688e-05,0.007235817295613286,88
Gad1-F-500126,394,194,200,3011,194,200,0.01194330003921186,3.515639299966721e-05,3.409870763465194e-05,0.019798000100497464,348
Gad1-F-500127,193,105,88,1190,105,88,0.0014608428182381855,1.2573226517245273e-05,1.9639184051445992e-05,0.009698005125370585,143
Gad1-F-500128,354,226,128,4151,226,128,0.0023059837814459884,9.121328103566393e-05,5.1081812400308566e-05,0.017788050851715993,214
Gad1-F-500129,567,161,406,3511,161,406,0.002815456625136927,8.568432245158118e-05,2.5509431181951278e-05,0.028491030601477313,211
Gad1-F-500130,441,150,291,2211,150,291,0.0004488025742824999,1.0860882663791714e-06,2.787672006749824e-05,0.022159690467815688,181
Gad1-F-500131,52,31,21,202,31,21,0.00018302099130340172,3.420309673927919e-07,1.5457317487761505e-05,0.002612934023415909,51
Gad1-F-500132,710,180,530,3966,180,530,0.008990675105389572,3.261791631109396e-05,3.0510394436040644e-05,0.03567659916587106,352
Gad1-F-500133,446,236,210,4507,236,210,0.012703317485401783,5.8862178625850764e-05,4.843540745955469e-05,0.02241093412391337,352
Gad1-F-500134,165,113,52,793,113,52,0.0006739924103228805,8.245717253677362e-06,2.3840858724647385e-05,0.008291040651223557,138
Gad1-F-500135,183,142,41,903,142,41,0.0012058546117081602,7.953888402541045e-06,1.9440306576307394e-05,0.009195517813175217,179
Gad1-F-500136,190,75,115,724,75,115,0.0009792002005991121,8.675193916729136e-06,1.1818317947463436e-05,0.009547258931711974,147
Gad1-F-500137,324,251,73,1626,251,73,0.0004132825181916634,2.6866318513872455e-07,0.00010354597109325088,0.016280588915129894,150
Gad1-F-500138,712,508,204,3312,508,204,0.015479045408029269,1.7688354544127164e-05,5.124491526437908e-05,0.035777096628310134,352
Gad1-F-500140,620,32,588,5379,32,588,0.0008976119657825997,7.165227864134653e-05,1.0485141798981254e-05,0.031154213356112757,205
Gad1-F-500141,692,503,189,7480,503,189,0.006145451866262383,0.007423704955472593,0.0001528388570195278,0.0347721220039194,348
Gad1-F-500142,439,190,249,2556,190,249,0.0089059821794984,1.3944306081250507e-05,2.5295667968363406e-05,0.022059193005376614,352
Gad1-F-500143,339,190,149,2097,190,149,0.01176817355099318,3.0161667284771267e-05,3.3869333702960484e-05,0.017034319883422945,321
Gad1-F-500144,529,228,301,2801,228,301,0.003762870139232528,4.874800244557238e-05,2.09207490636308e-05,0.02658157881513492,352
Gad1-F-500145,142,110,32,555,110,32,0.0024411243634990185,6.565939961470463e-06,2.288554647676527e-05,0.007135319833174212,132
Gad1-F-500146,441,148,293,1246,148,293,0.004333216325458803,8.824168895903496e-05,2.0738249080800392e-05,0.022159690467815688,263
Gad1-F-500147,725,137,588,4079,137,588,0.0018137221031595033,9.487455795085977e-06,1.430162879837805e-05,0.036430330134164114,352
Gad1-F-500148,342,23,319,2214,23,319,0.0018118044533205445,4.581613604717132e-06,9.813740905671832e-06,0.017185066077081555,312
Gad1-F-500149,221,107,114,878,107,114,0.0017102209901140712,4.3578783665266985e-05,1.7450621751188218e-05,0.011104969599517612,186
Gad1-F-500150,94,66,28,274,66,28,0.0010370907502652636,1.2473549755363507e-06,1.0894479267926841e-05,0.004723380734636451,94
Gad1-F-500152,241,164,77,820,164,77,0.0010933697802885734,1.5254707460306153e-05,2.0869895492310807e-05,0.012109944223908346,150
Gad1-F-500153,188,84,104,928,84,104,0.00035164558368383465,4.401465523079131e-07,3.641792808096449e-05,0.009446761469272901,138
Gad1-F-500154,108,41,67,310,41,67,0.0010218705352027509,8.920683200773272e-07,1.0183288675759978e-05,0.005426862971709964,108
Gad1-F-500155,353,321,32,1617,321,32,0.0005594425029196991,3.190363901535229e-07,0.00011200302049226945,0.017737802120496457,150
Gad1-F-500156,89,37,52,455,37,52,0.0003465569158455623,4.5702719554005206e-07,1.1739436311104729e-05,0.004472137078538767,87
Gad1-F-500157,1319,713,606,13786,713,606,0.016731096609850338,3.534034378478222e-05,0.00013602211699962062,0.06627807647856891,352
Gad1-F-500158,315,199,116,2851,199,116,0.0007815246747979413,1.4945919414936787e-06,3.842270926854667e-05,0.015828350334154064,211
Gad1-F-500159,134,55,79,710,55,79,0.00016154254723415657,3.6169766218929683e-07,1.2024295647419424e-05,0.006733329983417919,100
Gad1-F-500161,454,212,242,2595,212,242,0.006034630849625044,1.6951176280019005e-05,2.5175279298077943e-05,0.022812923973669665,352
Gad1-F-500162,426,126,300,3757,126,300,0.001865037165891747,5.563290547333657e-06,3.765573588942584e-05,0.021405959499522637,165
Gad1-F-500163,450,174,276,5266,174,276,0.0027295331544147598,0.002734202572507547,2.0684478638329794e-05,0.02261192904879152,348
Gad1-F-500164,220,79,141,1011,79,141,0.00034975563766474944,4.024389762583127e-07,3.649314520937897e-05,0.011054720868298076,150
Gad1-F-500165,359,26,333,2589,26,333,0.00033557972210947575,8.464625774211486e-07,9.899484849483377e-06,0.018039294507813677,326
Gad1-F-500166,326,36,290,1634,36,290,0.0022810819128181743,1.1402915340279164e-06,1.0184567891476145e-05,0.016381086377568965,307
Gad1-F-500167,242,115,127,1455,115,127,0.0005097408102870523,1.5609838535364556e-06,1.2644166485793138e-05,0.012160192955127883,210
Gad1-F-500168,392,225,167,3361,225,167,0.0010481496124487922,6.931059004687345e-06,2.3860758255168413e-05,0.01969750263805839,211
Gad1-F-500169,75,18,57,464,18,57,1.6496307079881274e-05,1.915034074783096e-08,1.2033622676963486e-05,0.003768654841465253,71
Gad1-F-500170,244,81,163,1060,81,163,0.00030993892852014966,2.3935082577336206e-07,2.9752625707119627e-05,0.012260690417566956,148
Gad1-F-500171,271,111,160,1183,111,160,0.0015977555252866236,6.332155383345082e-06,1.937687560827284e-05,0.013617406160494448,211
Gad1-F-500172,360,212,148,1341,212,148,0.0033045999764950663,6.426289565154068e-06,2.1603329323995066e-05,0.018089543239033213,236
Gad1-F-500173,137,86,51,1838,86,51,0.00019489759605310577,2.5682586058844914e-06,6.842377474435385e-05,0.006884076177076529,94
Gad1-F-500174,217,118,99,1029,118,99,0.0014556890001665114,1.708684690307239e-05,3.0368533950535067e-05,0.010903974674639466,145
Gad1-F-500176,411,189,222,3277,189,222,0.011797226605593276,4.5606278501439416e-05,3.533876749429104e-05,0.020652228531229586,352
Gad1-F-500177,397,41,356,1510,41,356,0.001484946745142931,1.2520034189857625e-06,9.0117501615746e-06,0.01994874629415607,249
Gad1-F-500178,281,32,249,1892,32,249,0.0001778370936670668,3.119541224449932e-07,8.269757754086213e-06,0.014119893472689814,194
Gad1-F-500179,215,87,128,988,87,128,0.0003743896900951368,4.212229598030257e-07,4.034071299882933e-05,0.010803477212200392,143
Gad1-F-500180,446,94,352,2630,94,352,0.0010827561704644822,6.215085791410118e-06,1.3727711850576754e-05,0.02241093412391337,211
Gad1-F-500181,1257,1240,17,12204,1240,17,0.03710178899455492,0.0001677583224869903,0.00020536946195157273,0.06316265514295764,352
Gad1-F-500182,175,105,70,1101,105,70,0.00036303901023169256,3.561007115355059e-07,5.997541257935861e-05,0.008793527963418923,126
Gad1-F-500183,335,288,47,1327,288,47,0.0004772794370654248,2.7896244553871235e-07,7.687703327539339e-05,0.016833324958544796,150
Gad1-F-500184,288,115,173,1422,115,173,0.0015660892145679197,3.744334018666603e-06,1.8555677647857554e-05,0.014471634591226572,211
Gad1-F-500185,227,89,138,1069,89,138,0.0009024083918131431,5.542590874948613e-07,1.5164238566256386e-05,0.011406461986834832,222
Gad1-F-500186,309,20,289,1405,20,289,0.00021257908628102422,4.210841275300707e-07,1.2159145225433485e-05,0.015526857946836843,241
Gad1-F-500187,162,98,64,1242,98,64,0.00025143102905396386,2.366049192722115e-06,0.00013674594505117636,0.008140294457564947,90
Gad1-F-500188,435,273,162,2957,273,162,0.012510862360874194,0.00015609997656243976,3.933527116058867e-05,0.021858198080498468,352
Gad1-F-500189,102,59,43,776,59,43,0.000541310981607765,2.072270314539055e-06,1.971271730674524e-05,0.005125370584392744,86
Gad1-F-500190,216,131,85,621,131,85,0.00024040710427640223,2.019988492131078e-07,2.6113694328787745e-05,0.010853725943419929,148
Gad1-F-500191,617,194,423,3261,194,423,0.009152917367829347,4.225476112928819e-05,2.9234016085654373e-05,0.031003467162454147,352
Gad1-F-500192,157,96,61,727,96,61,0.0007460501476913151,6.375649808456424e-06,2.2928099635625022e-05,0.007889050801467262,121
Gad1-F-500193,493,210,283,3157,210,283,0.011065268683974597,0.0001638783504616488,3.301416644187682e-05,0.024772624491231597,352
Gad1-F-500194,60,28,32,241,28,32,0.00017548482120537898,2.530896639027852e-07,1.3572037237354156e-05,0.0030149238731722026,58
Gad1-F-500196,560,187,373,3030,187,373,0.0025469101305854304,0.00010165565541880136,2.0435813496734182e-05,0.028139289482940557,205
Gad1-F-500198,616,367,249,3279,367,249,0.0013674285873519242,5.447628168569732e-06,7.986551827798251e-05,0.03095321843123461,186
Gad1-F-500199,326,279,47,1504,279,47,0.0005052875116117352,2.2009449442539014e-07,8.982108058354227e-05,0.016381086377568965,150
Gad1-F-500200,520,96,424,3138,96,424,0.0006071038078268195,7.4800712639293216e-06,1.8513095239471627e-05,0.02612934023415909,203
Gad1-F-500201,261,100,161,1156,100,161,0.0014141532043322755,4.7690433834913315e-06,1.3856797359542483e-05,0.01311491884829908,150
Gad1-F-500202,632,526,106,5100,526,106,0.006815256566503468,0.009575962645453686,6.837952567013302e-05,0.0317571981307472,348
Gad1-F-500203,469,46,423,1764,46,423,0.00040845783813670976,4.074118951863675e-06,1.4963772774457535e-05,0.023566654941962716,192
Gad1-F-500204,945,810,135,9797,810,135,0.02084938967676454,3.117571111256729e-05,0.00011419368796417626,0.04748505100246219,352
Gad1-F-500205,67,58,9,216,58,9,0.0013727834747415866,2.7566479590721765e-06,1.076282489261214e-05,0.0033666649917089594,67
Gad1-F-500206,184,70,114,760,70,114,0.00032206353142939857,3.929151733647534e-07,2.828651986572666e-05,0.009245766544394754,141
Gad1-F-500207,127,51,76,774,51,76,0.000116291692309798,1.6411222727548297e-07,3.438907140149826e-05,0.006381588864881162,86
Gad1-F-500208,102,67,35,515,67,35,0.00025430390816280943,1.1045824010757148e-06,2.101858703862841e-05,0.005125370584392744,83
Gad1-F-500209,115,29,86,317,29,86,0.00014857206834068457,8.581726573378729e-08,1.491066415283412e-05,0.005778604090246721,110
Gad1-F-500210,1140,385,755,4660,385,755,0.007441628778966702,3.4145815195057954e-06,2.4520358339137428e-05,0.057283553590271846,352
Gad1-F-500211,394,223,171,2734,223,171,0.011021315309878151,0.00013258574084559768,4.1392936455664925e-05,0.019798000100497464,350
Gad1-F-500213,395,206,189,2969,206,189,0.01013739255138766,6.318333892469458e-05,3.0643340332219584e-05,0.019848248831717,345
Gad1-F-500215,234,121,113,874,121,113,0.0004056966242818658,3.980975922593401e-07,3.222366671080197e-05,0.01175820310537159,150
Gad1-F-500216,348,197,151,2299,197,151,0.011226477969468025,5.826655035695509e-05,3.118058992920329e-05,0.017486558464398776,329
Gad1-F-500217,444,342,102,2901,342,102,0.0017022846013940625,1.9267155030898526e-05,5.350714642028506e-05,0.0223104366614743,205
Gad1-F-500218,293,220,73,1269,220,73,0.0033816384725352637,8.152543527782927e-06,7.48938939931122e-05,0.014722878247324255,223
Gad1-F-500219,1397,737,660,7644,737,660,0.016296746967173203,2.0713070783325175e-05,5.908603004850002e-05,0.07019747751369278,352
Gad1-F-500220,230,154,76,724,154,76,0.0002637337404015014,1.3591321892101596e-07,3.106302501609352e-05,0.011557208180493442,150
Gad1-F-500221,280,237,43,1256,237,43,0.0003636206800179209,1.9155739136854487e-07,6.078658351874555e-05,0.014069644741470278,148
Gad1-F-500222,215,37,178,707,37,178,0.0001101820990643397,1.3019490802522254e-07,1.0793663206879297e-05,0.010803477212200392,150
Gad1-F-500223,172,171,1,541,171,1,0.004251181216309433,7.816168707336876e-06,1.8775099432929124e-05,0.008642781769760313,164
Gad1-F-500224,193,90,103,509,90,103,0.00012616093326638247,2.8855808569818885e-08,2.144825584511257e-05,0.009698005125370585,148
Gad1-F-500225,390,225,165,3078,225,165,0.014036943324273026,8.215063425174772e-05,4.7603782825917816e-05,0.019597005175619315,348
Gad1-F-500226,196,111,85,1250,111,85,0.0004848097461566643,7.516438090433864e-07,5.9907354847961827e-05,0.009848751319029195,136
Gad1-F-500227,340,256,84,1211,256,84,0.0006491408934031246,6.012158373126671e-07,6.306768797297031e-05,0.01708456861464248,150
Gad1-F-500228,389,203,186,3226,203,186,0.010228504336985614,0.00010338143153010662,3.502935920598053e-05,0.01954675644439978,348
Gad1-F-500229,138,37,101,764,37,101,0.0003037608713347964,1.6427139079931996e-06,1.1719077856418507e-05,0.0069343249082960655,99
Gad1-F-500230,548,337,211,3850,337,211,0.010217954888608247,2.817614358527915e-05,5.170559102178109e-05,0.027536304708306116,352
Gad1-F-500231,240,129,111,1091,129,111,0.0018007218432857792,8.032793293241966e-06,3.981923096471295e-05,0.01205969549268881,148
Gad1-F-500232,203,21,182,788,21,182,0.0003824228961789358,2.717699356779797e-06,9.358798780657823e-06,0.01020049243756595,198
Gad1-F-500233,534,208,326,3737,208,326,0.007420016382075052,1.795862077840856e-05,2.3785717552278405e-05,0.0268328224712326,352
Gad1-F-500234,170,124,46,1164,124,46,0.00048820798730435724,5.451826965936793e-07,9.012403271134537e-05,0.00854228430732124,125
Gad1-F-500235,37,8,29,243,8,29,1.588090918628112e-05,3.946665689549059e-09,9.06838384898281e-06,0.0018592030551228581,37
Gad1-F-500236,379,199,180,2960,199,180,0.010047405341385778,0.00012480306418174655,3.763279767912399e-05,0.019044269132204413,342
Gad1-F-500237,396,216,180,3095,216,180,0.010258445249861522,9.430443028237651e-05,3.429047828683501e-05,0.019898497562936535,352
Gad1-F-500238,344,212,132,1719,212,132,0.0034644067839110335,7.838239504339182e-06,2.319491226456785e-05,0.017285563539520626,250
Gad1-F-500239,490,165,325,3921,165,325,0.00482322092432108,1.6682635274411767e-05,2.4887779466454503e-05,0.024621878297572987,352
Gad1-F-500240,955,162,793,6919,162,793,0.003848300343822354,3.738641166824404e-06,1.7265663714167483e-05,0.04798753831465755,352
Gad1-F-500241,205,117,88,1160,117,88,0.00036236154779372245,6.519665177508546e-07,5.4703667309976267e-05,0.010300989900005025,120
Gad1-F-500242,478,158,320,3489,158,320,0.0032752082153051174,2.603487911050432e-05,2.508997389473443e-05,0.024018893522938546,352
Gad1-F-500243,162,62,100,790,62,100,0.00027622966593457914,7.675257830097414e-07,1.3693262943453085e-05,0.008140294457564947,118
Gad1-F-500244,502,185,317,2630,185,317,0.0020179766185438415,2.6638793621514986e-05,1.8456533183423503e-05,0.025224863072207428,211
Gad1-F-500245,79,36,43,420,36,43,0.00033962524033290855,8.842961548623932e-07,1.3504172973755324e-05,0.0039696497663434,74
Gad1-F-500246,128,71,57,1435,71,57,0.00020363738362652391,3.6970122686590026e-06,5.8685838885198684e-05,0.0064318375961006985,94
Gad1-F-500248,239,65,174,1031,65,174,0.0003151468150275697,3.169318849602975e-07,3.476346401262274e-05,0.012009446761469273,150
Gad1-F-500249,208,148,60,1236,148,60,0.00046336932393392253,5.03973638789906e-07,8.308687849442048e-05,0.010451736093663636,135
Gad1-F-500250,219,66,153,821,66,153,0.0003120910543373326,1.8207455782634663e-07,2.6011736174951486e-05,0.011004472137078539,150
Gad1-F-500251,356,346,10,1096,346,10,0.007430691975429644,5.540905781580893e-06,2.320308394239989e-05,0.017888548314155067,329
Gad1-F-500252,679,265,414,2841,265,414,0.0027707086655010017,1.637864080876797e-05,4.654949218455684e-05,0.03411888849806542,219
Gad1-F-500253,278,241,37,1053,241,37,0.0003916512988185173,1.118420781843591e-07,6.823142595098757e-05,0.013969147279031204,150
Gad1-F-500254,227,82,145,885,82,145,0.0003529365219303864,3.0719711128032275e-07,3.491637202558367e-05,0.011406461986834832,150
Gad1-F-500255,433,229,204,3624,229,204,0.01365432579913634,4.1933456447037115e-05,4.63402842798777e-05,0.021757700618059393,352
Gad1-F-500256,519,236,283,4448,236,283,0.013394665776434911,7.628313322853334e-05,4.5470028433586814e-05,0.02607909150293955,352
Gad1-F-500257,399,150,249,2149,150,249,0.0020080951501392054,1.6324924592119187e-05,2.4545063151165025e-05,0.020049243756595145,186
Gad1-F-500258,512,33,479,3606,33,479,0.00029635340752718806,9.361163687110061e-07,8.792567802069261e-06,0.025727350384402794,205
Gad1-F-500259,336,119,217,1463,119,217,0.0007330089626541583,8.947135140842833e-06,2.373471314183999e-05,0.016883573689764335,186
Gad1-F-500260,287,244,43,1154,244,43,0.0005038357598339319,3.189398694780739e-07,8.122817083045162e-05,0.014421385860007034,150
Gad1-F-500261,652,502,150,7521,502,150,0.006511773310839104,0.014791763717960487,9.573485656346824e-05,0.03276217275513793,348
Gad1-F-500262,30,6,24,118,6,24,5.7142394957210575e-05,1.0352736546986117e-08,8.107262009066983e-06,0.0015074619365861013,30
Gad1-F-500263,109,69,40,451,69,40,0.00027089973028622316,2.2809663373505098e-07,2.4861948713582677e-05,0.005477111702929501,100
Gad1-F-500264,285,97,188,823,97,188,0.00027485439122250057,1.4648112386076756e-07,2.1745984636920737e-05,0.014320888397567962,150
Gad1-F-500265,344,125,219,2153,125,219,0.0010840787446763163,1.024191449755153e-05,4.3491643696152425e-05,0.017285563539520626,185
Gad1-F-500266,439,240,199,2698,240,199,0.004505068239853024,0.00014678237781433763,3.3856887170191933e-05,0.022059193005376614,226
Gad1-F-500267,422,360,62,2854,360,62,0.005350667552150462,0.0021206377091722195,6.955371044505144e-05,0.02120496457464449,314
Gad1-F-500268,217,112,105,1089,112,105,0.00047573377757666825,1.502491563360533e-06,2.1414080979670413e-05,0.010903974674639466,148
Gad1-F-500269,514,149,365,3154,149,365,0.0038749297947829335,8.937776837372132e-06,1.791882485601607e-05,0.02582784784684187,352
Gad1-F-500270,1437,1386,51,18657,1386,51,0.042788325636455904,0.0003537933171596484,0.00031171527302847635,0.07220742676247424,352
Gad1-F-500272,656,110,546,3144,110,546,0.0018341724651909001,2.926415968813579e-06,1.2356739830185252e-05,0.03296316768001608,352
Gad1-F-500273,765,91,674,4204,91,674,0.0012581063979609042,1.7931746981493938e-05,1.161964713648728e-05,0.03844027938294558,352
Gad1-F-500274,392,211,181,3054,211,181,0.011679361854327617,8.873924711770345e-05,4.02659861287259e-05,0.01969750263805839,350
Gad1-F-500275,418,211,207,3415,211,207,0.010725906610672756,8.99568125060316e-05,3.6022857855312063e-05,0.021003969649766342,352
Gad1-F-500276,452,168,284,3390,168,284,0.009055436395739023,0.00010180532827474497,2.831682216567e-05,0.02271242651123059,352
Gad1-F-500277,288,252,36,1083,252,36,0.0005212476214195167,2.4158871749708625e-07,7.271783474375084e-05,0.014471634591226572,150
Gad1-F-500278,35,7,28,76,7,28,3.0554899890835355e-06,5.446227485274862e-10,1.2882390263952698e-05,0.0017587055926837848,33
Gad1-F-500279,136,32,104,1025,32,104,0.00019777168161220492,7.528897254742887e-07,1.2871076921264198e-05,0.006833827445856992,90
Gad1-F-500280,378,204,174,2712,204,174,0.010355986773560673,9.581783509032256e-05,3.5621913550998585e-05,0.018994020400984874,342
Gad1-F-500281,387,102,285,1940,102,285,0.0007768908786434205,3.0590548359877817e-06,1.2680897302716125e-05,0.019446258981960705,205
Gad1-F-500282,418,223,195,3312,223,195,0.010780504744027794,0.00018221893073132634,3.9035626627553714e-05,0.021003969649766342,349
Gad1-F-500283,805,222,583,4796,222,583,0.010204175030330455,7.887528003056706e-05,3.566551087459121e-05,0.04045022863172705,352
Gad1-F-500284,101,10,91,655,10,91,8.627317960170703e-05,4.9699604794386416e-08,8.065088930610761e-06,0.005075121853173208,91
Gad1-F-500285,463,259,204,3971,259,204,0.013268021662537861,0.0001277970358009451,4.337433678702488e-05,0.023265162554645495,352
Gad1-F-500286,602,233,369,13357,233,369,0.0033531125022354235,0.0036682123164583262,2.8798776626818273e-05,0.030249736194161096,348
Gad1-F-500287,328,223,105,1917,223,105,0.006907391307037832,2.0794497284069278e-05,3.576212758456586e-05,0.01648158384000804,308
Gad1-F-500288,793,137,656,5148,137,656,0.0074862371765877875,4.2294814084666254e-05,1.97495279904127e-05,0.03984724385709261,352
Gad1-F-500289,1319,581,738,6963,581,738,0.012357597425980364,1.2592168021640174e-05,3.9598183122722806e-05,0.06627807647856891,352
Gad1-F-500290,382,186,196,2963,186,196,0.01076292208306699,4.410816695752154e-05,3.641152504380219e-05,0.019195015325863023,344
Gad1-F-500291,1336,812,524,10941,812,524,0.018336371777258515,4.908260301341083e-05,0.00010639105334380929,0.06713230490930104,352
Gad1-F-500292,129,65,64,984,65,64,0.0003520786477115838,1.5449681899835987e-06,1.6424881060750386e-05,0.006482086327320235,89
Gad1-F-500293,642,432,210,5928,432,210,0.005606480254932702,0.007827168509735504,5.6350904854857235e-05,0.03225968544294257,348
Gad1-F-500294,644,200,444,4338,200,444,0.0099770907504552,1.4049350337185083e-05,4.8450310788610896e-05,0.03236018290538164,352
Gad1-F-500295,251,232,19,887,232,19,0.005143867996550519,6.324840142648678e-05,2.231782067725658e-05,0.012612431536103714,243
Gad1-F-500296,383,229,154,2645,229,154,0.01339954667514591,8.264109015782092e-05,4.395351146028212e-05,0.01924526405708256,346
Gad1-F-500297,115,61,54,582,61,54,0.00035439940272182115,2.407442307772145e-06,1.974048303968511e-05,0.005778604090246721,89
Gad1-F-500298,261,88,173,1390,88,173,0.0004176042912164586,6.234861104368949e-07,1.3750355072199902e-05,0.01311491884829908,211
Gad1-F-500299,337,209,128,2455,209,128,0.0009957097444034252,7.023235078841894e-06,2.2020304938995732e-05,0.01693382242098387,205
Gad1-F-500300,137,96,41,432,96,41,0.002145715493288774,2.4217108746032475e-05,1.2233990345246744e-05,0.006884076177076529,131
Gad1-F-500301,443,373,70,1845,373,70,0.0071388711584534385,6.607238942920139e-06,3.0349575071206258e-05,0.02226018793025476,268
Gad1-F-500302,474,175,299,2730,175,299,0.0017405458364339107,5.542161072826861e-06,4.762315823274443e-05,0.0238178985980604,231
Gad1-F-500303,293,186,107,2636,186,107,0.0007015764358241697,2.038153985784993e-06,0.00017099454607590484,0.014722878247324255,145
Gad1-F-500304,265,166,99,1188,166,99,0.0008217414241713728,4.677278960413201e-06,3.301098513837157e-05,0.013315913773177228,173
Gad1-F-500305,561,203,358,4649,203,358,0.0046265578201563125,7.576754547713287e-05,2.6750992508271688e-05,0.028189538214160093,352
Gad1-F-500306,349,166,183,1871,166,183,0.007913607664572511,5.4063140544528856e-05,2.378697543804836e-05,0.01753680719561831,331
Gad1-F-500307,450,267,183,3512,267,183,0.012503710641409009,8.743973013708342e-05,4.130440185497105e-05,0.02261192904879152,352
Gad1-F-500308,488,292,196,4001,292,196,0.014720877851411565,0.00011142475309022122,5.0669167911185606e-05,0.024521380835133912,352
Gad1-F-500309,423,235,188,3117,235,188,0.010814002135309274,2.8142848024632974e-05,3.5239222027799486e-05,0.021255213305864027,352
Gad1-F-500310,396,203,193,2141,203,193,0.008446787938177927,2.9127990157680376e-05,2.6595782210528095e-05,0.019898497562936535,344
Gad1-F-500312,334,234,100,2649,234,100,0.0015216873589688964,1.794194781461239e-05,2.396158690267801e-05,0.01678307622732526,205
Gad1-F-500313,145,63,82,666,63,82,0.0004490865001038149,1.689742303133435e-06,1.850046393630617e-05,0.007286066026832822,111
Gad1-F-500314,102,65,37,367,65,37,0.0007648533805643899,5.6527390535510095e-06,1.2026579506861243e-05,0.005125370584392744,94
Gad1-F-500315,573,294,279,3318,294,279,0.004752616203791067,3.115808401901201e-05,2.6081067845583528e-05,0.028792522988794533,352
Gad1-F-500316,492,234,258,3766,234,258,0.009815187434589092,0.00010515474365771051,3.6286014544072514e-05,0.024722375760012058,352
Gad1-F-500318,271,119,152,962,119,152,0.0006968256273708935,3.2609806503978028e-06,1.4007352371112435e-05,0.013617406160494448,204
Gad1-F-500319,58,28,30,237,28,30,0.0002676572841291646,3.4520028613445677e-07,1.0134916253722874e-05,0.002914426410733129,57
Gad1-F-500320,384,204,180,1794,204,180,0.0011444166119570132,1.8712115978772064e-05,2.6313986592712688e-05,0.019295512788302095,183
Gad1-F-500322,395,214,181,3281,214,181,0.010321793989731546,4.188771266781431e-05,3.7801496366652356e-05,0.019848248831717,349
Gad1-F-500323,760,493,267,6373,493,267,0.006613696223283694,0.007011695691910067,5.9114199618949344e-05,0.0381890357268479,348
Gad1-F-500324,149,92,57,735,92,57,0.00031804149993044066,1.1492776395444802e-06,2.4971329019091034e-05,0.007487060951710969,89
Gad1-F-500325,367,181,186,1968,181,186,0.002367824000268555,8.01807891716447e-06,0.0001375601525785121,0.018441284357569972,216
Gad1-F-500326,438,169,269,2085,169,269,0.004275865770766352,0.0001960093745485863,9.336808951659255e-05,0.022008944274157078,263
Gad1-F-500327,495,183,312,2690,183,312,0.010724804329728737,2.361575280714332e-05,2.577007290458594e-05,0.024873121953670668,352
Gad1-F-500329,425,209,216,1845,209,216,0.000478778447441962,5.944360334099634e-07,5.8598187688784806e-05,0.0213557107683031,151
Gad1-F-500330,269,211,58,1493,211,58,0.0036898394368016676,2.995658559761199e-05,7.541904331034553e-05,0.013516908698055373,232
Gad1-F-500331,97,43,54,458,43,54,8.962270055297178e-05,4.988296069983089e-07,2.2100897994614607e-05,0.004874126928295061,82
Gad1-F-500332,285,162,123,1491,162,123,0.002406723859920367,1.1974201211924783e-05,3.677740476159707e-05,0.014320888397567962,231
Gad1-F-500333,168,157,11,567,157,11,0.00377747700703609,2.5500088188060867e-06,1.79524923172708e-05,0.008441786844882167,164
Gad1-F-500334,415,214,201,2997,214,201,0.013098939032032447,6.410364838296416e-05,4.051803186456904e-05,0.020853223456107732,352
Gad1-F-500335,168,136,32,1015,136,32,0.0008074450572133466,1.4859286746947208e-06,8.818307241510289e-05,0.008441786844882167,109
Gad1-F-500338,325,81,244,2108,81,244,0.000890819864318367,6.984047562868432e-06,1.6345787741863412e-05,0.01633083764634943,202
Gad1-F-500339,427,231,196,3120,231,196,0.013365665076407001,4.316026699848192e-05,4.0210161015116065e-05,0.021456208230742173,352
Gad1-F-500340,317,274,43,1491,274,43,0.00046982681497997273,2.256713751471312e-07,9.051278735838535e-05,0.015928847796593135,150
Gad1-F-500341,746,175,571,4183,175,571,0.0080994686435241,5.659347941620492e-05,2.925416312767985e-05,0.037485553489774386,352
Gad1-F-500342,588,207,381,3639,207,381,0.010165452576061336,0.00023311013515371208,3.642416428291748e-05,0.029546253957087584,352
Gad1-F-500343,341,176,165,2075,176,165,0.0023310248658808784,0.001133623238762958,1.5715694449266034e-05,0.017134817345862016,299
Gad1-F-500344,408,220,188,3355,220,188,0.010397252248259034,0.00021942443782986732,3.921128779789093e-05,0.020501482337570976,352
Gad1-F-500345,418,166,252,2692,166,252,0.00471950762012981,2.368520986343648e-05,2.3767402298938396e-05,0.021003969649766342,352
Gad1-F-500346,46,23,23,199,23,23,0.0001244781674007709,3.822348853720543e-08,1.0220931089936387e-05,0.0023114416360986885,43
Gad1-F-500347,920,546,374,20816,546,374,0.007388649686475982,0.028078334407910802,0.00021429885702697605,0.04622883272197377,348
Gad1-F-500348,763,494,269,12558,494,269,0.006338159371167235,0.010766316433538696,0.00019387603754240834,0.03833978192050651,348
Gad1-F-500350,205,34,171,1270,34,171,0.0003229222282729246,4.1925920255592035e-07,1.07539534099219e-05,0.010300989900005025,192
Gad1-F-500351,201,66,135,1232,66,135,0.0003078219021944507,4.746941621512851e-07,2.8710522107604107e-05,0.010099994975126878,124
Gad1-F-500352,466,327,139,4132,327,139,0.006179819342482161,0.0001245762402612744,7.330053087757228e-05,0.023415908748304105,235
Gad1-F-500354,37,23,14,98,23,14,2.4698717986846958e-05,5.086586901431927e-09,1.6988550301669275e-05,0.0018592030551228581,36
Gad1-F-500355,394,205,189,2798,205,189,0.011674460167567534,2.4515362488709644e-05,3.3339361452028214e-05,0.019798000100497464,349
Gad1-F-500356,160,65,95,503,65,95,0.00034390099060948735,2.803757874032878e-07,1.3934309540307265e-05,0.008039796995125872,107
Gad1-F-500357,604,477,127,3863,477,127,0.011293827159625146,0.00011301116424015856,0.00014113575649120472,0.03035023365660017,296
Gad1-F-500358,519,150,369,10044,150,369,0.0021548063841267946,0.0005846032815851942,2.0134231637201737e-05,0.02607909150293955,348
Gad1-F-500359,550,69,481,3415,69,481,0.004214897422876052,5.598878696985135e-06,1.3389676679593242e-05,0.027636802170745187,352
Gad1-F-500360,622,72,550,3587,72,550,0.0004588590206801696,1.7414109649220349e-06,1.98994726589483e-05,0.03125471081855183,202
Gad1-F-500361,173,57,116,878,57,116,0.0002845493934810793,1.0538474884113562e-05,1.1915055459195626e-05,0.00869303050097985,106
Gad1-F-500362,89,81,8,270,81,8,0.0016030889720075774,7.139874352480579e-06,1.3207359605710443e-05,0.004472137078538767,88
Gad1-F-500363,328,67,261,2157,67,261,0.0007660111002832051,1.7205610837422685e-05,1.716600081628011e-05,0.01648158384000804,211
Gad1-F-500364,395,190,205,3525,190,205,0.010220972528473909,9.32603244824994e-05,3.34003099262613e-05,0.019848248831717,352
Gad1-F-500365,302,51,251,1342,51,251,0.000909638530483036,5.596423663431098e-05,1.166456658301105e-05,0.015175116828300085,205
Gad1-F-500367,484,79,405,1726,79,405,0.001112734839402369,7.188547649090527e-07,1.123458350100788e-05,0.024320385910255767,312
Gad1-F-500368,88,59,29,441,59,29,0.0002220300267581046,7.817792016213576e-07,4.6690036045125735e-05,0.00442188834731923,81
Gad1-F-500369,64,18,46,262,18,46,4.6048209298967904e-05,5.917397587262651e-08,1.1290816702980562e-05,0.0032159187980503492,58
Gad1-F-500370,82,72,10,396,72,10,0.00018683549903834138,1.3298432178448641e-07,5.707315555220064e-05,0.00412039596000201,72
Gad1-F-500372,793,164,629,4353,164,629,0.0025058488422616044,4.0931122454045674e-05,1.892277051475437e-05,0.03984724385709261,352
Gad1-F-500373,157,60,97,1032,60,97,0.0001740220974431967,4.58653428226615e-07,3.108045578621484e-05,0.007889050801467262,121
Gad1-F-500374,587,231,356,2550,231,356,0.0065773397376127024,4.183564657480793e-06,1.9666446680684202e-05,0.029496005225868045,352
Gad1-F-500375,235,124,111,1131,124,111,0.00017441182238145286,1.6698541731436798e-07,9.525402552114998e-05,0.011808451836591126,101
Gad1-F-500376,75,4,71,510,4,71,1.124510536555514e-05,2.855913769110338e-08,1.0935694602776699e-05,0.003768654841465253,66
Gad1-F-500377,59,8,51,522,8,51,1.4863235290767106e-05,6.506659606905178e-09,8.711973135170912e-06,0.0029646751419526657,54
Gad1-F-500378,43,14,29,160,14,29,8.701549630625492e-05,5.171773708264954e-07,1.0725949188477407e-05,0.0021606954424400783,41
Gad1-F-500379,210,83,127,1309,83,127,0.00042389792502115474,1.364408505052234e-06,4.103517625202457e-05,0.010552233556102708,109
Gad1-F-500380,184,83,101,1244,83,101,0.003316248610159426,4.4274542141833145e-06,2.5080914310783226e-05,0.009245766544394754,143
Gad1-F-500381,316,75,241,1318,75,241,0.00028191048813371624,1.462352838220228e-07,3.625522501019811e-05,0.0158785990653736,150
Gad1-F-500382,423,197,226,3269,197,226,0.002854287154379628,0.001174409990639917,2.64714366605467e-05,0.021255213305864027,344
Gad1-F-500383,25,24,1,83,24,1,0.00035375638793736164,1.4150307353563112e-07,8.748010327963673e-06,0.0012562182804884176,25
Gad1-F-500384,373,317,56,2995,317,56,0.004532793810289985,0.002754849359173354,7.510157455974262e-05,0.018742776744887193,282
Gad1-F-500385,122,46,76,706,46,76,0.0006421852124347462,1.2120564788842663e-06,1.1879385957437874e-05,0.006130345208783478,89
Gad1-F-500386,121,82,39,656,82,39,0.0005828042766180994,1.9646835661861832e-06,2.4405286367668308e-05,0.006080096477563942,109
Gad1-F-500387,320,137,183,2087,137,183,0.0004687100549941213,6.977380506281052e-07,0.00014369747479634748,0.016079593990251745,150
Gad1-F-500389,96,41,55,378,41,55,0.00041736222773877066,1.841655953156519e-06,1.5351689222433946e-05,0.004823878197075524,88
Gad1-F-500390,455,230,225,3219,230,225,0.012484066294505122,4.872072166723213e-05,4.0863610291231916e-05,0.0228631727048892,352
Gad1-F-500391,57,52,5,167,52,5,0.0011160716899359727,3.383527566841339e-06,1.291831529287608e-05,0.0028641776795135924,56
Gad1-F-500392,371,218,153,2656,218,153,0.011347835959482579,5.506118999318715e-05,3.61530519308979e-05,0.018642279282448118,342
Gad1-F-500393,424,227,197,3049,227,197,0.010312460634130178,0.00010709554339230532,3.487104776322337e-05,0.021305462037083563,349
Gad1-F-500394,404,212,192,3315,212,192,0.012697370086520223,6.823080789806524e-05,4.849853827399913e-05,0.02030048741269283,352
Gad1-F-500395,386,190,196,3035,190,196,0.01182503582651705,8.070407944704178e-05,3.6153491216971786e-05,0.01939601025074117,351
Gad1-F-500396,342,233,109,1286,233,109,0.0005065457289117997,3.5258872789623185e-07,6.736489007414946e-05,0.017185066077081555,148
Gad1-F-500397,189,112,77,1278,112,77,0.0003740623065234075,6.136348123182523e-07,5.7951650106723054e-05,0.009497010200492437,131
Gad1-F-500398,473,279,194,3798,279,194,0.011851554108947653,4.5695113099832866e-05,4.5271953483536396e-05,0.02376764986684086,352
Gad1-F-500399,483,158,325,3248,158,325,0.0047097912614817855,2.1202615486663397e-05,2.115598404311879e-05,0.02427013717903623,352
Gad1-F-500400,333,140,193,1794,140,193,0.00044185171210269614,6.006933123811707e-07,8.950856452776863e-05,0.016732827496105725,148
Gad1-F-500401,573,268,305,3135,268,305,0.004041756547014879,2.9609976241943764e-05,2.412405101547085e-05,0.028792522988794533,352
Gad1-F-500402,483,277,206,4217,277,206,0.014136397953052248,6.25005805106631e-05,5.0253307738468234e-05,0.02427013717903623,352
Gad1-F-500403,523,219,304,4019,219,304,0.006430629344757871,5.40138502577707e-05,2.973453912072885e-05,0.0262800864278177,352
Gad1-F-500404,193,89,104,1043,89,104,0.0003751642286921492,4.476967292883725e-07,3.982143564282301e-05,0.009698005125370585,138
Gad1-F-500405,108,26,82,547,26,82,0.00017978204785468237,1.5092334535410533e-06,9.58793796575038e-06,0.005426862971709964,90
Gad1-F-500406,455,227,228,3314,227,228,0.012422085540632599,2.684897736680642e-05,4.320090346662651e-05,0.0228631727048892,352
Gad1-F-500407,457,254,203,2804,254,203,0.011778070458449414,3.419875344995127e-05,3.75584791555416e-05,0.022963670167328275,352
Gad1-F-500408,298,238,60,1096,238,60,0.00030622084835047825,9.991754225401845e-08,6.376459826085124e-05,0.014974121903421938,148
Gad1-F-500409,107,101,6,284,101,6,0.0025455329263043783,8.767381466793321e-06,1.634859354006165e-05,0.005376614240490428,104
Gad1-F-500410,22,14,8,63,14,8,1.7290529042845867e-05,4.10248298535034e-09,1.4662930030199547e-05,0.0011054720868298076,21
Gad1-F-500411,286,237,49,1301,237,49,0.0004322993528416259,4.577277720156237e-07,7.15916931413622e-05,0.014371137128787499,148
Gad1-F-500412,296,34,262,1842,34,262,0.001780378425325828,8.786389904126321e-07,8.97007912024722e-06,0.014873624440982865,289
Gad1-F-500413,280,48,232,1229,48,232,0.00010390469723171015,3.876416202936473e-08,1.3907042282968967e-05,0.014069644741470278,150
Gad1-F-500414,182,106,76,922,106,76,0.0003843294784622401,3.869692565217253e-07,6.776950710717614e-05,0.009145269081955681,138
Gad1-F-500415,89,18,71,396,18,71,9.98907497265489e-05,4.8680588135945657e-08,9.768158646948165e-06,0.004472137078538767,81
Gad1-F-500416,518,188,330,3074,188,330,0.007867108237596843,4.561140121840738e-05,2.6914276444003316e-05,0.026028842771720014,352
Gad1-F-500417,476,158,318,3100,158,318,0.004935049272282925,1.5472564588779205e-05,2.4929052581014055e-05,0.02391839606049947,352
Gad1-F-500418,305,121,184,1522,121,184,0.0005041350431100643,7.070959434464168e-07,5.002592104003723e-05,0.015325863021958696,150
Gad1-F-500419,16,12,4,35,12,4,2.267606756969366e-05,1.2041792784159354e-08,1.1113381944087259e-05,0.0008039796995125873,16
Gad1-F-500420,224,167,57,1085,167,57,0.0003728617420377171,4.5919535722850284e-07,7.426631738243783e-05,0.011255715793176222,138
Gad1-F-500422,40,3,37,102,3,37,2.910321502689151e-06,6.39209768845765e-10,1.0286418744742324e-05,0.002009949248781468,38
Gad1-F-500423,18,12,6,49,12,6,9.303977789245569e-05,1.265879849138062e-08,1.168815964787676e-05,0.0009044771619516607,18
Gad1-F-500424,64,61,3,287,61,3,0.0001933117506831244,2.9621082414979915e-07,2.490615457882046e-05,0.0032159187980503492,62
Gad1-F-500425,104,87,17,535,87,17,0.0005377227274325877,8.598613009182761e-07,3.940015607788914e-05,0.005225868046831818,90
Gad1-F-500426,201,78,123,565,78,123,0.00023883520665567105,2.896834835574338e-07,2.2722762585610477e-05,0.010099994975126878,150
Gad1-F-500427,175,36,139,641,36,139,0.0001231287900354644,8.278207533718819e-08,1.8743129317672683e-05,0.008793527963418923,142
Gad1-F-500428,376,154,222,1880,154,222,0.0011345503547649564,1.5773746895588634e-05,2.6271508740956856e-05,0.018893522938545803,186
Gad1-F-500429,255,29,226,1079,29,226,0.0006044480560621013,5.998977038251544e-07,2.055969880548344e-05,0.01281342646098186,197
Gad1-F-500430,41,36,5,162,36,5,6.922925677931695e-05,4.506933980284039e-08,2.3333180152549513e-05,0.002060197980001005,38
Gad1-F-500431,279,103,176,1327,103,176,0.0003878785034309196,4.307791050275749e-07,3.966847982664453e-05,0.014019396010250741,150
Gad1-F-500432,185,57,128,1049,57,128,0.00022595129193882097,1.8332549590071515e-07,2.0817356213963194e-05,0.009296015275614291,131
Gad1-F-500433,169,131,38,759,131,38,0.0014822210619712811,2.1766927268538875e-06,3.110155116452468e-05,0.008492035576101703,133
Gad1-F-500434,68,57,11,202,57,11,0.00011680186582284945,1.0238214082778563e-07,1.7029482780895616e-05,0.003416913722928496,66
Gad1-F-500435,243,64,179,1208,64,179,0.00032198681397795954,4.025774977759333e-07,4.199173101056977e-05,0.01221044168634742,150
Gad1-F-500436,343,192,151,1196,192,151,0.00029764949592704074,1.4766842331012377e-07,4.360637745068847e-05,0.01723531480830109,148
Gad1-F-500437,407,225,182,3032,225,182,0.010239666162904351,4.127312118101608e-05,3.1651361834872386e-05,0.02045123360635144,352
Gad1-F-500438,351,182,169,2650,182,169,0.0007756499659230969,2.4438834261043212e-06,1.7446084413660505e-05,0.017637304658057382,211
Gad1-F-500439,35,23,12,117,23,12,8.661336204109455e-05,3.72421217114154e-08,1.2801423378589372e-05,0.0017587055926837848,33
Gad1-F-500440,239,85,154,1140,85,154,0.00034185863913477284,2.643323122692045e-07,3.528759233083748e-05,0.012009446761469273,150
Gad1-F-500441,1730,551,1179,16001,551,1179,0.006693912260823131,0.019800204890622758,0.000131102389126697,0.08693030500979851,349
Gad1-F-500442,101,52,49,1497,52,49,0.00012903494897848334,1.3950815673796115e-06,5.579371794666404e-05,0.005075121853173208,89
Gad1-F-500445,287,97,190,1315,97,190,0.0011497770743341875,6.058470737404879e-06,1.7393513667643364e-05,0.014421385860007034,211
Gad1-F-500448,89,72,17,401,72,17,0.00040718173322567105,3.509588427042375e-07,2.4826493547667974e-05,0.004472137078538767,78
Gad1-F-500449,153,64,89,600,64,89,0.0005525169195938175,5.562163638476999e-07,1.857999158580177e-05,0.0076880558765891165,103
Gad1-F-500450,30,24,6,75,24,6,0.00010264761805210856,1.5060691723967304e-07,1.7590077377968253e-05,0.0015074619365861013,29
Gad1-F-500451,288,167,121,2027,167,121,0.0013246229206021383,3.302694727770635e-05,3.121365181396991e-05,0.014471634591226572,211
Gad1-F-500452,322,283,39,1281,283,39,0.0004006933091481275,1.2509051410485466e-07,8.560824841350964e-05,0.01618009145269082,150
Gad1-F-500453,488,158,330,3443,158,330,0.0034107109338209706,1.303482916790778e-05,2.2993791614579915e-05,0.024521380835133912,352
Gad1-F-500454,249,104,145,1048,104,145,0.0004043725860868975,4.1626134447055094e-07,3.7236694986093225e-05,0.01251193407366464,150
Gad1-F-500455,263,156,107,1128,156,107,0.001532075486504507,1.0681609801516442e-05,4.3701863432070606e-05,0.013215416310738155,148
Gad1-F-500456,231,126,105,821,126,105,0.00032551197455605153,1.633538180691821e-07,2.602450797230795e-05,0.01160745691171298,148
Gad1-F-500457,156,33,123,994,33,123,0.0013006132195910532,8.63994330025447e-07,1.1189440898240501e-05,0.007838802070247727,126
Gad1-F-500458,272,73,199,1244,73,199,0.0002926520873210683,3.405737765420589e-07,3.4248891020860326e-05,0.013667654891713983,150
Gad1-F-500460,437,260,177,3047,260,177,0.01252958585557834,0.00010928222827262143,4.8031783434674794e-05,0.021958695542937542,352
Gad1-F-500461,234,65,169,943,65,169,0.0002722320361200786,2.5870119363226954e-07,3.341069063327336e-05,0.01175820310537159,150
Gad1-F-500462,506,231,275,3670,231,275,0.011179867000411455,0.0001622241764882464,4.387265992887525e-05,0.025425857997085573,352
Gad1-F-500463,277,204,73,951,204,73,0.00029738735053436264,1.3488057787804214e-07,4.67589056677208e-05,0.013918898547811668,148
Gad1-F-500464,270,103,167,1265,103,167,0.00039971038252563915,5.709560543748977e-07,4.045140304535873e-05,0.01356715742927491,148
Gad1-F-500465,435,41,394,2226,41,394,0.0009224724046248479,3.371070725932293e-07,9.51032227096531e-06,0.021858198080498468,352
Gad1-F-500466,618,40,578,5066,40,578,0.001496169763948835,1.2022214360044553e-06,1.0456125243181912e-05,0.031053715893673686,352
Gad1-F-500467,268,195,73,945,195,73,0.00046221738867358427,2.585953930358487e-07,6.205974006862399e-05,0.013466659966835838,150
Gad1-F-500468,184,105,79,1047,105,79,0.00042240904882061227,4.986347884084265e-07,2.519725744868148e-05,0.009245766544394754,132
Gad1-F-500469,180,92,88,1100,92,88,0.00028514363335626914,4.244032011877081e-07,1.450937109108101e-05,0.009044771619516606,140
Gad1-F-500470,597,202,395,15213,202,395,0.0029471274075841924,0.00310256144325664,2.272941584120165e-05,0.029998492538063415,348
Gad1-F-500471,839,58,781,10208,58,781,0.001990673868461056,6.315838935669233e-06,1.4532211201184751e-05,0.042158685493191295,352
Gad1-F-500472,434,241,193,3893,241,193,0.014121588059361848,8.189277228179446e-05,5.285649798556577e-05,0.021807949349278932,352
Gad1-F-500473,145,73,72,842,73,72,0.0008009975696308658,2.2063399463282416e-06,1.785874553526267e-05,0.007286066026832822,107
Gad1-F-500474,200,79,121,707,79,121,0.0012205950721461448,3.114282329376553e-05,1.3141336317764626e-05,0.01004974624390734,176
Gad1-F-500475,876,256,620,6250,256,620,0.0037689874589431,1.968284232035629e-05,2.313516437816096e-05,0.044017888548314156,352
Gad1-F-500476,166,163,3,1237,163,3,0.0007303306098344825,2.6392939655320425e-06,8.752474684768058e-05,0.008341289382443093,107
Gad1-F-500477,556,202,354,4381,202,354,0.00614308032430016,1.818194040944692e-05,2.4955884938553982e-05,0.027938294558062408,352
Gad1-F-500478,342,289,53,2510,289,53,0.0009109323660890593,2.4953649391199884e-06,0.000160934763324378,0.017185066077081555,147
Gad1-F-500479,400,214,186,3759,214,186,0.0027952079367078602,0.0038702156308540892,2.6332235223248704e-05,0.02009949248781468,348
Gad1-F-500480,144,67,77,1396,67,77,0.0006730633982157475,4.541560528527872e-06,2.3844535924768367e-05,0.007235817295613286,110
Gad1-F-500481,190,104,86,1128,104,86,0.000343207210689203,3.632152264656395e-07,5.526256240439252e-05,0.009547258931711974,137
Gad1-F-500482,544,205,339,4184,205,339,0.00635404024484875,2.111132824213115e-05,3.1979298441362186e-05,0.027335309783427967,352
Gad1-F-500483,192,83,109,704,83,109,0.00018571273503135424,2.0922411788670153e-07,2.286111884515734e-05,0.009647756394151047,138
Gad1-F-500484,41,3,38,143,3,38,3.7714760659520025e-06,4.6387154217120653e-10,7.984053401778525e-06,0.002060197980001005,41
Gad1-F-500485,230,151,79,1549,151,79,0.0004975903991143759,9.078913088975909e-07,6.362736723211557e-05,0.011557208180493442,119
Gad1-F-500486,172,76,96,552,76,96,9.331269841307115e-05,2.1899670887042563e-08,1.709705930171469e-05,0.008642781769760313,142
Gad1-F-500487,132,93,39,696,93,39,0.0003092840774581914,4.495291720922593e-07,3.778637943561107e-05,0.006632832520978845,100
Gad1-F-500488,105,93,12,341,93,12,0.00013670156505449053,9.332093039559914e-08,3.2929692534229035e-05,0.005276116778051354,86
Gad1-F-500489,76,14,62,390,14,62,0.00012128147480083102,1.0240591702562445e-07,1.0136163615004922e-05,0.0038189035726847896,72
Gad1-F-500490,152,111,41,1079,111,41,0.0005309293479456698,5.537030790529161e-06,4.2266412454662565e-05,0.007637807145369579,90
Gad1-F-500491,32,8,24,156,8,24,0.00020841452991975817,1.6882908870085543e-07,2.0638546780058338e-05,0.0016079593990251746,31
Gad1-F-500492,101,31,70,469,31,70,0.00035755993045024243,2.611686924489518e-06,1.5173146585747852e-05,0.005075121853173208,89
Gad1-F-500493,270,99,171,1266,99,171,0.0003613571859148457,5.479063036386003e-07,5.346937694617235e-05,0.01356715742927491,148
Gad1-F-500494,338,70,268,1684,70,268,0.001539142262951572,2.176895380771794e-05,1.601901154733266e-05,0.016984071152203406,202
Gad1-F-500495,270,74,196,759,74,196,0.001944338552097,9.157670377503902e-07,9.942236986377724e-06,0.01356715742927491,257
Gad1-F-500496,11,10,1,35,10,1,8.39354107382796e-06,1.3084941393495893e-09,1.1603577181460555e-05,0.0005527360434149038,11
Gad1-F-500497,58,42,16,279,42,16,0.00011246178592867948,2.5137707052456224e-07,2.1540849433900565e-05,0.002914426410733129,56
Gad1-F-500498,197,134,63,794,134,63,0.00032753846995990123,1.7706158453771796e-07,6.928561128911275e-05,0.009899000050248732,136
Gad1-F-500499,741,43,698,4821,43,698,0.0028686814359217393,1.007627616766798e-05,9.98184112063268e-06,0.0372343098336767,352
Gad1-F-500500,5,1,4,5,1,4,3.0219281387166403e-06,5.217008971313092e-10,7.581362458190839e-06,0.0002512436560976835,5
Gad1-F-500501,32,17,15,112,17,15,3.422485491128914e-05,4.1708380939969714e-08,1.6020632960327976e-05,0.0016079593990251746,31
Gad1-F-500502,193,160,33,1134,160,33,0.0003449270962666571,3.7545481302594624e-07,8.904963102683085e-05,0.009698005125370585,102
Gad1-F-500503,217,144,73,1218,144,73,0.00044999181051191427,5.619753165666573e-07,3.114217137719683e-05,0.010903974674639466,148
Gad1-F-500504,336,326,10,1665,326,10,0.0007093681233781372,6.121546357255044e-07,0.00010316492863154837,0.016883573689764335,150
Gad1-F-500505,544,195,349,2824,195,349,0.003242783874803782,7.275376489011924e-06,1.604319205229493e-05,0.027335309783427967,352
Gad1-F-500507,142,70,72,757,70,72,0.0006203117275807659,3.6577198634048897e-06,1.898869859932908e-05,0.007135319833174212,110
Gad1-F-500508,405,315,90,2066,315,90,0.0008930403159252386,1.9207152392025353e-06,0.00010637818731112671,0.020350736143912366,150
Gad1-F-500509,411,226,185,3780,226,185,0.010890951750772182,0.00011191120519898604,4.003736860565015e-05,0.020652228531229586,352
Gad1-F-500510,231,159,72,635,159,72,0.004272553249339085,3.6484108414280552e-06,1.5700924692191397e-05,0.01160745691171298,224
Gad1-F-500511,211,120,91,1658,120,91,0.00042534627046709496,8.242595174347308e-07,6.043071955501135e-05,0.010602482287322246,138
Gad1-F-500512,311,305,6,1366,305,6,0.0006255598130117833,5.10385185951164e-07,8.40780780189143e-05,0.015627355409275914,148
Gad1-F-500513,561,181,380,4110,181,380,0.004151492430058154,4.789956572703817e-06,2.3403557568776915e-05,0.028189538214160093,352
Gad1-F-500514,75,18,57,533,18,57,1.557885939054779e-05,4.730870613335897e-08,1.5014639988123302e-05,0.003768654841465253,71
Gad1-F-500515,587,250,337,5041,250,337,0.00944912401620352,2.563977438014015e-05,3.831491501184645e-05,0.029496005225868045,352
Gad1-F-500516,95,36,59,323,36,59,0.0001175122612882892,5.455209240048534e-08,1.418452933670205e-05,0.004773629465855987,88
Gad1-F-500517,72,33,39,283,33,39,0.00027727161020035373,3.5770049358694123e-07,1.0124540564724957e-05,0.003617908647806643,66
Gad1-F-500519,611,290,321,4418,290,321,0.004108887135766022,1.8954669698073583e-05,2.587663313860851e-05,0.030701974775136927,352
Gad1-F-500520,102,47,55,554,47,55,0.0004746651224363132,2.9597231077381548e-06,1.7582678863467436e-05,0.005125370584392744,91
Gad1-F-500521,139,81,58,571,81,58,0.0002542917340278672,3.7686339538276517e-07,1.4273433801620634e-05,0.006984573639515602,120
Gad1-F-500522,317,283,34,1341,283,34,0.0005298799040960202,3.130951222783004e-07,9.344852005664806e-05,0.015928847796593135,150
Gad1-F-500524,442,154,288,1826,154,288,0.004354726909243262,1.3516727884963995e-05,2.3502512866788097e-05,0.022209939199035224,231
Gad1-F-500525,419,230,189,3900,230,189,0.012709262343661357,6.704598530925367e-05,4.970000043061136e-05,0.02105421838098588,349
Gad1-F-500526,86,35,51,377,35,51,0.0003373461853377073,6.755131264809908e-07,9.975346054369624e-06,0.004321390884880157,76
Gad1-F-500528,154,39,115,946,39,115,0.0009247127728914765,4.18303477780248e-06,1.499549982585904e-05,0.007738304607808653,126
Gad1-F-500529,375,235,140,1842,235,140,0.0025290900436843056,4.95456343931088e-05,3.9045708158890635e-05,0.018843274207326264,186
Gad1-F-500530,900,37,863,12119,37,863,0.0009631107914492447,1.3910292928725628e-06,9.725152208261292e-06,0.04522385809758304,352
Gad1-F-500531,141,39,102,1146,39,102,9.61754617046382e-05,8.448997934679914e-08,9.713011736942012e-06,0.007085071101954676,110
Gad1-F-500532,208,107,101,855,107,101,0.0012344914378130034,4.5976854842061065e-05,1.6800837546572795e-05,0.010451736093663636,174
Gad1-F-500533,255,77,178,1218,77,178,0.00031997402084710263,4.6763638312744895e-07,3.810508533644098e-05,0.01281342646098186,150
Gad1-F-500536,87,46,41,368,46,41,0.0001245953163820697,3.2439038202796735e-07,1.8432534042537432e-05,0.004371639616099694,82
Gad1-F-500538,793,195,598,5033,195,598,0.0031379717801954775,0.00024080033778507446,8.141726026228123e-05,0.03984724385709261,308
Gad1-F-500539,36,10,26,158,10,26,9.48449168348671e-05,1.2398984817948863e-07,9.358546103460491e-06,0.0018089543239033215,35
Gad1-F-500540,161,107,54,863,107,54,0.00029736014263973513,2.5717307667499977e-07,3.4120232217294444e-05,0.00809004572634541,127
Gad1-F-500541,2440,2302,138,19324,2302,138,0.06175586926572635,0.00013454298860452816,0.0003011790832313893,0.12260690417566956,352
Gad1-F-500542,296,258,38,1220,258,38,0.0004886379598978134,2.9621541090423394e-07,6.725395683766122e-05,0.014873624440982865,148
Gad1-F-500543,180,99,81,1045,99,81,0.0005493659177837061,2.802569050564836e-06,2.097221204158674e-05,0.009044771619516606,134
Gad1-F-500544,232,92,140,1043,92,140,0.00030401151317570877,2.992086182381532e-07,3.975167766071949e-05,0.011657705642932515,148
Gad1-F-500545,328,59,269,1605,59,269,0.0003638330387610952,1.7294934926355259e-06,1.24130450151099e-05,0.01648158384000804,205
Gad1-F-500546,582,89,493,2992,89,493,0.0032970216764406294,2.0342028647272928e-05,1.6327546629492242e-05,0.029244761569770364,339
Gad1-F-500547,192,54,138,639,54,138,0.0006984632980053988,6.960803969407559e-06,1.0527496324468025e-05,0.009647756394151047,142
Gad1-F-500548,256,129,127,1077,129,127,0.0015438889404820653,4.5896528335568875e-06,5.4403743500366716e-05,0.012863675192201397,187
Gad1-F-500549,91,44,47,664,44,47,0.0004314383120139174,1.9022960395959066e-06,1.4265802103466469e-05,0.0045726345409778405,79
Gad1-F-500550,258,212,46,1846,212,46,0.010680040214548854,0.00014255356537915136,4.021968183663432e-05,0.01296417265464047,238
Gad1-F-500551,106,24,82,394,24,82,0.00020259910905412654,2.794510512833582e-07,1.439370902498515e-05,0.005326365509270891,97
Gad1-F-500552,360,323,37,2978,323,37,0.0008352128229054859,1.5812019730621615e-06,0.00022416284274465133,0.018089543239033213,140
Gad1-F-500553,130,48,82,440,48,82,0.0010085751086848973,4.867356359876345e-05,1.0421247871631399e-05,0.006532335058539772,126
Gad1-F-500554,154,75,79,700,75,79,0.0005548564933983189,4.1872948417121244e-07,1.4517218651527131e-05,0.007738304607808653,113
Gad1-F-500556,192,138,54,1032,138,54,0.0006645771992604899,3.143692893045697e-06,3.6843227609817874e-05,0.009647756394151047,121
Gad1-F-500557,103,65,38,792,65,38,0.0002005370374432374,1.4475006305795523e-06,3.319748553501703e-05,0.0051756193156122805,82
Gad1-F-500558,326,58,268,876,58,268,0.001108936979186111,2.063887533602295e-06,1.008715483258351e-05,0.016381086377568965,162
Gad1-F-500559,359,180,179,1317,180,179,0.008696148596592427,1.421896820164838e-05,2.8820211829017836e-05,0.018039294507813677,235
Gad1-F-500560,205,149,56,706,149,56,0.00021432709599368752,4.43302221091971e-08,3.433236037704825e-05,0.010300989900005025,147
Gad1-F-500561,32,6,26,90,6,26,2.4168284274885315e-05,1.490718530178273e-08,9.617434449361407e-06,0.0016079593990251746,31
Gad1-F-500562,168,123,45,994,123,45,0.0002960063409701925,4.192349156996462e-07,0.00011209500088431908,0.008441786844882167,85
Gad1-F-500563,100,72,28,448,72,28,0.0015599398432304442,2.4294873202311374e-06,1.4594435997262902e-05,0.00502487312195367,95
Gad1-F-500565,143,72,71,867,72,71,0.0002954752824162501,4.0998614158509077e-07,2.4565323902866228e-05,0.0071855685643937494,89
Gad1-F-500566,19,16,3,58,16,3,1.2566939464618676e-05,4.06277928811198e-09,1.1721607135128164e-05,0.0009547258931711974,19
Gad1-F-500567,281,132,149,936,132,149,0.00017064074577085325,3.623709024684457e-08,2.9743940123880853e-05,0.014119893472689814,148
Gad1-F-500568,330,179,151,2607,179,151,0.001364591578116266,9.668320413649246e-06,2.2179775364658487e-05,0.016582081302447114,205
Gad1-F-500569,264,97,167,1166,97,167,0.0003537718348779147,4.0813857707575495e-07,5.718130088068375e-05,0.01326566504195769,150
Gad1-F-500570,459,262,197,3803,262,197,0.011893843614857099,0.00010744456057464444,4.315197542633802e-05,0.02306416762976735,352
Gad1-F-500571,198,151,47,913,151,47,0.0004756784545516349,4.5287811902824873e-07,4.744489711806572e-05,0.009949248781468268,142
Gad1-F-500572,32,12,20,86,12,20,2.6937831392231925e-05,3.802659529566731e-09,1.028342851170779e-05,0.0016079593990251746,31
Gad1-F-500573,219,170,49,1353,170,49,0.0006760102613799508,1.620535660653835e-06,9.53546869386221e-05,0.011004472137078539,138
Gad1-F-500574,511,373,138,3251,373,138,0.005711452764867738,4.5976634010183846e-05,0.00014935296924965062,0.02567710165318326,293
Gad1-F-500575,365,233,132,2487,233,132,0.0008798858284108233,5.077467985519423e-06,5.001269890877583e-05,0.018340786895130898,182
Gad1-F-500576,36,32,4,78,32,4,6.967198669041766e-05,1.6489305046305165e-08,1.3534009355996924e-05,0.0018089543239033215,35
Gad1-F-500577,81,80,1,209,80,1,0.00029199898726942357,1.4793592851962947e-07,3.2834432033879515e-05,0.0040701472287824735,74
Gad1-F-500578,216,158,58,972,158,58,0.000503210152689632,4.434826788436704e-07,4.4740754306638684e-05,0.010853725943419929,147
Gad1-F-500579,165,99,66,1167,99,66,0.00033771945137799265,7.866954042159684e-07,3.940921229158162e-05,0.008291040651223557,107
Gad1-F-500580,167,151,16,651,151,16,0.003628422112663395,1.186742160944963e-05,2.5374430477254688e-05,0.00839153811366263,165
Gad1-F-500581,236,17,219,2033,17,219,4.52492477446089e-05,5.382265624964698e-09,1.3977587025877738e-05,0.011858700567810663,138
Gad1-F-500582,247,152,95,1943,152,95,0.0007362705718738939,0.00019153070167711125,0.00010796323299206527,0.012411436611225566,115
Gad1-F-500584,241,50,191,827,50,191,7.82526566979024e-05,2.4839409802463198e-08,1.629043911374418e-05,0.012109944223908346,150
Gad1-F-500585,84,54,30,416,54,30,0.00025450398907341236,1.3249567730028852e-07,2.4522881032553543e-05,0.004220893422441084,74
Gad1-F-500586,304,249,55,1590,249,55,0.006186614142827429,0.0006757669519154864,5.072797859229161e-05,0.015275614290739158,236
Gad1-F-500587,479,231,248,3615,231,248,0.01138229059354077,0.00019506928494082408,4.322091979371783e-05,0.02406914225415808,352
Gad1-F-500588,525,138,387,2435,138,387,0.000430731777048116,1.2933041717403804e-06,2.103268816679508e-05,0.02638058389025677,183
Gad1-F-500589,248,84,164,1138,84,164,0.000362804026650396,5.832546098324203e-07,3.792982082135416e-05,0.012461685342445104,150
Gad1-F-500591,383,299,84,2116,299,84,0.0019625725131904043,5.767048359695345e-06,6.905922501679681e-05,0.01924526405708256,199
Gad1-F-500592,42,36,6,129,36,6,8.084947894727245e-05,3.2053135630078715e-08,2.8734225598146765e-05,0.002110446711220542,36
Gad1-F-500593,38,27,11,170,27,11,9.002618519576703e-05,4.907855766972896e-08,1.3906034930300418e-05,0.0019094517863423948,37
Gad1-F-500594,232,59,173,872,59,173,0.0002646712006816259,2.2415940375479e-07,2.8688626430996614e-05,0.011657705642932515,150
Gad1-F-500595,382,128,254,2340,128,254,0.0010375744406750612,1.9444836443221237e-05,2.1972658655581982e-05,0.019195015325863023,186
Gad1-F-500596,219,116,103,1851,116,103,0.0018470040463879885,0.0005198205881965006,1.6648719030576504e-05,0.011004472137078539,216
Gad1-F-500598,721,456,265,4095,456,265,0.011426652423441661,1.3071573718443659e-05,5.4266721587410604e-05,0.036229335209285965,352
Gad1-F-500599,420,217,203,3835,217,203,0.012150001088652083,5.919446626906015e-05,4.548826000847696e-05,0.021104467112205417,352
Gad1-F-500601,208,31,177,778,31,177,0.0001557870304978167,1.0466164116417576e-07,2.1379649708536435e-05,0.010451736093663636,150
Gad1-F-500602,936,265,671,8380,265,671,0.004131472507923624,3.4424572497706286e-05,2.304838062293762e-05,0.04703281242148636,352
Gad1-F-500603,256,88,168,1223,88,168,0.00023935897512287793,2.515484954012363e-07,4.635900914435016e-05,0.012863675192201397,150
Gad1-F-500604,232,172,60,1092,172,60,0.0005006730041354782,9.226662851133005e-07,5.042020822424165e-05,0.011657705642932515,139
Gad1-F-500605,92,17,75,335,17,75,0.00014987935690694633,2.9672884856591953e-07,1.2851199128090469e-05,0.004622883272197377,86
Gad1-F-500607,615,223,392,4304,223,392,0.01081096082132073,0.00017164866221573198,3.9322174249311554e-05,0.030902969700015076,352
Gad1-F-500608,126,64,62,430,64,62,0.00039306537925535873,2.077085624506764e-06,1.2054185186757037e-05,0.006331340133661625,103
Gad1-F-500609,289,29,260,1504,29,260,0.00033244822928577624,9.376837224003403e-07,2.8525944027013183e-05,0.014521883322446109,186
Gad1-F-500610,137,98,39,737,98,39,0.0003208065927859013,2.735167611105687e-07,4.575970426927707e-05,0.006884076177076529,101
Gad1-F-500611,56,32,24,300,32,24,0.0002504969177671007,5.492041437330315e-07,1.0517224379523065e-05,0.0028139289482940555,53
Gad1-F-500612,63,56,7,141,56,7,0.0016083030850834231,1.3097905879016242e-06,1.1863017373545351e-05,0.0031656700668308124,61
Gad1-F-500614,413,229,184,3009,229,184,0.012307058083660217,4.547631015260756e-05,3.7854841344517825e-05,0.02075272599366866,349
Gad1-F-500615,155,95,60,1068,95,60,0.00030905740534187574,1.5152674416177833e-06,4.528201059779763e-05,0.007788553339028189,89
Gad1-F-500616,268,81,187,1837,81,187,0.005116107422001451,2.407052056276066e-06,1.4308653991458403e-05,0.013466659966835838,241
Gad1-F-500617,341,61,280,1691,61,280,0.000619132623966275,1.032398018589074e-05,1.5071531274800437e-05,0.017134817345862016,205
Gad1-F-500618,161,122,39,590,122,39,0.00028137763199078547,1.9778318754829066e-07,2.5846902201372366e-05,0.00809004572634541,140
Gad1-F-500619,37,22,15,180,22,15,0.00025397413280045896,4.2821805443247966e-07,1.008511078100872e-05,0.0018592030551228581,37
Gad1-F-500620,238,57,181,1170,57,181,0.00016501309769297986,7.472217712633612e-08,1.2368460149984287e-05,0.011959198030249736,148
Gad1-F-500621,54,26,28,196,26,28,8.974083411269347e-05,4.214188132907889e-08,1.6755041142564224e-05,0.002713431485854982,50
Gad1-F-500622,124,56,68,932,56,68,0.0005478738943379771,1.7393724014007823e-06,1.3390691380165204e-05,0.006230842671222552,100
Gad1-F-500623,218,161,57,916,161,57,0.0003686197482788955,3.821174938589785e-07,3.673777226828971e-05,0.010954223405859002,148
Gad1-F-500624,29,19,10,91,19,10,3.690385757133042e-05,2.8369600703745717e-08,2.005656676884879e-05,0.0014572132053665644,29
Gad1-F-500625,199,76,123,843,76,123,0.0005861279831646699,3.6521794832831756e-06,1.274889796895296e-05,0.009999497512687805,185
Gad1-F-500626,175,18,157,533,18,157,0.00010719793687010113,3.867251531182894e-08,1.0833119403843146e-05,0.008793527963418923,147
Gad1-F-500627,374,339,35,2153,339,35,0.0005499550009939011,3.5993746060488934e-07,0.0001409931104899108,0.01879302547610673,148
Gad1-F-500628,60,40,20,388,40,20,0.0001374929569472528,4.787160309123948e-07,1.7805363791627783e-05,0.0030149238731722026,60
Gad1-F-500629,224,71,153,739,71,153,0.00019963675811182809,1.8419639197549214e-07,1.793073561114858e-05,0.011255715793176222,150
Gad1-F-500630,116,78,38,695,78,38,0.00019555305709647097,2.6313478462784463e-07,6.430268565952378e-05,0.005828852821466258,77
Gad1-F-500633,206,27,179,784,27,179,0.00021889360561626954,1.9131117306720643e-07,2.506913489821771e-05,0.010351238631224561,148
Gad1-F-500634,237,71,166,1322,71,166,0.00023491783117954486,3.5040606829668033e-07,3.523160981602894e-05,0.0119089492990302,148
Gad1-F-500635,235,110,125,1389,110,125,0.0004394603873309764,9.021962914481784e-07,4.040828734402165e-05,0.011808451836591126,122
Gad1-F-500636,341,213,128,1707,213,128,0.0007408840859755119,1.6276155871282545e-06,3.326211937893716e-05,0.017134817345862016,182
Gad1-F-500637,189,98,91,1038,98,91,0.0004128232931695823,5.011480858236426e-07,2.1354399406437756e-05,0.009497010200492437,117
Gad1-F-500639,169,68,101,963,68,101,0.0008160934594389582,1.6112735502319734e-06,1.4602365098321352e-05,0.008492035576101703,164
Gad1-F-500640,112,94,18,633,94,18,0.0001450689110295116,2.17852408486708e-07,0.00014096981026679378,0.005627857896588111,72
Gad1-F-500641,469,238,231,3040,238,231,0.013026470978301872,4.5549861514420404e-05,4.4499663214533065e-05,0.023566654941962716,352
Gad1-F-500642,149,96,53,532,96,53,0.00021872436960830146,2.2053427372439048e-07,2.8949058949372202e-05,0.007487060951710969,129
Gad1-F-500643,157,47,110,1016,47,110,0.00046317309206209183,7.196295887956066e-06,1.1931063126714717e-05,0.007889050801467262,100
Gad1-F-500644,353,75,278,1810,75,278,0.0006622010297647383,4.9514533804440365e-06,1.6965217844126704e-05,0.017737802120496457,203
Gad1-F-500645,292,235,57,1483,235,57,0.0003790826723224346,1.7668006218375724e-07,6.677722895182195e-05,0.014672629516104718,148
Gad1-F-500646,558,264,294,3564,264,294,0.011946126207962829,0.00011554795274161559,5.2892167254178465e-05,0.028038792020501482,352
Gad1-F-500647,100,26,74,530,26,74,0.0002847814165093297,3.7955187635629647e-06,9.448572034921003e-06,0.00502487312195367,75
Gad1-F-500648,492,195,297,3892,195,297,0.0101823752471626,0.00012595474259395682,3.8282107973780874e-05,0.024722375760012058,352
Gad1-F-500649,398,222,176,3374,222,176,0.010477807535758863,0.00010600351279432832,3.5918721560294205e-05,0.01999899502537561,349
Gad1-F-500650,325,283,42,1437,283,42,0.0005653351934727674,1.8732096513465901e-07,8.957663451266055e-05,0.01633083764634943,150
Gad1-F-500651,230,79,151,843,79,151,0.0002870800863404513,4.2083409876952253e-07,3.057989486459896e-05,0.011557208180493442,148
Gad1-F-500652,73,36,37,246,36,37,0.00015306896852530232,5.21790108907651e-08,1.4147720330815915e-05,0.0036681573790261794,67
Gad1-F-500653,247,76,171,1225,76,171,0.0003559806465335749,4.5905957671354276e-07,3.799899068525533e-05,0.012411436611225566,150
Gad1-F-500654,138,90,48,1200,90,48,0.00025243104162673023,1.5763475690050268e-06,4.8248735983017636e-05,0.0069343249082960655,94
Gad1-F-500655,760,249,511,3725,249,511,0.005287538484768117,2.4109533494685927e-05,2.8605921507074794e-05,0.0381890357268479,352
Gad1-F-500656,210,81,129,779,81,129,0.00025244094860032225,2.0337575712203953e-07,3.725611461887242e-05,0.010552233556102708,147
Gad1-F-500658,1507,612,895,12805,612,895,0.022741083054538164,3.2660296133876456e-05,0.00035148660612754944,0.07572483794784182,352
Gad1-F-500659,146,108,38,493,108,38,0.00041460135647350583,3.685631055307815e-07,2.9564639561784965e-05,0.007336314758052359,126
Gad1-F-500660,270,100,170,1339,100,170,0.00044547933449738474,4.759538931838602e-07,5.172528677098799e-05,0.01356715742927491,150
Gad1-F-500661,293,253,40,1374,253,40,0.001268377197902812,8.904689853856475e-06,3.222612626278521e-05,0.014722878247324255,198
Gad1-F-500663,104,43,61,498,43,61,0.00013497790557315132,3.975603355092595e-07,1.9534106125259964e-05,0.005225868046831818,87
Gad1-F-500664,245,61,184,1311,61,184,0.0001885960490542528,1.1882668711620335e-07,4.233719142309988e-05,0.012310939148786493,127
Gad1-F-500665,123,85,38,719,85,38,0.0004089950888094676,1.2602469353274247e-06,2.9866329017229204e-05,0.0061805939400030145,100
Gad1-F-500666,1332,1308,24,17996,1308,24,0.03493033157128326,0.00010373010799773819,0.00022939865015491554,0.0669313099844229,352
Gad1-F-500667,156,14,142,972,14,142,0.000107524738206489,6.16219773988791e-08,9.90111508941602e-06,0.007838802070247727,98
Gad1-F-500668,321,246,75,2208,246,75,0.0010311874220885102,3.5317761413452912e-06,0.00013474121898730977,0.016129842721471284,148
Gad1-F-500669,224,139,85,1391,139,85,0.0004552984441810213,8.37668496415273e-07,5.8647481436752385e-05,0.011255715793176222,134
Gad1-F-500670,826,323,503,3744,323,503,0.006222445719020361,1.5963477548133686e-05,6.985749405064202e-05,0.04150545198733732,320
Gad1-F-500671,162,154,8,1092,154,8,0.0005336910530385294,6.098495461829326e-05,7.30827439509151e-05,0.008140294457564947,96
Gad1-F-500672,100,59,41,420,59,41,0.00026026050046308954,2.3918722652201366e-07,2.1903673440343137e-05,0.00502487312195367,88
Gad1-F-500673,611,248,363,3378,248,363,0.00546737158195965,1.2396884449890823e-05,2.2836171518731926e-05,0.030701974775136927,352
Gad1-F-500674,207,78,129,610,78,129,0.00014394912604072187,2.323077784217564e-08,1.8213866098131283e-05,0.010401487362444098,150
Gad1-F-500675,189,61,128,870,61,128,0.00023160602169946027,1.8320708981297527e-07,1.8980281352761155e-05,0.009497010200492437,101
Gad1-F-500676,58,16,42,179,16,42,5.033868079102666e-05,2.706733837030612e-08,1.0413840732843107e-05,0.002914426410733129,57
Gad1-F-500678,93,65,28,360,65,28,0.0006264468327791052,5.295252908544499e-07,2.3191984530615083e-05,0.0046731320034169134,85
Gad1-F-500679,41,30,11,153,30,11,9.938656475212804e-05,5.7695700122456896e-08,2.2756615774804574e-05,0.002060197980001005,41
Gad1-F-500680,217,116,101,1421,116,101,0.0005328859142632019,1.06724033359833e-06,4.675137698234639e-05,0.010903974674639466,138
Gad1-F-500681,157,75,82,925,75,82,0.000550555285360868,7.501148952038308e-06,1.795167919653304e-05,0.007889050801467262,118
Gad1-F-500682,355,213,142,1426,213,142,0.00046070625000443124,3.531238675595777e-07,5.3163496937598966e-05,0.01783829958293553,148
Gad1-F-500683,163,75,88,941,75,88,0.0010847270157314337,6.887630088621436e-06,2.8426526811577772e-05,0.008190543188784483,133
Gad1-F-500684,304,256,48,1291,256,48,0.00045866957325609075,2.9301314633363953e-07,6.580375121842875e-05,0.015275614290739158,148
Gad1-F-500686,6,4,2,9,4,2,1.1199709411235867e-05,2.2322357319408006e-09,8.191577425555318e-06,0.0003014923873172202,6
Gad1-F-500687,149,82,67,843,82,67,0.0003583020247195537,7.159124353070425e-07,3.0203201005043317e-05,0.007487060951710969,115
Gad1-F-500688,236,145,91,1242,145,91,0.0009034554623221551,3.1310293641964846e-05,1.94506293410553e-05,0.011858700567810663,150
Gad1-F-500689,219,135,84,1148,135,84,0.0005275491776911326,7.630178646550778e-07,2.443248835799712e-05,0.011004472137078539,148
Gad1-F-500690,945,659,286,4255,659,286,0.01601244422278161,2.4390022537752262e-05,4.68090707963427e-05,0.04748505100246219,352
Gad1-F-500691,66,51,15,262,51,15,0.00020140756880850585,1.323789827554333e-07,1.83270994756841e-05,0.0033164162604894225,66
Gad1-F-500692,172,58,114,793,58,114,0.00021078908156153405,2.404999306822274e-07,2.371374906578223e-05,0.008642781769760313,99
Gad1-F-500693,314,184,130,2251,184,130,0.0005220419396950867,1.2631578371920085e-06,0.00010601844489705953,0.015778101602934524,148
Gad1-F-500694,29,8,21,121,8,21,1.024736094307244e-05,5.4452040462858e-09,1.4005141297671032e-05,0.0014572132053665644,28
Gad1-F-500696,182,99,83,963,99,83,0.00038569324453582393,2.3373307713242882e-06,1.828531917644649e-05,0.009145269081955681,139
Gad1-F-500697,1026,711,315,30264,711,315,0.009289962019253613,0.029013441770503755,0.0007296066004354712,0.05155519823124466,348
Gad1-F-500698,166,94,72,751,94,72,0.0005174581814852407,5.035402196378343e-06,1.4487947357585532e-05,0.008341289382443093,131
Gad1-F-500700,332,166,166,1366,166,166,0.0004695837996918855,4.784080631715546e-07,4.6803802455678545e-05,0.016682578764886186,150
Gad1-F-500701,120,74,46,520,74,46,0.0004180815700270035,5.695022382323187e-07,2.442499419276777e-05,0.006029847746344405,101
Gad1-F-500702,201,114,87,886,114,87,0.0019792129181408825,4.728451618097073e-06,1.476786067601654e-05,0.010099994975126878,148
Gad1-F-500703,263,38,225,1397,38,225,0.000703405868660466,4.4142550035541003e-07,2.07555793135427e-05,0.013215416310738155,231
Gad1-F-500704,742,531,211,4410,531,211,0.0073919670276813565,0.004525086430123013,8.56314864001879e-05,0.037284558564896236,348
Gad1-F-500705,140,18,122,546,18,122,5.363677459873121e-05,1.5076268548748917e-08,1.1750035173064142e-05,0.007034822370735139,110
Gad1-F-500706,246,82,164,852,82,164,0.0001915094443125918,7.69413147453046e-08,3.305965568863862e-05,0.012361187880006029,150
Gad1-F-500708,394,99,295,2745,99,295,0.001131914577246198,3.732688265019263e-06,2.046273592011357e-05,0.019798000100497464,231
Gad1-F-500709,308,127,181,1302,127,181,0.0005053919800752075,7.026161777849692e-07,5.246905861452472e-05,0.015476609215617306,150
Gad1-F-500710,283,92,191,1467,92,191,0.0005745103335904056,2.8117886380981694e-06,1.0426298360686287e-05,0.014220390935128889,210
Gad1-F-500711,469,264,205,2596,264,205,0.002302768253532099,6.402564527050051e-05,3.509035072711824e-05,0.023566654941962716,205
Gad1-F-500713,512,135,377,3863,135,377,0.0009765746798978043,1.3432696570285013e-05,2.231814921218059e-05,0.025727350384402794,205
Gad1-F-500714,248,72,176,1117,72,176,0.0003402135923399144,3.7116319202239156e-07,3.9178205959231844e-05,0.012461685342445104,150
Gad1-F-500715,65,29,36,278,29,36,0.0003212265841163889,3.3299805162272925e-07,9.017960553588725e-06,0.003266167529269886,61
Gad1-F-500716,320,118,202,2176,118,202,0.004168832326078663,6.24889650987676e-05,2.9336639672904562e-05,0.016079593990251745,205
Gad1-F-500718,281,105,176,1190,105,176,0.0011135077855121231,6.261003728820303e-06,2.1297197673822826e-05,0.014119893472689814,207
Gad1-F-500719,284,202,82,1319,202,82,0.002921252780010493,5.587865118951582e-05,3.02311414420715e-05,0.014270639666348424,186
Gad1-F-500720,760,42,718,3645,42,718,0.0010493493736337103,4.959425042018224e-07,9.129935015974272e-06,0.0381890357268479,352
Gad1-F-500721,722,84,638,4581,84,638,0.004789462160712309,1.2072555672197268e-05,1.5018874655102425e-05,0.036279583940505504,352
Gad1-F-500722,234,52,182,802,52,182,0.00015229032931015517,8.53301655118543e-08,1.3508806703422412e-05,0.01175820310537159,148
Gad1-F-500723,57,18,39,198,18,39,7.62121971665468e-05,8.397816562266325e-08,1.1041062960618539e-05,0.0028641776795135924,55
Gad1-F-500724,99,23,76,1301,23,76,0.0002597271783745005,2.557761002769567e-07,1.2407511287177521e-05,0.004974624390734134,81
Gad1-F-500725,399,43,356,1849,43,356,0.0008792994994837171,7.158170698923913e-07,1.6741239497731266e-05,0.020049243756595145,270
Gad1-F-500728,192,108,84,1086,108,84,0.0003243556472792211,3.1976767051082824e-07,3.0689169719851614e-05,0.009647756394151047,135
Gad1-F-500730,10,9,1,33,9,1,7.103239594997265e-06,2.2279558666243705e-09,1.1272434445800196e-05,0.000502487312195367,10
Gad1-F-500731,225,85,140,1080,85,140,0.0003238124957105213,3.2122333180719193e-07,3.270812452997272e-05,0.01130596452439576,148
Gad1-F-500732,4,2,2,24,2,2,1.2110853393268703e-05,4.598839555916143e-09,7.651849144867927e-06,0.00020099492487814683,4
Gad1-F-500733,301,59,242,1995,59,242,0.0005990747271928219,3.484997257275286e-06,1.663653656941797e-05,0.015124868097080548,200
Gad1-F-500734,1120,947,173,6038,947,173,0.03308754727524616,0.0001340962824327308,8.667931641056119e-05,0.056278578965881114,352
Gad1-F-500735,28,10,18,115,10,18,1.705741223973503e-05,2.5762609974304224e-09,9.875513035680835e-06,0.0014069644741470278,28
Gad1-F-500736,544,303,241,3594,303,241,0.008775178519076478,1.1917028336001676e-05,3.300002950300415e-05,0.027335309783427967,352
Gad1-F-500737,367,284,83,1467,284,83,0.0005543566350722866,4.947622083200338e-07,7.42527294035513e-05,0.018441284357569972,148
Gad1-F-500738,450,381,69,2191,381,69,0.0009255481055695137,7.599254012991075e-07,0.00011446578766532756,0.02261192904879152,150
Gad1-F-500739,283,105,178,1066,105,178,0.0005072460580639311,3.0465651229764626e-06,1.3886395974566347e-05,0.014220390935128889,205
Gad1-F-500740,48,33,15,111,33,15,0.00011091633042573879,2.0721359368055743e-07,1.7243435543607833e-05,0.002411939098537762,47
Gad1-F-500741,249,63,186,1458,63,186,0.0029723493747161466,9.631309463545413e-07,1.0167975329961591e-05,0.01251193407366464,241
Gad1-F-500742,152,124,28,780,124,28,0.0007027961272171478,9.766912436747736e-06,4.817998736875603e-05,0.007637807145369579,98
Gad1-F-500743,232,221,11,2028,221,11,0.013059908520491511,2.9385315319593618e-05,5.1152916601268574e-05,0.011657705642932515,216
Gad1-F-500745,231,85,146,962,85,146,0.0002813464474278903,3.548344888934472e-07,3.926216595585164e-05,0.01160745691171298,141
Gad1-F-500746,30,19,11,73,19,11,7.065951162988425e-05,6.7725559659439e-08,1.0941891891689432e-05,0.0015074619365861013,28
Gad1-F-500748,37,21,16,112,21,16,0.0001537773274976859,4.4854491773076555e-08,1.1916030449691551e-05,0.0018592030551228581,37
Gad1-F-500749,246,153,93,1354,153,93,0.0004692095809279672,7.425804183757812e-07,5.846098113395938e-05,0.012361187880006029,135
Gad1-F-500751,66,65,1,213,65,1,0.0002087696725318365,1.0626669830448207e-07,2.7290587539588777e-05,0.0033164162604894225,59
Gad1-F-500752,423,254,169,2582,254,169,0.0038163206969056714,2.932408174807388e-05,7.506269164390023e-05,0.021255213305864027,222
Gad1-F-500754,61,19,42,229,19,42,0.0001681317036655308,8.06743648395543e-07,1.0032988337688046e-05,0.003065172604391739,59
Gad1-F-500755,65,40,25,190,40,25,0.0002012292031955892,6.32564883396775e-08,1.9068556350576263e-05,0.003266167529269886,64
Gad1-F-500756,107,51,56,425,51,56,0.0001113320030598821,2.597972171938724e-07,2.4501913686395347e-05,0.005376614240490428,90
Gad1-F-500757,102,72,30,370,72,30,0.0003419232638428064,7.800747432297789e-07,1.9697504736919257e-05,0.005125370584392744,81
Gad1-F-500758,33,16,17,69,16,17,6.094999617014026e-05,2.915245906583634e-08,1.567510547049762e-05,0.0016582081302447113,29
Gad1-F-500759,28,14,14,71,14,14,3.914550145259905e-05,1.2864052598272968e-08,8.614824097390052e-06,0.0014069644741470278,28
Gad1-F-500760,280,115,165,1447,115,165,0.0003831817444664731,7.635598119230505e-07,5.833460314232575e-05,0.014069644741470278,148
Gad1-F-500761,23,5,18,62,5,18,2.2817744301641948e-05,1.366484621176403e-08,9.232059177266837e-06,0.0011557208180493442,22
Gad1-F-500763,63,1,62,335,1,62,8.953014144262639e-06,2.0612149698997293e-09,7.645661109320309e-06,0.0031656700668308124,61
Gad1-F-500764,336,95,241,1794,95,241,0.0005162813646689048,9.130883194719314e-07,1.1193764151473961e-05,0.016883573689764335,210
Gad1-F-500765,48,31,17,248,31,17,8.204484302175528e-05,5.339739622075129e-06,6.178218966944493e-05,0.002411939098537762,34
Gad1-F-500766,482,225,257,2915,225,257,0.010621566888293278,8.772384251084008e-05,3.498999454070555e-05,0.024219888447816692,352
Gad1-F-500767,320,190,130,1042,190,130,0.0003703537695568019,2.801122285198174e-07,4.7536115839169244e-05,0.016079593990251745,150
Gad1-F-500768,15,8,7,42,8,7,5.1419478997634454e-05,1.2184586807467087e-07,9.71400191648546e-06,0.0007537309682930506,15
Gad1-F-500770,105,35,70,490,35,70,0.00025529468037805846,8.779271987926163e-07,1.089697687549493e-05,0.005276116778051354,89
Gad1-F-500771,109,40,69,530,40,69,0.0001485978077253065,9.330982916891043e-08,3.066119260886095e-05,0.005477111702929501,78
Gad1-F-500772,130,102,28,585,102,28,0.00035346641655859175,5.649930262890809e-07,4.0011165334294934e-05,0.006532335058539772,94
Gad1-F-500777,34,15,19,80,15,19,8.460782920511607e-05,4.8792904877716274e-08,9.125330499694969e-06,0.001708456861464248,33
Gad1-F-500778,945,158,787,4689,158,787,0.00559418833955718,0.00014140087476083806,3.23283842315023e-05,0.04748505100246219,352
Gad1-F-500779,112,41,71,596,41,71,0.00037958052781135996,1.230539450731013e-06,1.2510143325119382e-05,0.005627857896588111,95
Gad1-F-500780,85,73,12,330,73,12,0.0002139113661466536,1.79890941034577e-07,2.3149569425875787e-05,0.00427114215366062,80
Gad1-F-500781,7,6,1,25,6,1,2.897926598074874e-05,5.223168567287228e-08,1.2544329920803446e-05,0.00035174111853675694,7
Gad1-F-500783,102,44,58,639,44,58,0.0006455605670800765,1.843426470061338e-06,1.3040122172118177e-05,0.005125370584392744,83
Gad1-F-500786,120,64,56,526,64,56,0.0007565023907351653,3.242269990417402e-06,1.5049114284346822e-05,0.006029847746344405,103
Gad1-F-500787,372,178,194,2583,178,194,0.002466149906301193,0.0017692032714596469,1.6668788718538255e-05,0.018692528013667654,337
Gad1-F-500789,439,288,151,3607,288,151,0.004514962807970912,8.645525064972663e-05,9.067957441634548e-05,0.022059193005376614,293
Gad1-F-500790,403,241,162,2527,241,162,0.011299063413210743,0.00016933168209686138,4.153738435067713e-05,0.02025023868147329,337
Gad1-F-500791,104,44,60,574,44,60,0.00016688691824576292,1.9991281402287183e-07,4.697324886913532e-05,0.005225868046831818,81
Gad1-F-500792,25,4,21,101,4,21,3.700253232815241e-06,1.2870075315739936e-09,9.279141518804087e-06,0.0012562182804884176,24
Gad1-F-500793,141,111,30,563,111,30,0.0005341612004445532,4.2163594833034976e-07,3.236896107071854e-05,0.007085071101954676,98
Gad1-F-500796,66,35,31,193,35,31,0.00012125519094700505,2.1395982696298953e-07,1.3042676308805897e-05,0.0033164162604894225,63
Gad1-F-500798,58,33,25,246,33,25,0.00014193661631729153,2.8849665036240055e-07,1.9109150370462138e-05,0.002914426410733129,56
Gad1-F-500800,11,5,6,28,5,6,1.5253993578908077e-05,3.597987901817455e-09,8.348463605166284e-06,0.0005527360434149038,11
Gad1-F-500801,205,121,84,1802,121,84,0.0006433933173863066,3.441581519773439e-06,2.7703119477400262e-05,0.010300989900005025,124
Gad1-F-500802,47,40,7,136,40,7,0.00013353646108288863,7.72408565780981e-08,1.9490434408398272e-05,0.0023616903673182254,45
Gad1-F-500803,75,13,62,371,13,62,4.245144863669235e-05,2.94399145697358e-08,8.441508856649142e-06,0.003768654841465253,68
Gad1-F-500804,163,48,115,584,48,115,0.00020716924113282665,1.4599893453321193e-07,1.5536279734903452e-05,0.008190543188784483,138
Gad1-F-500805,110,60,50,1483,60,50,0.00014624774605816304,1.8197220633226454e-06,5.7467511839415026e-05,0.005527360434149038,93
Gad1-F-500806,174,38,136,1685,38,136,0.0004350192536068791,3.925793361691186e-06,1.7051470440373614e-05,0.008743279232199388,116
Gad1-F-500807,147,65,82,666,65,82,0.0005163583757969109,1.3659666041431539e-05,1.319472892345103e-05,0.007386563489271896,113
Gad1-F-500811,27,8,19,97,8,19,5.082370120727509e-05,1.7116066761066277e-08,9.041908874435242e-06,0.001356715742927491,25
Gad1-F-500812,225,72,153,923,72,153,0.0003501298803808772,3.190570775747663e-07,3.60005503988216e-05,0.01130596452439576,150
Gad1-F-500813,347,257,90,3559,257,90,0.0029531516785656037,1.7166267315531294e-05,0.0002352503083675674,0.017436309733179237,209
Gad1-F-500814,85,20,65,494,20,65,9.936697264755983e-05,3.225179609506259e-08,1.3406065191533314e-05,0.00427114215366062,72
Gad1-F-500816,663,197,466,3025,197,466,0.009109429068135355,8.983906441458366e-05,4.589125541824266e-05,0.03331490879855284,352
Gad1-F-500817,63,15,48,189,15,48,0.000256132928387244,1.4114283761237892e-06,9.140990700328161e-06,0.0031656700668308124,63
Gad1-F-500818,187,160,27,711,160,27,0.0032838144635976983,4.7763797653244125e-05,2.277647139808987e-05,0.009396512738053364,142
Gad1-F-500819,703,81,622,3164,81,622,0.0008579584475558257,1.1254722434234025e-05,1.424493330616135e-05,0.035324858047334304,295
Gad1-F-500822,6,3,3,21,3,3,2.091379204923158e-06,2.0757789402884361e-10,7.935784029995098e-06,0.0003014923873172202,6
Gad1-F-500823,35,6,29,83,6,29,4.257941416190154e-06,6.837874506709667e-10,8.506625474701481e-06,0.0017587055926837848,34
Gad1-F-500824,135,70,65,1151,70,65,0.0010321516945529347,2.8654493366786715e-06,2.5230666981122477e-05,0.006783578714637455,104
Gad1-F-500825,49,41,8,187,41,8,0.0001784363230433879,1.774028507743458e-07,1.892007906449694e-05,0.0024621878297572987,46
Gad1-F-500827,17,15,2,42,15,2,3.453515850444597e-05,1.0946129265203677e-08,9.414139855101277e-06,0.000854228430732124,17
Gad1-F-500828,115,63,52,478,63,52,0.00024278216984311343,2.228346031289678e-07,3.827208279016588e-05,0.005778604090246721,99
Gad1-F-500829,79,34,45,414,34,45,0.0004895291102462736,7.2060975506826e-07,1.0925995159516117e-05,0.0039696497663434,69
Gad1-F-500832,290,119,171,1047,119,171,0.0003489962151874532,2.5262872735773324e-07,2.1743757601850847e-05,0.014572132053665645,148
Gad1-F-500833,73,47,26,217,47,26,0.0001611222396065784,1.0048028448891251e-07,1.621257988703849e-05,0.0036681573790261794,70
Gad1-F-500834,42,35,7,81,35,7,9.866868971649831e-05,4.543583425356094e-08,1.0786001171936718e-05,0.002110446711220542,40
Gad1-F-500835,173,153,20,847,153,20,0.003721703249118268,4.4198532879732945e-06,1.8071700637335696e-05,0.00869303050097985,171
Gad1-F-500836,61,30,31,241,30,31,0.00010700104871736792,1.6140145573765946e-07,1.5190537048832978e-05,0.003065172604391739,57
Gad1-F-500837,12,5,7,32,5,7,7.661195019638845e-06,3.1771306044185266e-09,8.669373103943448e-06,0.0006029847746344405,12
Gad1-F-500838,226,179,47,1528,179,47,0.0013291851329567334,3.0601172795087355e-05,2.4649840927952446e-05,0.011356213255615295,203
Gad1-F-500839,254,180,74,1035,180,74,0.00044275176438934454,2.879166267448446e-07,5.8491136169352317e-05,0.012763177729762324,137
Gad1-F-500840,49,15,34,115,15,34,8.238406533216092e-05,2.4499252015021012e-08,8.747800013292936e-06,0.0024621878297572987,46
Gad1-F-500841,56,27,29,265,27,29,8.710192285791223e-05,1.836794742767094e-07,1.1241694765279434e-05,0.0028139289482940555,52
Gad1-F-500842,195,85,110,769,85,110,0.0003379260597594451,2.7461494354829415e-07,4.353016493147924e-05,0.009798502587809657,145
Gad1-F-500843,10,3,7,34,3,7,1.9635247974660416e-05,5.4190713562528535e-09,7.915603576014502e-06,0.000502487312195367,10
Gad1-F-500844,46,39,7,110,39,7,0.00012790825204263487,3.725661331786839e-08,1.2722703998920807e-05,0.0023114416360986885,45
Gad1-F-500845,475,306,169,2531,306,169,0.004219202200913268,5.375960444332284e-05,0.00011832090333415977,0.023868147329279936,257
Gad1-F-500847,70,39,31,329,39,31,0.00017924946051347276,1.8315938042680834e-07,1.4740532918321466e-05,0.0035174111853675696,64
Gad1-F-500848,92,69,23,377,69,23,0.00021973727713732002,1.9032355776811604e-07,2.841931106915355e-05,0.004622883272197377,77
Gad1-F-500851,103,49,54,368,49,54,0.0002562290408910712,2.4059822009079963e-07,1.3037298051155961e-05,0.0051756193156122805,87
Gad1-F-500852,44,28,16,149,28,16,0.00013573984085483095,7.14781464806279e-08,1.2706767037091107e-05,0.002210944173659615,44
Gad1-F-500853,71,30,41,338,30,41,0.000263938160874738,4.349126603245142e-07,9.63106372108828e-06,0.003567659916587106,64
Gad1-F-500854,87,37,50,261,37,50,0.00023259842939905062,4.528680914178423e-06,9.578525585967567e-06,0.004371639616099694,78
Gad1-F-600000,172,138,34,806,138,34,0.00026123329816027336,1.7920509684662997e-07,7.602300555135072e-05,0.008642781769760313,138
Gad1-F-600001,437,237,200,3454,237,200,0.012460396800861317,3.326840987690151e-05,3.5618060664331153e-05,0.021958695542937542,352
Gad1-F-600002,41,18,23,140,18,23,1.4755353392870638e-05,1.407683986346331e-06,1.7970031403058413e-05,0.002060197980001005,32
Gad1-F-600003,206,14,192,689,14,192,0.00047734894730936463,4.359903767530472e-07,9.606854905974379e-06,0.010351238631224561,202
Gad1-F-600004,837,230,607,4284,230,607,0.007202599856469165,9.827818282810701e-06,1.9816110732576064e-05,0.042058188030752224,352
Gad1-F-600005,674,228,446,4122,228,446,0.0013837940414294595,4.3738686126848995e-05,3.0296523665468846e-05,0.03386764484196774,205
Gad1-F-600006,13,10,3,47,10,3,0.00025621288705562494,6.168850500635277e-06,9.639088836024729e-06,0.0006532335058539772,13
Gad1-F-600007,169,124,45,1106,124,45,0.00042228469606257844,1.8056294405712837e-06,5.774104315101717e-05,0.008492035576101703,106
Gad1-F-600008,489,238,251,3320,238,251,0.006388274983729054,1.449125383747976e-05,2.058791904146186e-05,0.024571629566353448,352
Gad1-F-600009,111,45,66,374,45,66,0.0005626138942674553,2.1803211303936496e-06,8.902025823519125e-06,0.005577609165368575,103
Gad1-F-600010,206,79,127,724,79,127,0.0011194454518397626,2.6172850862611523e-06,1.9468648997005867e-05,0.010351238631224561,180
Gad1-F-600011,393,107,286,1928,107,286,0.002654929513859768,2.2209830880738423e-06,1.0990565671343219e-05,0.019747751369277925,352
Gad1-F-600012,171,61,110,547,61,110,0.0005552598749149304,2.1134044892195932e-05,9.852844071774028e-06,0.008592533038540778,159
Gad1-F-600013,52,30,22,124,30,22,0.0006929501123162694,9.966532265435907e-07,9.012488112657607e-06,0.002612934023415909,52
Gad1-F-600014,192,45,147,720,45,147,0.00016617856358733685,7.64836613403123e-08,1.848993563033777e-05,0.009647756394151047,147
Gad1-F-600015,209,207,2,551,207,2,0.0018909091598306963,1.7795167750618228e-05,2.945785039779951e-05,0.010501984824883171,145
Gad1-F-600016,148,114,34,401,114,34,0.0015957148492871953,3.493769536287381e-06,1.3463796214525052e-05,0.0074368122204914325,127
Gad1-F-600018,416,188,228,2212,188,228,0.006493207909968786,3.283314118666547e-05,2.5486574888717115e-05,0.02090347218732727,348
Gad1-F-600019,228,19,209,615,19,209,4.2512748666240055e-05,3.659703324778272e-08,7.871955561283759e-06,0.01145671071805437,131
Gad1-F-600020,56,33,23,182,33,23,0.00010971816672363885,3.109046397457777e-07,8.508355271800357e-06,0.0028139289482940555,56
Gad1-F-600021,585,405,180,4595,405,180,0.005596545721169315,0.005174876305654781,5.3118131435166945e-05,0.029395507763428974,348
Gad1-F-600022,74,68,6,287,68,6,0.0008583942335518851,3.612843760000225e-05,1.3102883931438095e-05,0.0037184061102457163,74
Gad1-F-600024,219,30,189,589,30,189,0.00026113936474923295,6.448358963038169e-06,8.512625771104894e-06,0.011004472137078539,143
Gad1-F-600025,134,78,56,568,78,56,0.001478256028053041,1.3286923913788284e-05,1.7657445727451893e-05,0.006733329983417919,120
Gad1-F-600026,111,106,5,307,106,5,0.0013674578184619793,2.6790542949240133e-06,1.3641633029423182e-05,0.005577609165368575,110
Gad1-F-600028,243,82,161,1237,82,161,0.0002896946651793808,3.3836241481247786e-07,4.352009848327493e-05,0.01221044168634742,148
Gad1-F-600029,45,40,5,156,40,5,0.0001701831368470083,4.4045176394374864e-07,9.089128662517373e-06,0.0022611929048791516,45
Gad1-F-600030,82,34,48,290,34,48,0.00028117738316826217,4.733460289244448e-06,1.2650826583668014e-05,0.00412039596000201,81
Gad1-F-600031,112,78,34,298,78,34,0.0021791484171841983,4.020883826123345e-05,1.390901281538851e-05,0.005627857896588111,109
Gad1-F-600032,117,9,108,608,9,108,0.00015703072216998563,1.8766999626377837e-07,8.126190982720888e-06,0.005879101552685795,108
Gad1-F-600033,388,178,210,2715,178,210,0.008938036812678655,7.214144506941334e-05,2.376183080953629e-05,0.019496507713180244,346
Gad1-F-600034,147,71,76,719,71,76,0.00027355270215762234,3.5560494812142533e-07,3.583920718644592e-05,0.007386563489271896,122
Gad1-F-600035,256,191,65,1459,191,65,0.002227883804733883,0.0002537614879797596,6.246852943172078e-05,0.012863675192201397,204
Gad1-F-600036,1972,1895,77,11309,1895,77,0.05331955208589577,9.243495182048773e-05,0.00018551533511067985,0.09909049796492639,352
Gad1-F-600037,873,252,621,5435,252,621,0.013098511115183018,5.5996444554202184e-05,4.419518802008831e-05,0.043867142354655546,352
Gad1-F-600038,725,344,381,4573,344,381,0.00434590823383059,2.7595712435310815e-05,5.5419234534046236e-05,0.036430330134164114,291
Gad1-F-600039,123,51,72,331,51,72,0.000547745294126433,1.1897951235901946e-06,9.976128483610284e-06,0.0061805939400030145,117
Gad1-F-600040,808,40,768,6977,40,768,0.000666372791936535,2.3053971916160975e-06,1.0062220564498848e-05,0.04060097482538566,352
Gad1-F-600041,11,6,5,24,6,5,1.7487135839404782e-05,1.2831436757782962e-09,9.316005671117835e-06,0.0005527360434149038,11
Gad1-F-600043,31,26,5,69,26,5,7.852462968881198e-05,8.451488290866503e-08,8.36927443632765e-06,0.001557710667805638,31
Gad1-F-600045,184,156,28,1134,156,28,0.0004899219076769913,5.046009226008376e-07,0.0001007239411182369,0.009245766544394754,102
Gad1-F-600046,37,22,15,120,22,15,0.0001281747736502603,6.434793673811606e-08,2.4370602682188286e-05,0.0018592030551228581,36
Gad1-F-600047,25,14,11,52,14,11,6.07371735703678e-05,2.8692699471591665e-06,7.840300390449558e-06,0.0012562182804884176,25
Gad1-F-600048,161,140,21,452,140,21,0.0019700976519497837,2.7444454233242833e-05,2.936739149228019e-05,0.00809004572634541,145
Gad1-F-600049,244,56,188,676,56,188,0.00044411937353209055,4.856470183446799e-07,9.723455657084279e-06,0.012260690417566956,143
Gad1-F-600050,500,174,326,2304,174,326,0.010335217101075725,3.4948726745122494e-05,2.6655728989742454e-05,0.025124365609768353,352
Gad1-F-600051,178,47,131,601,47,131,0.0002538681957682232,2.233472499722188e-07,2.2103155997741402e-05,0.008944274157077534,141
Gad1-F-600052,421,269,152,1760,269,152,0.011244437612425605,1.6333040576076906e-05,2.2352774589392768e-05,0.021154715843424952,352
Gad1-F-600053,102,9,93,464,9,93,9.567163852239113e-05,1.5889663063588275e-07,8.444028745391745e-06,0.005125370584392744,97
Gad1-F-600054,81,48,33,464,48,33,0.0006666088710976769,1.316385405343562e-06,1.263051452408831e-05,0.0040701472287824735,73
Gad1-F-600055,156,4,152,437,4,152,0.00021903984483913775,1.9565215693980323e-08,7.700121765745515e-06,0.007838802070247727,122
Gad1-F-600056,283,29,254,706,29,254,0.0001975334972441788,2.4126156946970275e-07,8.337412577076598e-06,0.014220390935128889,150
Gad1-F-600057,125,98,27,353,98,27,0.00016583018441999965,6.018778434202012e-08,2.170175590260129e-05,0.006281091402442088,115
Gad1-F-600058,166,142,24,521,142,24,0.000776164992566318,5.253404349904368e-05,2.3486993698423783e-05,0.008341289382443093,137
Gad1-F-600059,494,48,446,2232,48,446,0.0003443581417831554,6.080105799460882e-07,1.2728007685970713e-05,0.024822873222451133,204
Gad1-F-600060,393,211,182,2549,211,182,0.009849714674333085,2.4544430766902354e-05,2.6466129525636433e-05,0.019747751369277925,348
Gad1-F-600061,67,43,24,352,43,24,0.00041504818832486384,7.767196772687128e-07,1.1947141002101206e-05,0.0033666649917089594,65
Gad1-F-600062,307,232,75,1061,232,75,0.007284038356314949,6.794869219572531e-06,2.0788499960012007e-05,0.015426360484397768,295
Gad1-F-600063,728,455,273,6906,455,273,0.006181278483014707,0.004319454538080907,0.00011569154891747922,0.036581076327822724,348
Gad1-F-600064,118,74,44,267,74,44,0.0007499655881385489,1.061397992050558e-06,9.971244350883484e-06,0.0059293502839053314,116
Gad1-F-600065,55,25,30,191,25,30,8.048682356443888e-05,4.926705672477748e-08,1.032270229994201e-05,0.002763680217074519,53
Gad1-F-600066,164,148,16,451,148,16,0.0015467673767177211,6.343589068897258e-06,1.7940234238130643e-05,0.00824079192000402,131
Gad1-F-600067,346,230,116,1226,230,116,0.0005059678550770393,4.717172000516738e-07,5.768708546973772e-05,0.0173860610019597,148
Gad1-F-600068,79,49,30,437,49,30,0.0007298809424707465,5.025866958675158e-07,1.3608493809966766e-05,0.0039696497663434,79
Gad1-F-600069,719,500,219,3760,500,219,0.009350525562640898,6.759379974859608e-06,3.750355884126156e-05,0.036128837746846894,352
Gad1-F-600070,131,100,31,391,100,31,0.00021654930323814728,9.92505330241004e-08,2.2542763526317345e-05,0.006582583789759309,116
Gad1-F-600071,131,78,53,453,78,53,0.0008866864702922757,2.9086799707999277e-05,1.1328775309620653e-05,0.006582583789759309,127
Gad1-F-600072,240,169,71,618,169,71,0.0003759586295463115,2.4921303922910214e-07,3.1894670493910024e-05,0.01205969549268881,148
Gad1-F-600073,230,140,90,792,140,90,0.0028422232278202345,1.6860049335097464e-05,1.859249722780474e-05,0.011557208180493442,175
Gad1-F-600074,142,110,32,526,110,32,0.0007722957272898997,9.13510635134742e-06,1.3944380636900304e-05,0.007135319833174212,120
Gad1-F-600075,340,196,144,1612,196,144,0.0034368983362435836,3.4151258541216165e-05,5.002312457133534e-05,0.01708456861464248,273
Gad1-F-600076,80,59,21,206,59,21,0.0005368805428813388,1.6962112054597503e-06,9.884665389194405e-06,0.004019898497562936,80
Gad1-F-600077,93,82,11,265,82,11,0.0015287028965215324,2.0176660359441752e-06,1.1894263124769462e-05,0.0046731320034169134,92
Gad1-F-600078,82,48,34,250,48,34,0.0009581048781270335,2.3129070901261375e-05,1.0075733621712623e-05,0.00412039596000201,81
Gad1-F-600079,82,33,49,430,33,49,0.00011273139263369512,3.048571541412183e-07,1.7113474973429874e-05,0.00412039596000201,72
Gad1-F-600080,396,188,208,1745,188,208,0.0012218926644683823,1.0410435531567513e-05,2.2964381672506946e-05,0.019898497562936535,186
Gad1-F-600081,826,134,692,4020,134,692,0.0018474938069896222,9.065175741353723e-06,1.4056029347470308e-05,0.04150545198733732,352
Gad1-F-600082,707,161,546,3646,161,546,0.006468110898132478,1.2737280073085084e-05,2.575314283460893e-05,0.03552585297221245,352
Gad1-F-600083,453,232,221,3848,232,221,0.01306055012105756,7.542123725958226e-05,3.627318462457149e-05,0.02276267524245013,352
Gad1-F-600084,168,14,154,736,14,154,0.0015536367682427667,7.832578804247492e-07,8.82839804062357e-06,0.008441786844882167,151
Gad1-F-600085,233,26,207,642,26,207,0.00039887410815140945,1.466158253671709e-06,9.479861839110642e-06,0.011707954374152053,147
Gad1-F-600086,96,49,47,276,49,47,0.0010482795468847016,3.2347018379838134e-06,1.0918309988944977e-05,0.004823878197075524,96
Gad1-F-600087,280,202,78,1601,202,78,0.009684930399786401,0.0001178640658269628,0.0001149803197995889,0.014069644741470278,230
Gad1-F-600088,256,127,129,1555,127,129,0.0010579719289726933,1.8917374518666112e-05,1.9843271282465844e-05,0.012863675192201397,186
Gad1-F-600089,63,41,22,213,41,22,0.00010413740674330334,3.540252169555527e-08,3.1666695943967383e-05,0.0031656700668308124,58
Gad1-F-600090,756,225,531,5209,225,531,0.002839929693758084,0.00010299838726144204,4.5550232006972e-05,0.03798804080196975,302
Gad1-F-600091,141,6,135,594,6,135,3.851670172809054e-05,2.902834920051562e-08,7.6189073707053085e-06,0.007085071101954676,108
Gad1-F-600092,496,7,489,3028,7,489,0.00023304111047035825,1.1277451999493732e-05,8.038709723061564e-06,0.024923370684890207,339
Gad1-F-600093,185,167,18,581,167,18,0.0002501426783611581,7.848703532950418e-08,4.216651611740968e-05,0.009296015275614291,147
Gad1-F-600094,36,9,27,223,9,27,1.4884058644895259e-05,4.710892514859111e-07,1.1381955526640974e-05,0.0018089543239033215,33
Gad1-F-600095,146,65,81,588,65,81,0.0010169108705257459,1.1334463900478322e-05,1.0984622153750964e-05,0.007336314758052359,142
Gad1-F-600097,109,94,15,655,94,15,0.00046421605313905933,1.0565069793591458e-06,5.013120088750499e-05,0.005477111702929501,89
Gad1-F-600099,117,63,54,378,63,54,0.0002820426457430918,2.2660817143369842e-07,1.4573547196133071e-05,0.005879101552685795,106
Gad1-F-600100,206,53,153,920,53,153,0.00019742973405096899,1.5877317989791366e-07,3.207752623841138e-05,0.010351238631224561,150
Gad1-F-600101,382,208,174,1939,208,174,0.003978865493440325,5.9097528684883246e-05,4.283879437609059e-05,0.019195015325863023,231
Gad1-F-600102,98,78,20,398,78,20,0.0013979761902681031,2.57005321338621e-06,1.5667739838541404e-05,0.004924375659514597,97
Gad1-F-600103,318,272,46,2454,272,46,0.007101058927628478,0.0001242561767724601,5.3887883836856825e-05,0.015979096527812674,291
Gad1-F-600104,186,146,40,2517,146,40,0.0005263371966918202,6.467149739334225e-06,0.00015833462948516006,0.009346264006833827,99
Gad1-F-600105,44,34,10,154,34,10,0.000487391536526867,2.3572383296063647e-06,1.022776524964217e-05,0.002210944173659615,44
Gad1-F-600106,690,167,523,5348,167,523,0.0017091126132137758,6.855767161865544e-05,2.2448288206460443e-05,0.03467162454148033,205
Gad1-F-600107,373,175,198,2522,175,198,0.009059478946880153,4.159585310183169e-05,2.7125911004416342e-05,0.018742776744887193,348
Gad1-F-600108,282,59,223,1857,59,223,0.0004275382908458458,5.920187477167589e-07,2.3635165463240284e-05,0.014170142203909351,207
Gad1-F-600109,364,34,330,1608,34,330,0.0006296869424589332,1.0256011725208168e-06,9.051871246902233e-06,0.018290538163911362,196
Gad1-F-600110,592,363,229,3673,363,229,0.014145379974972236,3.250222499457964e-05,3.0235496982234762e-05,0.02974724888196573,352
Gad1-F-600111,194,59,135,679,59,135,0.0002328488435687099,1.8641447002197193e-07,2.4632918812615053e-05,0.009748253856590122,145
Gad1-F-600112,322,274,48,1416,274,48,0.0031482123592812146,7.785372872417906e-06,3.75777509029783e-05,0.01618009145269082,205
Gad1-F-600113,229,153,76,953,153,76,0.001238015467113742,1.3023713705310796e-06,2.4208719004989633e-05,0.011506959449273905,188
Gad1-F-600114,707,385,322,3854,385,322,0.0059048181206011185,6.925510295328121e-05,7.08613332969311e-05,0.03552585297221245,305
Gad1-F-600115,210,105,105,765,105,105,0.0013513924721617221,6.382974684418789e-06,1.2847117483920698e-05,0.010552233556102708,163
Gad1-F-600116,494,181,313,3268,181,313,0.006532427457944839,1.6580572404729973e-05,2.4629897300244135e-05,0.024822873222451133,352
Gad1-F-600117,364,174,190,2449,174,190,0.009899078204704028,2.992102561814417e-05,2.7985007664755817e-05,0.018290538163911362,330
Gad1-F-600118,895,271,624,7309,271,624,0.003659851517173484,4.261459507538232e-05,2.4319499936056402e-05,0.04497261444148535,352
Gad1-F-600119,129,99,30,404,99,30,0.0002103090387501843,1.4698745094278527e-07,2.0446119086690918e-05,0.006482086327320235,121
Gad1-F-600122,177,55,122,734,55,122,0.00022353734886165004,2.1275889507237817e-07,2.73287104136037e-05,0.008894025425857996,140
Gad1-F-600123,70,56,14,288,56,14,0.002570289183505862,5.917793850313278e-06,1.4322690148834016e-05,0.0035174111853675696,69
Gad1-F-600124,165,109,56,461,109,56,0.001995627705722028,5.2600843127692725e-06,1.3475553457986983e-05,0.008291040651223557,150
Gad1-F-600125,274,44,230,1623,44,230,0.0004483417320307256,7.174048490582769e-07,1.2403978491431004e-05,0.013768152354153058,198
Gad1-F-600126,307,289,18,1283,289,18,0.007456451719850279,9.698417741702081e-06,3.1634836147340726e-05,0.015426360484397768,274
Gad1-F-600127,713,129,584,6647,129,584,0.002518631942129777,6.69603643358055e-06,3.02509676266787e-05,0.03582734535952967,352
Gad1-F-600129,519,274,245,2934,274,245,0.005868486063453132,3.0248090061952998e-05,2.9916614021829258e-05,0.02607909150293955,352
Gad1-F-600130,515,175,340,3129,175,340,0.0007200278168088511,1.7693733270547948e-06,3.131319536998322e-05,0.025878096578061404,186
Gad1-F-600131,379,331,48,2644,331,48,0.002894613101251989,1.7623206020772142e-05,7.734047419803491e-05,0.019044269132204413,231
Gad1-F-600132,132,58,74,539,58,74,0.0005217302746898762,7.917110759302145e-06,2.8074627761584854e-05,0.006632832520978845,100
Gad1-F-600133,346,293,53,1777,293,53,0.006702291821015711,3.629570584063023e-06,2.586122991503813e-05,0.0173860610019597,245
Gad1-F-600134,700,135,565,3557,135,565,0.0029169269458298144,2.3723242921844434e-05,1.95894839378019e-05,0.035174111853675694,352
Gad1-F-600135,371,138,233,1597,138,233,0.0031650738120306008,0.00011159373232000282,2.4591143699441224e-05,0.018642279282448118,222
Gad1-F-600136,325,214,111,1716,214,111,0.0026624937725897727,9.864669713441781e-06,7.879708777473848e-05,0.01633083764634943,191
Gad1-F-600137,385,197,188,2921,197,188,0.01077466595446121,8.725942349794319e-05,3.6461170571928654e-05,0.019345761519521634,348
Gad1-F-600138,59,9,50,273,9,50,3.984294583300677e-05,9.34921763486338e-09,7.994730828377066e-06,0.0029646751419526657,58
Gad1-F-600139,182,90,92,1109,90,92,0.0012034492101060947,4.459540742126862e-06,2.214561252840408e-05,0.009145269081955681,179
Gad1-F-600140,264,95,169,897,95,169,0.0005284414955189836,2.4103632313201212e-06,1.3507294732836965e-05,0.01326566504195769,202
Gad1-F-600141,890,502,388,20832,502,388,0.006223111283124191,0.024865797642821715,0.00014332441593720792,0.04472137078538767,348
Gad1-F-600142,403,220,183,1980,220,183,0.0040216185895916795,2.839242782801286e-05,4.3563458739118973e-05,0.02025023868147329,231
Gad1-F-600143,366,56,310,2161,56,310,0.0004924637058704111,2.199545077503135e-06,1.531012980328969e-05,0.018391035626350433,211
Gad1-F-600144,206,193,13,689,193,13,0.0032510230868423294,4.735982701572123e-06,1.836782233932078e-05,0.010351238631224561,198
Gad1-F-600145,251,223,28,1012,223,28,0.0003284848033220463,9.329526008496206e-08,5.3718669312215416e-05,0.012612431536103714,150
Gad1-F-600146,549,208,341,2802,208,341,0.0007237338114507403,1.1897956906620914e-06,4.222763091972043e-05,0.027586553439525652,186
Gad1-F-600147,497,157,340,2881,157,340,0.0005583774109382665,1.2461768794172532e-06,3.486633232093258e-05,0.024973619416109743,186
Gad1-F-600148,181,59,122,613,59,122,0.00025049287823901764,2.145717331626262e-07,1.86096091297551e-05,0.009095020350736144,139
Gad1-F-600149,387,210,177,2631,210,177,0.009698456778058863,5.0958280680479085e-05,2.9836080793810858e-05,0.019446258981960705,349
Gad1-F-600150,326,181,145,1818,181,145,0.011295523641900005,2.2167874103316946e-05,2.9231052074950897e-05,0.016381086377568965,313
Gad1-F-600151,806,123,683,3516,123,683,0.0019166325161814027,7.65479827113364e-06,1.304773338623763e-05,0.04050047736294658,352
Gad1-F-600152,248,51,197,1549,51,197,0.0002432082808546333,8.345575440224225e-05,1.737260287051824e-05,0.012461685342445104,120
Gad1-F-600153,505,234,271,2572,234,271,0.0036541188108534747,1.0639361191314307e-05,2.0067666957138877e-05,0.025375609265866038,352
Gad1-F-600155,550,198,352,2790,198,352,0.0039536246840860614,6.465016951247733e-06,1.55192342007018e-05,0.027636802170745187,352
Gad1-F-600156,186,73,113,1372,73,113,9.885736847360275e-05,2.4474190069273e-07,0.00011581980670122262,0.009346264006833827,101
Gad1-F-600157,7,2,5,27,2,5,1.1785939515200243e-07,2.0032395892512916e-12,8.235536759914346e-06,0.00035174111853675694,7
Gad1-F-600158,65,19,46,369,19,46,4.515144240193707e-05,5.903243531679625e-08,1.0592164449613218e-05,0.003266167529269886,56
Gad1-F-600159,143,74,69,692,74,69,0.0004917829727655335,3.1612226681622635e-06,1.6730489227329472e-05,0.0071855685643937494,116
Gad1-F-600160,127,62,65,838,62,65,0.0001997676957865482,1.20005295859639e-06,2.2189855007896423e-05,0.006381588864881162,89
Gad1-F-600161,302,137,165,1868,137,165,0.00040462188045541363,7.65019863464773e-07,7.395262651050365e-05,0.015175116828300085,148
Gad1-F-600162,264,226,38,967,226,38,0.0005227575391164985,5.760321406364228e-07,5.9605133116419454e-05,0.01326566504195769,150
Gad1-F-600163,255,130,125,1691,130,125,0.0020029103860279267,8.892057509355472e-05,2.2446896390303782e-05,0.01281342646098186,205
Gad1-F-600164,123,94,29,526,94,29,0.0018849719792964222,4.2217044276838874e-06,1.9403739356151325e-05,0.0061805939400030145,114
Gad1-F-600165,221,152,69,903,152,69,0.00075315202291566,2.472643498743683e-06,2.2663658202211226e-05,0.011104969599517612,156
Gad1-F-600166,89,28,61,456,28,61,0.0003605075660116721,3.887404804807878e-06,1.2424749952791662e-05,0.004472137078538767,77
Gad1-F-600167,322,274,48,1373,274,48,0.0005102288953338903,2.4364639869805663e-07,8.412590008134226e-05,0.01618009145269082,150
Gad1-F-600168,218,81,137,1194,81,137,0.0003035889467730231,3.932680912176357e-07,5.621862691291584e-05,0.010954223405859002,149
Gad1-F-600169,435,214,221,3136,214,221,0.013060995137854784,7.78526132765532e-05,5.020346613645351e-05,0.021858198080498468,352
Gad1-F-600171,200,156,44,937,156,44,0.002481893701654334,1.925434803483293e-05,2.2354481948147355e-05,0.01004974624390734,179
Gad1-F-600175,415,264,151,2557,264,151,0.011137619268030221,6.834917211653316e-05,4.142584249371272e-05,0.020853223456107732,347
Gad1-F-600176,344,71,273,1618,71,273,0.0013755385561271926,1.5598405310239942e-05,1.175172978576988e-05,0.017285563539520626,205
Gad1-F-600177,919,248,671,4940,248,671,0.0032874212792461813,1.2201989619324878e-05,1.8561159439774145e-05,0.04617858399075423,352
Gad1-F-600179,301,53,248,958,53,248,0.001128508022678478,5.256682785668907e-06,1.1288098724638872e-05,0.015124868097080548,230
Gad1-F-600180,383,203,180,2259,203,180,0.012178576578102226,5.317130489890848e-05,3.861463728916925e-05,0.01924526405708256,349
Gad1-F-600181,259,192,67,1213,192,67,0.0005799280595915067,7.057082265072969e-07,5.4225661369016075e-05,0.013014421385860007,146
Gad1-F-600182,176,72,104,1064,72,104,0.0003714209074329473,5.140903367448453e-07,3.586139663589556e-05,0.00884377669463846,117
Gad1-F-600183,943,125,818,6430,125,818,0.003402770703586606,3.5332486823077018e-06,1.5798847535017614e-05,0.04738455354002311,352
Gad1-F-600184,667,474,193,5103,474,193,0.006134755063199423,0.0035796039670971105,8.879475996190858e-05,0.03351590372343098,348
Gad1-F-600185,524,210,314,3066,210,314,0.012262032794062837,4.495725711431967e-05,3.544292747454657e-05,0.026330335159037235,352
Gad1-F-600186,244,17,227,2278,17,227,0.00014076254741747282,2.2701651932365598e-07,8.42999664235541e-06,0.012260690417566956,214
Gad1-F-600187,483,87,396,2202,87,396,0.0004108328405336277,3.2696572719195423e-06,2.2695022428771685e-05,0.02427013717903623,186
Gad1-F-600188,442,206,236,3443,206,236,0.003231657049854549,8.052569027280485e-06,2.5105473479440633e-05,0.022209939199035224,252
Gad1-F-600189,291,33,258,1699,33,258,0.00025761271706337314,3.589843362708093e-07,9.955390750203907e-06,0.014622380784885182,202
Gad1-F-600190,130,81,49,1736,81,49,0.00023199473719796447,2.3922280768257575e-06,7.968770378198246e-05,0.006532335058539772,94
Gad1-F-600191,289,147,142,2047,147,142,0.0007503765303341798,2.6392535880470367e-06,1.9331431993900516e-05,0.014521883322446109,211
Gad1-F-600192,104,89,15,594,89,15,0.0001827524020906068,2.6446239637321953e-07,7.314784662726678e-05,0.005225868046831818,85
Gad1-F-600193,42,35,7,127,35,7,0.0004268291894968193,4.017394409032199e-06,1.7172898312945962e-05,0.002110446711220542,42
Gad1-F-600194,209,126,83,1011,126,83,0.0003906239600950008,1.2387478911201047e-06,1.7948867572451283e-05,0.010501984824883171,148
Gad1-F-600195,446,251,195,3784,251,195,0.011516070769802588,0.00020889962061146095,4.528459748839134e-05,0.02241093412391337,352
Gad1-F-600196,251,76,175,1684,76,175,0.0016193242451756984,6.548930465295087e-06,1.6170052061808606e-05,0.012612431536103714,145
Gad1-F-600198,227,138,89,1291,138,89,0.000571802748477558,3.5380935598437067e-06,2.558130347783389e-05,0.011406461986834832,148
Gad1-F-600199,300,274,26,1151,274,26,0.0006337449374482654,3.692097213238111e-07,7.955213290403316e-05,0.015074619365861013,150
Gad1-F-600200,381,195,186,2485,195,186,0.009071885882479359,2.9953826070616353e-05,2.6463963979859272e-05,0.019144766594643484,348
Gad1-F-600201,560,222,338,3728,222,338,0.012646396181886501,0.00012651150256323034,4.729171207296563e-05,0.028139289482940557,352
Gad1-F-600202,1238,535,703,18592,535,703,0.002179752021025608,2.705879774732222e-05,0.00015296671506903037,0.062207929249786444,211
Gad1-F-600203,228,199,29,1171,199,29,0.0021182235116259255,1.530476345208175e-05,2.182924032049237e-05,0.01145671071805437,206
Gad1-F-600204,256,72,184,1103,72,184,0.0007361555857268364,4.055073814319471e-06,1.212223175307668e-05,0.012863675192201397,205
Gad1-F-600205,339,76,263,2237,76,263,0.0004396281462754044,1.1653046080512684e-06,1.1239777970369192e-05,0.017034319883422945,211
Gad1-F-600206,895,258,637,6373,258,637,0.00406718497696422,2.669559071706163e-05,0.0001158943610191268,0.04497261444148535,331
Gad1-F-600207,342,66,276,3322,66,276,0.001099320953092506,3.3715959866525433e-06,1.737160691921352e-05,0.017185066077081555,263
Gad1-F-600208,565,107,458,2938,107,458,0.0003578422144630838,5.297350486910038e-07,1.785134047550376e-05,0.02839053313903824,186
Gad1-F-600210,289,155,134,1569,155,134,0.0010569111136740541,9.49327090612611e-06,2.518458589899327e-05,0.014521883322446109,205
Gad1-F-600211,100,63,37,514,63,37,0.00029499719181727265,1.0309805723455568e-06,1.5269097423163404e-05,0.00502487312195367,94
Gad1-F-600212,139,53,86,628,53,86,0.000484315853509627,6.99867822453184e-07,2.8429677019452505e-05,0.006984573639515602,115
Gad1-F-600213,180,128,52,892,128,52,0.001752976142635333,3.72012337216804e-05,2.182513272564931e-05,0.009044771619516606,166
Gad1-F-600214,388,108,280,2708,108,280,0.002106066378883806,1.7721192450436865e-05,2.089067619209913e-05,0.019496507713180244,205
Gad1-F-600215,189,75,114,1046,75,114,0.00033070661916552587,3.101514227276087e-07,2.3522747347002723e-05,0.009497010200492437,129
Gad1-F-600216,156,94,62,1040,94,62,0.00030494284828061003,4.2643130594040616e-07,4.124072961282256e-05,0.007838802070247727,108
Gad1-F-600217,363,175,188,2383,175,188,0.002356397100628472,9.291937870726207e-06,4.5331893082333445e-05,0.018240289432691823,191
Gad1-F-600218,340,62,278,1718,62,278,0.0005362916294944568,5.016477117148692e-06,1.1879180112158443e-05,0.01708456861464248,195
Gad1-F-600219,276,199,77,1434,199,77,0.0010552033162705208,1.7950939803967818e-05,2.0713220064119698e-05,0.013868649816592131,207
Gad1-F-600220,626,191,435,3450,191,435,0.00951252295463341,4.592361842896376e-05,3.1928637413201224e-05,0.03145570574342998,352
Gad1-F-600221,336,29,307,2510,29,307,0.00024410988377234253,8.371030788645361e-07,8.998118591300589e-06,0.016883573689764335,150
Gad1-F-600222,219,53,166,760,53,166,0.00026765621675552283,1.480178849215444e-07,2.6161360174013507e-05,0.011004472137078539,150
Gad1-F-600224,738,725,13,3933,725,13,0.019134899035963996,6.317315454464629e-05,7.157482284058955e-05,0.03708356364001809,352
Gad1-F-600225,102,36,66,594,36,66,0.00014873600143007796,1.830037696550412e-07,1.261406138483808e-05,0.005125370584392744,94
Gad1-F-600226,465,281,184,3405,281,184,0.010967365468829293,0.00011255606575066979,4.441440887432129e-05,0.02336566001708457,352
Gad1-F-600227,564,378,186,4239,378,186,0.00846080010620955,7.04137791138154e-06,2.866538360217568e-05,0.028340284407818703,352
Gad1-F-600228,160,108,52,860,108,52,0.00034766327525761337,4.921338036708611e-07,2.9108283042755944e-05,0.008039796995125872,132
Gad1-F-600229,360,188,172,2029,188,172,0.007927104055304364,6.956773972119742e-05,3.2899893208116795e-05,0.018089543239033213,309
Gad1-F-600230,308,271,37,1263,271,37,0.0006723921947797826,9.947939944763156e-07,6.374392750957383e-05,0.015476609215617306,148
Gad1-F-600231,292,260,32,1124,260,32,0.0005293098228325424,4.2064336631798487e-07,6.756855659937941e-05,0.014672629516104718,148
Gad1-F-600232,258,112,146,1348,112,146,0.00032845816589843876,4.018702136371663e-07,6.39556278171202e-05,0.01296417265464047,148
Gad1-F-600233,285,246,39,1147,246,39,0.0004417780376013475,3.8361700069368326e-07,5.303701176623914e-05,0.014320888397567962,148
Gad1-F-600234,220,105,115,598,105,115,0.00039854613232208683,1.6149768410578412e-07,2.977907688731792e-05,0.011054720868298076,150
Gad1-F-600235,465,267,198,3091,267,198,0.012466550379267135,0.00012743836310777755,4.1618832624419586e-05,0.02336566001708457,352
Gad1-F-600237,339,54,285,2042,54,285,0.002214601011729198,2.8279644329689875e-06,1.4074005309699425e-05,0.017034319883422945,297
Gad1-F-600238,177,59,118,694,59,118,0.0002622153037313484,1.6902040808328667e-07,2.3059070935744194e-05,0.008894025425857996,139
Gad1-F-600239,220,212,8,876,212,8,0.00449367668327243,6.538525692685108e-06,1.9955404982024554e-05,0.011054720868298076,212
Gad1-F-600240,156,109,47,660,109,47,0.0002503608224448864,2.2880917025896982e-07,2.5659406390057107e-05,0.007838802070247727,130
Gad1-F-600241,320,107,213,1866,107,213,0.000590331780880266,2.036740014414421e-06,1.5490554124526855e-05,0.016079593990251745,211
Gad1-F-600242,236,96,140,1271,96,140,0.0010773104042652454,9.154425208220278e-06,3.73377398802617e-05,0.011858700567810663,135
Gad1-F-600243,403,188,215,2793,188,215,0.011131188009411834,1.773444283514629e-05,3.4054062244171077e-05,0.02025023868147329,349
Gad1-F-600245,561,206,355,3505,206,355,0.010393485242856434,7.040908807152109e-05,3.3691915081932145e-05,0.028189538214160093,352
Gad1-F-600246,133,6,127,671,6,127,0.0003599163986282288,1.9366034277656968e-07,7.984839170675994e-06,0.006683081252198382,118
Gad1-F-600247,501,201,300,3870,201,300,0.009513746899918124,5.858515008759158e-05,3.151855381631909e-05,0.02517461434098789,352
Gad1-F-600248,393,212,181,3358,212,181,0.013266452380593978,7.378346861676148e-05,4.686761426221964e-05,0.019747751369277925,349
Gad1-F-600249,34,18,16,145,18,16,0.0002458692888476875,4.616667967748097e-06,8.644850268436424e-06,0.001708456861464248,34
Gad1-F-600251,593,285,308,2995,285,308,0.001065913744935417,4.692151715758158e-06,5.419101145268208e-05,0.029797497613185266,186
Gad1-F-600253,457,257,200,3656,257,200,0.013913585508568901,3.684148861941973e-05,4.532086483646607e-05,0.022963670167328275,352
Gad1-F-600254,163,140,23,1780,140,23,0.0019118963356828784,6.758865255191896e-06,7.65344063729012e-05,0.008190543188784483,159
Gad1-F-600255,391,199,192,3458,199,192,0.010663989422563126,0.000105513777150679,3.2340929428309684e-05,0.019647253906838854,350
Gad1-F-600256,149,72,77,660,72,77,0.00032427028566323285,9.615908949196692e-07,1.537090253793475e-05,0.007487060951710969,89
Gad1-F-600257,394,219,175,3025,219,175,0.012215739755627699,2.9720623838091455e-05,3.772665745968466e-05,0.019798000100497464,352
Gad1-F-600258,888,177,711,7920,177,711,0.0033282043238062817,3.2551655064377525e-05,2.8072504825497846e-05,0.0446208733229486,352
Gad1-F-600259,441,236,205,3596,236,205,0.011008487536165349,7.52571075095645e-05,3.750743276134045e-05,0.022159690467815688,352
Gad1-F-600260,420,182,238,2152,182,238,0.0017750520965289203,9.779620259503089e-06,2.5686449766227945e-05,0.021104467112205417,211
Gad1-F-600261,135,84,51,647,84,51,0.0011175968135763424,1.7600112810032984e-06,1.993609149681248e-05,0.006783578714637455,106
Gad1-F-600262,404,243,161,2180,243,161,0.0054169461235389765,1.582632106187149e-05,6.535501281366894e-05,0.02030048741269283,224
Gad1-F-600263,371,202,169,2244,202,169,0.010284738795303195,3.7222694344065084e-05,2.7224864243182237e-05,0.018642279282448118,335
Gad1-F-600264,266,177,89,1725,177,89,0.0032661010745231624,3.500155713471403e-05,7.350593165533072e-05,0.013366162504396765,235
Gad1-F-600265,523,240,283,2666,240,283,0.0035910647919283655,1.0232433806551934e-05,1.978596726356185e-05,0.0262800864278177,352
Gad1-F-600266,17,9,8,40,9,8,2.319969023891699e-05,5.2904966210435005e-09,1.0970901711746969e-05,0.000854228430732124,17
Gad1-F-600267,291,252,39,1473,252,39,0.006794178952763109,6.22838973661997e-06,0.0002064948570333508,0.014622380784885182,247
Gad1-F-600268,437,239,198,3203,239,198,0.011103135352280368,0.00011507888634276346,3.564817856156573e-05,0.021958695542937542,352
Gad1-F-600269,515,321,194,2355,321,194,0.0016472038038514115,3.947185415022208e-06,6.899210443040426e-05,0.025878096578061404,185
Gad1-F-600270,98,27,71,459,27,71,0.00013247630735260064,4.4216087471376156e-07,1.1364678760635691e-05,0.004924375659514597,92
Gad1-F-600271,91,30,61,554,30,61,6.637546341167976e-05,2.2629976875407747e-07,1.8491836717856377e-05,0.0045726345409778405,81
Gad1-F-600272,399,225,174,3009,225,174,0.010202086797541924,5.260672991807509e-05,3.8124914724725974e-05,0.020049243756595145,348
Gad1-F-600273,165,79,86,436,79,86,0.0007389391999042648,1.4506550058520722e-06,1.098695131147154e-05,0.008291040651223557,144
Gad1-F-600275,78,37,41,360,37,41,5.284253423383355e-05,3.575419286392082e-07,2.3369109991892133e-05,0.003919401035123863,72
Gad1-F-600276,1052,104,948,6797,104,948,0.002165582541668108,5.454105215149742e-06,1.3947724708453062e-05,0.05286166524295262,352
Gad1-F-600277,78,65,13,484,65,13,0.00012391910372190783,1.2656454824262401e-06,5.82664636535065e-05,0.003919401035123863,71
Gad1-F-600278,366,200,166,2300,200,166,0.00964288820022757,8.624492806765107e-05,3.068294136644958e-05,0.018391035626350433,335
Gad1-F-600279,176,34,142,718,34,142,7.641216675145177e-05,7.861129220051533e-08,1.0142027061496512e-05,0.00884377669463846,135
Gad1-F-600280,423,188,235,1748,188,235,0.003216476826993701,3.751816840197434e-05,1.978174352290097e-05,0.021255213305864027,218
Gad1-F-600281,474,296,178,3980,296,178,0.0047001874019182,2.9578948132536486e-05,7.078355574620142e-05,0.0238178985980604,209
Gad1-F-600282,450,146,304,1701,146,304,0.0018754990151516374,7.2932996343517595e-06,6.428765696375483e-05,0.02261192904879152,270
Gad1-F-600283,89,69,20,461,69,20,0.0002797245166439215,3.1435955875829185e-07,3.3785094040001456e-05,0.004472137078538767,80
Gad1-F-600284,469,169,300,3651,169,300,0.004037341800472165,1.492404726285415e-05,2.5139269943108598e-05,0.023566654941962716,352
Gad1-F-600285,79,51,28,268,51,28,0.00019034657501925328,1.2334372830615703e-07,1.697324034469365e-05,0.0039696497663434,76
Gad1-F-600286,89,30,59,302,30,59,6.645201763970783e-05,3.4002151917676555e-08,1.0241211753569092e-05,0.004472137078538767,78
Gad1-F-600287,13,7,6,64,7,6,1.2171499018353985e-05,1.287102278778118e-09,1.1327164268708335e-05,0.0006532335058539772,12
Gad1-F-600288,507,159,348,2055,159,348,0.0046451749094319145,5.263985929909513e-06,1.6498883053285236e-05,0.02547610672830511,352
Gad1-F-600289,1072,730,342,43944,730,342,0.008732875782145749,0.08150525863557956,0.0006449879920252038,0.05386663986734335,348
Gad1-F-600290,722,119,603,3175,119,603,0.002354815326727332,5.433790543376484e-06,1.283988205582122e-05,0.036279583940505504,352
Gad1-F-600291,134,68,66,558,68,66,0.0012680386548598334,5.414767454133217e-06,1.320833055482869e-05,0.006733329983417919,129
Gad1-F-600292,382,194,188,3087,194,188,0.011010285016491013,3.244360130031649e-05,3.590041355167404e-05,0.019195015325863023,348
Gad1-F-600293,480,132,348,3538,132,348,0.0023426705603472103,1.331714612770039e-05,2.2025778014838413e-05,0.02411939098537762,352
Gad1-F-600295,64,58,6,220,58,6,0.0010082796707506511,1.9963514190586223e-05,1.3990500072148594e-05,0.0032159187980503492,64
Gad1-F-600296,308,258,50,1668,258,50,0.0011027921060121312,3.1239469565968308e-06,3.509521960737844e-05,0.015476609215617306,195
Gad1-F-600297,372,210,162,2404,210,162,0.012326158710798644,8.442310055365907e-05,3.856694701023041e-05,0.018692528013667654,341
Gad1-F-600298,440,250,190,3682,250,190,0.011495830711688393,0.00025488438534795193,4.191231556194843e-05,0.022109441736596153,352
Gad1-F-600300,485,235,250,3540,235,250,0.010646200447433144,0.00014990625596900963,4.1805062232867795e-05,0.024370634641475302,352
Gad1-F-600301,488,182,306,2108,182,306,0.008101468477407277,0.00010145455867811574,2.1944487596654288e-05,0.024521380835133912,231
Gad1-F-600302,672,189,483,3186,189,483,0.010934660090440824,7.021806568849173e-05,2.9142543760470248e-05,0.03376714737952867,352
Gad1-F-600303,431,179,252,2764,179,252,0.0012722737768968595,3.713586177620009e-05,2.7751975133889556e-05,0.021657203155620322,211
Gad1-F-600304,787,390,397,14282,390,397,0.004891279943385927,0.00541064710806885,0.00012005201784359979,0.03954575146977539,348
Gad1-F-600305,516,250,266,3094,250,266,0.013512223932501115,6.26898943631468e-05,5.608477711932913e-05,0.02592834530928094,352
Gad1-F-600307,715,289,426,15499,289,426,0.004076644109294464,0.003838741233138451,4.968668400490246e-05,0.035927842821968745,348
Gad1-F-600308,390,213,177,3734,213,177,0.01240501972181335,2.5089840368672155e-05,4.266992504182184e-05,0.019597005175619315,346
Gad1-F-600309,532,150,382,3928,150,382,0.0034631883901639474,2.046083634080379e-05,2.186948857365282e-05,0.02673232500879353,352
Gad1-F-600310,15,2,13,45,2,13,2.995089158558093e-06,1.1421604815544405e-09,2.5994840983210844e-05,0.0007537309682930506,15
Gad1-F-600311,442,230,212,3122,230,212,0.011680160563406709,4.5307943053485954e-05,3.47153519416372e-05,0.022209939199035224,352
Gad1-F-600313,399,200,199,2227,200,199,0.009252300642758518,8.079139937969145e-05,2.9350035554294702e-05,0.020049243756595145,348
Gad1-F-600314,395,223,172,2802,223,172,0.01284456110223628,3.0754426746244716e-05,3.8485028282282185e-05,0.019848248831717,343
Gad1-F-600315,256,196,60,828,196,60,0.0009124819421726039,7.460152715560491e-07,3.1785798013230374e-05,0.012863675192201397,148
Gad1-F-600316,392,240,152,3155,240,152,0.001784175647575271,9.251200766585253e-05,7.030248423665576e-05,0.01969750263805839,190
Gad1-F-600317,162,85,77,1167,85,77,0.0004966566688972229,1.519940441595472e-06,2.484496830809674e-05,0.008140294457564947,99
Gad1-F-600318,759,123,636,4324,123,636,0.0020219332787875014,7.304953100809206e-06,1.3261296167546499e-05,0.03813878699562836,352
Gad1-F-600319,790,246,544,4240,246,544,0.012574817635746336,6.058504639062894e-05,4.6818680422716764e-05,0.039696497663434,352
Gad1-F-600320,169,114,55,1010,114,55,0.0017800217670058246,7.5817802423105715e-06,2.544855194796476e-05,0.008492035576101703,131
Gad1-F-600321,89,28,61,350,28,61,0.00012038064632136729,3.569495668661912e-08,1.150529603711085e-05,0.004472137078538767,80
Gad1-F-600324,892,614,278,13071,614,278,0.0081239326914097,0.011345022885220088,0.00028292884377049016,0.04482186824782674,348
Gad1-F-600325,590,108,482,2786,108,482,0.007027383490064888,3.9871758538249755e-06,1.85715807362743e-05,0.029646751419526655,352
Gad1-F-600326,430,247,183,2747,247,183,0.011244738431510536,0.00012768348774984796,3.76690505432999e-05,0.021606954424400783,352
Gad1-F-600327,488,308,180,3115,308,180,0.012224729742506872,3.9096205953816724e-05,3.6148069427010256e-05,0.024521380835133912,352
Gad1-F-600328,349,186,163,1711,186,163,0.002615046875957228,2.528219952596338e-05,2.9328373768875992e-05,0.01753680719561831,197
Gad1-F-600329,409,214,195,2943,214,195,0.010863456597177247,1.5015630316293932e-05,3.3749204822757365e-05,0.02055173106879051,346
Gad1-F-600330,109,69,40,591,69,40,0.0007191576599148021,6.731387185671565e-06,1.2961835108346247e-05,0.005477111702929501,107
Gad1-F-600331,106,53,53,508,53,53,0.00046912527107909914,9.20939106437832e-06,1.222182164136002e-05,0.005326365509270891,93
Gad1-F-600334,172,130,42,700,130,42,0.0007073960253866934,1.2710002839918778e-06,5.3557474758387e-05,0.008642781769760313,119
Gad1-F-600335,688,205,483,3947,205,483,0.010050059443677435,9.060563882337302e-05,3.551918930813186e-05,0.03457112707904125,352
Gad1-F-600336,432,217,215,3295,217,215,0.010059218457506118,7.223547126401994e-05,3.480624784842371e-05,0.021707451886839858,352
Gad1-F-600337,204,111,93,1037,111,93,0.00047577368185162223,1.7332960127203117e-06,2.5353541114672238e-05,0.010250741168785488,136
Gad1-F-600338,430,230,200,3616,230,200,0.010247322776859672,7.779123008039345e-05,4.2555812955729016e-05,0.021606954424400783,350
Gad1-F-600339,370,222,148,2485,222,148,0.011730021873114513,4.2594078145593314e-05,3.9906618170227416e-05,0.018592030551228583,324
Gad1-F-600340,251,47,204,2081,47,204,0.0005173548143833332,4.361980159890857e-06,1.5980427247362353e-05,0.012612431536103714,184
Gad1-F-600341,1121,801,320,7763,801,320,0.021196956230352126,3.2335058567989435e-05,0.00010348607632805724,0.056328827697100646,352
Gad1-F-600342,306,137,169,1695,137,169,0.0019028609536874152,4.4887211986739786e-05,4.3392518585505376e-05,0.015376111753178233,205
Gad1-F-600343,125,30,95,721,30,95,0.0005293617356984013,6.319034240251128e-07,1.3006996577054804e-05,0.006281091402442088,90
Gad1-F-600344,411,234,177,3305,234,177,0.012870474762314309,4.22582978637617e-05,4.2866387637100146e-05,0.020652228531229586,349
Gad1-F-600345,398,178,220,1860,178,220,0.0037512266313213037,0.00012646986383200868,2.608324730689571e-05,0.01999899502537561,206
Gad1-F-600346,236,95,141,692,95,141,0.0002878542273745817,3.095109549020386e-07,2.061980456621452e-05,0.011858700567810663,148
Gad1-F-600347,294,281,13,895,281,13,0.007748130232984256,1.8654918637838e-05,2.9108960698205348e-05,0.014773126978543792,284
Gad1-F-600348,488,318,170,2988,318,170,0.008072812162745373,1.1285643865296236e-05,4.192973633426925e-05,0.024521380835133912,352
Gad1-F-600349,202,135,67,1034,135,67,0.0016781471916335116,1.3072752442262742e-05,4.5446310468674544e-05,0.010150243706346415,133
Gad1-F-600350,436,192,244,2712,192,244,0.0025462729713073844,6.433959657911712e-05,2.7718022812182293e-05,0.021908446811718003,226
Gad1-F-600351,120,62,58,561,62,58,0.0005849734519134407,4.244317549908001e-06,2.0454666624937432e-05,0.006029847746344405,101
Gad1-F-600352,166,113,53,842,113,53,0.00035359286462475836,4.997829711670071e-07,3.5131343639667584e-05,0.008341289382443093,107
Gad1-F-600353,227,198,29,818,198,29,0.0007459715025424753,7.818209599037258e-07,3.8415167747908084e-05,0.011406461986834832,150
Gad1-F-600354,65,40,25,367,40,25,0.0003146522373595803,8.395172790255139e-07,1.2276110627869164e-05,0.003266167529269886,63
Gad1-F-600355,220,148,72,1373,148,72,0.00045391725981291665,6.46850611418235e-07,8.413687740379195e-05,0.011054720868298076,135
Gad1-F-600356,744,43,701,5487,43,701,0.0014028354757486257,6.1874163513208e-07,1.0541417762510111e-05,0.03738505602733531,352
Gad1-F-600357,37,15,22,186,15,22,5.237653630276697e-05,2.0699998937355765e-07,2.4957918322553046e-05,0.0018592030551228581,32
Gad1-F-600358,86,23,63,430,23,63,0.0002847068618231099,1.549345117352952e-07,1.3194875197838077e-05,0.004321390884880157,76
Gad1-F-600359,147,92,55,1563,92,55,0.0002485334213007116,3.2749777628081414e-06,5.894156796963125e-05,0.007386563489271896,94
Gad1-F-600360,175,107,68,739,107,68,0.0006381269894781184,1.606599939193587e-05,1.701633248693147e-05,0.008793527963418923,134
Gad1-F-600361,438,241,197,2963,241,197,0.012250593192003145,2.8412740741411218e-05,4.110424498185602e-05,0.022008944274157078,349
Gad1-F-600362,182,175,7,775,175,7,0.0045093309492709255,2.248061983548014e-05,1.758232470033029e-05,0.009145269081955681,176
Gad1-F-600363,23,8,15,126,8,15,1.591383163770246e-05,2.9433089139821456e-09,9.55452159681209e-06,0.0011557208180493442,22
Gad1-F-600364,279,174,105,1431,174,105,0.0004857169192744296,1.108568596834839e-06,7.12591443644074e-05,0.014019396010250741,150
Gad1-F-600366,113,51,62,462,51,62,0.0002321449497025129,1.3726557449536183e-07,2.1914707162428686e-05,0.0056781066278076475,90
Gad1-F-600367,236,163,73,945,163,73,0.0016040749522735927,3.239423596086997e-05,1.8890431980739445e-05,0.011858700567810663,205
Gad1-F-600368,904,559,345,11356,559,345,0.007212482244899431,0.00014563799725118902,0.00010784375213549479,0.04542485302246118,339
Gad1-F-600369,317,149,168,1841,149,168,0.0007196191706715475,1.2786002992414159e-06,9.103605251871874e-05,0.015928847796593135,150
Gad1-F-600370,423,212,211,3306,212,211,0.010059970906632704,8.946246529841551e-05,3.6946126643396347e-05,0.021255213305864027,349
Gad1-F-600371,330,252,78,1643,252,78,0.0005553907916067983,1.0197435685909442e-06,8.128621332687966e-05,0.016582081302447114,150
Gad1-F-600372,137,64,73,657,64,73,0.0004865522746450203,2.4335112635783477e-06,1.9934432508148205e-05,0.006884076177076529,110
Gad1-F-600373,73,52,21,292,52,21,0.00010816059431900804,9.486968918982798e-08,2.2512784903242987e-05,0.0036681573790261794,59
Gad1-F-600374,462,261,201,3743,261,201,0.013271307529908323,8.129097155788827e-05,5.2760028837749784e-05,0.02321491382342596,352
Gad1-F-600375,408,164,244,1778,164,244,0.0027801205368572024,0.0006482663975182393,4.503062604064981e-05,0.020501482337570976,211
Gad1-F-600376,166,162,4,1916,162,4,0.0005003604023494964,3.770270703179877e-06,0.0001617082609437223,0.008341289382443093,95
Gad1-F-600377,319,273,46,1284,273,46,0.000425230538553744,1.3135248218595197e-07,7.118600944598746e-05,0.01602934525903221,150
Gad1-F-600378,410,226,184,3512,226,184,0.010962365249230397,8.233486321681724e-05,3.767884452222617e-05,0.02060197980001005,352
Gad1-F-600379,99,50,49,676,50,49,0.0007116475985557599,2.0316824526696785e-06,1.2832406780931295e-05,0.004974624390734134,90
Gad1-F-600380,449,256,193,2949,256,193,0.010040878016056125,5.889117486557461e-05,3.9262903053382e-05,0.02256168031757198,352
Gad1-F-600381,532,194,338,4039,194,338,0.00774953903254222,1.6488563038847105e-05,2.6202677515247722e-05,0.02673232500879353,352
Gad1-F-600383,94,29,65,427,29,65,0.0002979964454303173,4.826056929552791e-07,1.4224715060742637e-05,0.004723380734636451,79
Gad1-F-600384,419,154,265,2047,154,265,0.0010769155373166397,7.991495850133492e-06,1.5661199209553063e-05,0.02105421838098588,205
Gad1-F-600385,7,4,3,14,4,3,3.261173070714024e-06,1.0971652189521965e-09,9.459420288035855e-06,0.00035174111853675694,7
Gad1-F-600386,300,190,110,998,190,110,0.00044897595687628513,6.938962910217659e-07,5.6653904428196304e-05,0.015074619365861013,148
Gad1-F-600387,19,6,13,57,6,13,2.581484080498841e-06,2.4792069768156404e-10,1.0336088848624146e-05,0.0009547258931711974,19
Gad1-F-600388,69,43,26,244,43,26,0.00015268091735939153,8.32359114687588e-08,1.6814117027105527e-05,0.0034671624541480327,66
Gad1-F-600389,116,29,87,606,29,87,0.00026583620469196735,4.678574013648739e-07,1.6335922379984775e-05,0.005828852821466258,92
Gad1-F-600390,202,65,137,832,65,137,0.00019759179997533687,2.548004310978532e-07,4.7413777226574226e-05,0.010150243706346415,142
Gad1-F-600391,74,16,58,306,16,58,0.0001442201708894868,3.1723650302573034e-07,1.2433649036947153e-05,0.0037184061102457163,73
Gad1-F-600392,235,91,144,1115,91,144,0.0003997333582872902,5.386522706904558e-07,4.406529573323629e-05,0.011808451836591126,150
Gad1-F-600393,706,49,657,4280,49,657,0.0008611268345964151,4.3264041818441755e-06,1.3012966108865075e-05,0.035475604240992914,352
Gad1-F-600394,576,306,270,4188,306,270,0.012690704114502353,9.524101596462003e-05,4.945539827049197e-05,0.028943269182453144,352
Gad1-F-600395,299,148,151,1699,148,151,0.0005320454289227798,7.836066050669643e-07,0.00013212528057312734,0.015024370634641475,150
Gad1-F-600396,301,245,56,1374,245,56,0.0003990900724248022,2.436787598648256e-07,6.837978374785915e-05,0.015124868097080548,148
Gad1-F-600397,562,243,319,3090,243,319,0.0018012971420988703,3.596840714801694e-05,3.375574084062179e-05,0.028239786945379628,205
Gad1-F-600398,194,95,99,1076,95,99,0.0005485104344928968,9.870686238712878e-07,2.0800261042092053e-05,0.009748253856590122,135
Gad1-F-600400,196,134,62,882,134,62,0.000814972069734989,2.3440090866019206e-05,1.8712032806614118e-05,0.009848751319029195,148
Gad1-F-600401,74,50,24,234,50,24,0.0005056586340673019,5.557456197616564e-07,1.5762249857821278e-05,0.0037184061102457163,72
Gad1-F-600402,512,254,258,4200,254,258,0.014258820356565742,5.889570068059714e-05,6.335306760023508e-05,0.025727350384402794,352
Gad1-F-600403,648,259,389,4098,259,389,0.01130414122496683,0.0002285993071354255,4.9415178523883095e-05,0.03256117783025979,352
Gad1-F-600404,117,64,53,545,64,53,0.00043412787036894974,7.43562770851523e-06,1.3279722518785706e-05,0.005879101552685795,96
Gad1-F-600405,303,264,39,1316,264,39,0.0003954842979341816,1.3413674461864873e-07,7.730430890158808e-05,0.015225365559519623,150
Gad1-F-600406,421,77,344,1660,77,344,0.00040940569475502456,3.035692500237534e-06,1.1132761089074533e-05,0.021154715843424952,205
Gad1-F-600407,136,91,45,510,91,45,0.0017911460182157026,3.167675863020315e-06,2.0080776731026547e-05,0.006833827445856992,118
Gad1-F-600408,204,125,79,1190,125,79,0.0004035681002726871,5.422287538382415e-07,5.1513050665541e-05,0.010250741168785488,135
Gad1-F-600409,530,171,359,4169,171,359,0.0031931025076392177,2.300216598359401e-05,2.5614046563228922e-05,0.026631827546354455,352
Gad1-F-600410,393,209,184,3129,209,184,0.012759358748189958,2.428202232274444e-05,4.381367948781286e-05,0.019747751369277925,352
Gad1-F-600411,122,32,90,493,32,90,0.00010143360202057585,7.396021932825263e-08,1.4369222903250737e-05,0.006130345208783478,97
Gad1-F-600412,147,123,24,935,123,24,0.000389431579638614,9.107928466312406e-07,4.7999354478675395e-05,0.007386563489271896,110
Gad1-F-600413,111,62,49,685,62,49,0.00028968812158412555,3.4019165675612117e-07,2.423925246820352e-05,0.005577609165368575,96
Gad1-F-600414,196,50,146,816,50,146,0.00016867527573021383,2.56137711815731e-07,3.609895376242814e-05,0.009848751319029195,148
Gad1-F-600416,40,35,5,102,35,5,8.913239471046628e-05,5.770439323000543e-08,1.421972030338541e-05,0.002009949248781468,39
Gad1-F-600417,120,56,64,659,56,64,0.0003031488390923411,3.292032993152321e-07,1.3900493442122245e-05,0.006029847746344405,94
Gad1-F-600418,80,43,37,265,43,37,0.00019218561531227047,2.1600928916378478e-07,1.406413182426473e-05,0.004019898497562936,74
Gad1-F-600419,435,217,218,3832,217,218,0.010392817744857142,0.00010184215348799786,3.650527797685068e-05,0.021858198080498468,352
Gad1-F-600420,226,71,155,1047,71,155,0.0002713817454082171,1.8943952271600287e-07,2.765338680133222e-05,0.011356213255615295,148
Gad1-F-600421,191,58,133,676,58,133,0.0006335558121661251,1.7565025973158497e-06,1.6158062253384593e-05,0.009597507662931512,174
Gad1-F-600422,100,66,34,409,66,34,0.0005722732824903825,4.292268045904017e-06,1.1060631642553588e-05,0.00502487312195367,100
Gad1-F-600426,54,29,25,241,29,25,4.264158682503306e-05,9.861226940144624e-08,1.537139654750194e-05,0.002713431485854982,49
Gad1-F-600427,77,69,8,299,69,8,0.0002733822091021684,3.2581192558816827e-07,2.176951099863034e-05,0.0038691523039043265,72
Gad1-F-600429,174,83,91,860,83,91,0.0004883643355651061,7.117736018836333e-07,1.930515031299109e-05,0.008743279232199388,117
Gad1-F-600430,119,36,83,627,36,83,0.0004725155398857708,2.050054001121617e-06,1.817781816095772e-05,0.005979599015124868,97
Gad1-F-600431,254,222,32,1108,222,32,0.000518825837673068,7.047712682260179e-07,5.424035428617789e-05,0.012763177729762324,150
Gad1-F-600433,89,46,43,210,46,43,0.0002627897837361748,3.066910055621246e-07,1.0420066364309981e-05,0.004472137078538767,89
Gad1-F-600434,251,92,159,1168,92,159,0.0003302571256690487,5.681583067997041e-07,4.353426839194459e-05,0.012612431536103714,148
Gad1-F-600435,297,188,109,2283,188,109,0.0007516030780553585,3.157473493773032e-06,8.396542073130942e-05,0.014923873172202402,128
Gad1-F-600436,246,61,185,1012,61,185,0.00023998434185575272,2.932555783034365e-07,2.365481083031543e-05,0.012361187880006029,148
Gad1-F-600438,124,119,5,1115,119,5,0.0006403952667757399,2.177072708598073e-06,4.406100423945321e-05,0.006230842671222552,98
Gad1-F-600439,34,12,22,123,12,22,9.427828820939723e-06,1.3598939211035342e-09,1.1060332869683505e-05,0.001708456861464248,33
Gad1-F-600441,3,1,2,3,1,2,3.2752204765126995e-07,1.7234085045825e-11,7.614016225584361e-06,0.0001507461936586101,3
Gad1-F-600443,6,3,3,14,3,3,2.5405253047666373e-05,2.4504681742376877e-09,7.700753911848637e-06,0.0003014923873172202,6
Gad1-F-600444,16,13,3,36,13,3,3.707211076028676e-05,8.066524152980328e-09,1.1496074831590516e-05,0.0008039796995125873,16
Gad1-F-600445,768,146,622,3307,146,622,0.002711878509875321,1.8722810559238826e-05,1.652053251945456e-05,0.03859102557660419,352
Gad1-F-600446,229,177,52,1106,177,52,0.0007535359020811515,5.599608035009145e-06,3.859033449289942e-05,0.011506959449273905,153
Gad1-F-600447,90,70,20,391,70,20,0.0002788194750400782,3.3842385699726826e-07,2.951088669425483e-05,0.004522385809758303,78
Gad1-F-600449,231,141,90,1254,141,90,0.0003049744861955959,4.403110742939844e-07,8.997492762286967e-05,0.01160745691171298,93
Gad1-F-600450,404,242,162,3181,242,162,0.014191595661373345,7.383691738862033e-05,5.1963999318866356e-05,0.02030048741269283,351
Gad1-F-600451,115,67,48,332,67,48,0.002150229102178121,1.9846252696299457e-06,1.3893779903191355e-05,0.005778604090246721,111
Gad1-F-600452,128,58,70,389,58,70,0.0009572964326488265,1.539816091790672e-05,1.0438801117512628e-05,0.0064318375961006985,127
Gad1-F-600453,186,46,140,626,46,140,0.00018268784436241875,1.380207735929486e-07,1.930742243391164e-05,0.009346264006833827,140
Gad1-F-600454,103,51,52,627,51,52,0.0004307265060221978,7.143370465295012e-07,1.1760979318061782e-05,0.0051756193156122805,86
Gad1-F-600455,120,50,70,358,50,70,0.0006374177063296826,3.89981796437656e-06,9.544132802565123e-06,0.006029847746344405,117
Gad1-F-600456,287,258,29,1129,258,29,0.00045055776515735266,1.4178410810277915e-07,6.858818211608176e-05,0.014421385860007034,150
Gad1-F-600457,274,94,180,1310,94,180,0.00020908600273888823,1.604744124484272e-07,6.580431820882415e-05,0.013768152354153058,148
Gad1-F-600458,152,101,51,610,101,51,0.0003609329151215365,2.2837412983278275e-07,2.4813258138314697e-05,0.007637807145369579,124
Gad1-F-600459,269,52,217,828,52,217,0.00034416678698823047,1.4904255868630387e-06,9.452087795064745e-06,0.013516908698055373,143
Gad1-F-600460,89,51,38,497,51,38,0.0006668231156944452,8.081102973691998e-07,1.2108575524293727e-05,0.004472137078538767,83
Gad1-F-600461,224,116,108,773,116,108,0.00020035272744670682,4.2696920479162114e-08,3.540632259794338e-05,0.011255715793176222,150
Gad1-F-600462,283,90,193,1076,90,193,0.00028328538945213627,3.4197133036942536e-07,2.2276879070866303e-05,0.014220390935128889,148
Gad1-F-600463,11,7,4,27,7,4,2.2598425730055385e-05,7.602091899806544e-09,8.582693662054293e-06,0.0005527360434149038,11
Gad1-F-600464,119,58,61,753,58,61,0.0002739321370617786,5.457544260890548e-07,2.630985938073413e-05,0.005979599015124868,88
Gad1-F-600465,453,285,168,2652,285,168,0.0070666045845474345,0.00046057471481872634,4.923277602933269e-05,0.02276267524245013,244
Gad1-F-600467,34,20,14,134,20,14,5.193976291216569e-05,7.548542329803185e-08,2.068826824451104e-05,0.001708456861464248,33
Gad1-F-600468,118,26,92,493,26,92,0.00013574710219133726,1.7458738800203368e-07,1.0608077165162554e-05,0.0059293502839053314,90
Gad1-F-600469,134,77,57,1618,77,57,0.00020319433978000743,1.6068348489984628e-06,5.50882228289699e-05,0.006733329983417919,94
Gad1-F-600470,290,118,172,1543,118,172,0.00046361167411233063,6.835694225750181e-07,6.119149038076008e-05,0.014572132053665645,150
Gad1-F-600471,392,196,196,2804,196,196,0.01064075909631926,3.8850410536798176e-05,3.0822275849767044e-05,0.01969750263805839,346
Gad1-F-600473,146,79,67,793,79,67,0.0007027311742403474,1.1481629946690612e-05,2.2461229906435683e-05,0.007336314758052359,120
Gad1-F-600474,535,231,304,4371,231,304,0.012855985346075474,6.950171143835427e-05,4.616834033227868e-05,0.02688307120245214,352
Gad1-F-600475,720,403,317,11383,403,317,0.00584102173555836,0.005734297087414369,0.00010055845884564568,0.036179086478066426,348
Gad1-F-600476,73,40,33,322,40,33,0.00038854603903639145,1.5073274696236868e-06,1.5966206464062307e-05,0.0036681573790261794,66
Gad1-F-600477,320,167,153,1382,167,153,0.0019025171427896421,6.722775810458014e-06,5.533905474453034e-05,0.016079593990251745,209
Gad1-F-600478,120,97,23,688,97,23,0.00040297134850367786,5.427625962204916e-07,3.405590832349454e-05,0.006029847746344405,89
Gad1-F-600479,458,241,217,2549,241,217,0.0011759783755479877,3.3762993277540465e-06,3.908833257200592e-05,0.02301391889854781,190
Gad1-F-600480,123,30,93,641,30,93,0.0001242757573499823,1.6929483353770564e-08,1.4172353746798285e-05,0.0061805939400030145,85
Gad1-F-600481,184,23,161,1561,23,161,0.0019346998927282245,7.796214164481617e-07,9.249201481266501e-06,0.009245766544394754,180
Gad1-F-600482,111,37,74,507,37,74,0.0006062445179968837,2.8231047928364416e-07,1.0658861091263945e-05,0.005577609165368575,86
Gad1-F-600483,489,298,191,3151,298,191,0.013294432509149166,0.00019207006304524608,5.008033289414119e-05,0.024571629566353448,352
Gad1-F-600485,419,233,186,2944,233,186,0.013728957110483315,4.3047577474366506e-05,4.416438109855375e-05,0.02105421838098588,352
Gad1-F-600486,275,154,121,2002,154,121,0.0006718571967042049,2.8191208321705183e-06,1.6393635051117802e-05,0.013818401085372594,211
Gad1-F-600487,312,100,212,2272,100,212,0.0014390109362723215,2.5455950172403764e-06,1.9766575993675655e-05,0.015677604140495453,150
Gad1-F-600488,474,204,270,4363,204,270,0.012950692883484181,3.808146259235472e-05,4.427508239538418e-05,0.0238178985980604,352
Gad1-F-600490,432,238,194,3911,238,194,0.013916595215542166,8.321609287310425e-05,5.489973340204463e-05,0.021707451886839858,352
Gad1-F-600491,311,277,34,1345,277,34,0.0004270105574034508,2.87093323392003e-07,8.131793682294366e-05,0.015627355409275914,148
Gad1-F-600492,87,31,56,601,31,56,0.0005234448286660855,1.073833060566362e-06,1.0233201929310116e-05,0.004371639616099694,79
Gad1-F-600493,217,136,81,1027,136,81,0.00026299742400996814,1.845938541491303e-07,8.332926382744108e-05,0.010903974674639466,138
Gad1-F-600494,358,170,188,1826,170,188,0.004617535873602873,5.1798565622954425e-06,1.6756777364689838e-05,0.017989045776594142,339
Gad1-F-600495,416,212,204,3276,212,204,0.012243716928375014,5.484690101761815e-05,3.471832424088353e-05,0.02090347218732727,349
Gad1-F-600496,383,88,295,2441,88,295,0.0011771396843128195,2.9309150935059287e-06,1.594905523667902e-05,0.01924526405708256,211
Gad1-F-600497,545,255,290,3991,255,290,0.011971017501657176,0.00010476622377422877,3.857821272726123e-05,0.027385558514647506,352
Gad1-F-600498,163,133,30,591,133,30,0.000424509442059582,3.151444772858423e-07,3.3377153637200824e-05,0.008190543188784483,111
Gad1-F-600500,121,54,67,617,54,67,0.00042977613905013104,2.661233031775447e-06,1.382973984050095e-05,0.006080096477563942,105
Gad1-F-600501,196,146,50,859,146,50,0.0018477169202487727,4.556776450547361e-06,3.157412031508408e-05,0.009848751319029195,185
Gad1-F-600502,52,31,21,135,31,21,9.78412413254434e-05,3.605641354548844e-08,1.07804468089758e-05,0.002612934023415909,50
Gad1-F-600503,488,172,316,3636,172,316,0.004405274325106468,1.0671571110697059e-05,2.142200316279145e-05,0.024521380835133912,352
Gad1-F-600504,481,256,225,4203,256,225,0.011605144907129404,0.00021617717121081653,4.666890033474943e-05,0.024169639716597156,352
Gad1-F-600505,212,45,167,907,45,167,0.00022731231769932634,1.6429044493913073e-07,2.4430521440270494e-05,0.010652731018541781,150
Gad1-F-600506,468,239,229,5381,239,229,0.011658650985098658,0.0001038510905748428,4.635209437771032e-05,0.02351640621074318,352
Gad1-F-600507,158,88,70,765,88,70,0.000519020858112507,8.344366796652096e-06,1.7514028951117367e-05,0.0079392995326868,123
Gad1-F-600508,353,127,226,1774,127,226,0.0056648075099072805,4.952300819297433e-05,2.570075022870763e-05,0.017737802120496457,211
Gad1-F-600509,411,222,189,3089,222,189,0.012770633790366494,0.0001250605355785575,4.670489085399428e-05,0.020652228531229586,352
Gad1-F-600510,1304,1282,22,12808,1282,22,0.040908420005819825,0.00010580294328720409,0.000212265737719394,0.06552434551027586,352
Gad1-F-600511,46,40,6,184,40,6,0.00012662927417413078,8.411322062735868e-08,2.5752178074653957e-05,0.0023114416360986885,45
Gad1-F-600513,227,56,171,1219,56,171,0.00025192607819387485,1.4071846611917364e-07,2.1951963891005177e-05,0.011406461986834832,135
Gad1-F-600514,386,203,183,3156,203,183,0.01016147296912185,0.00010864039805105509,3.906836776503085e-05,0.01939601025074117,336
Gad1-F-600515,271,47,224,2332,47,224,0.0006038774035593522,1.5632973562812938e-06,1.5831482194165088e-05,0.013617406160494448,119
Gad1-F-600516,79,45,34,349,45,34,0.0003861126054566631,5.563636403859251e-07,1.2316426020875131e-05,0.0039696497663434,72
Gad1-F-600517,96,45,51,361,45,51,0.00021955605752439007,1.0099958816081992e-07,1.5262147255129203e-05,0.004823878197075524,85
Gad1-F-600518,184,51,133,1137,51,133,0.0006106856802779594,1.0176134047062088e-06,1.8629230401397855e-05,0.009245766544394754,109
Gad1-F-600519,526,204,322,3881,204,322,0.006533316886868292,2.2750439208129038e-05,3.2891055176948216e-05,0.02643083262147631,352
Gad1-F-600520,25,21,4,84,21,4,0.00011347735611718801,6.445775005699515e-08,1.0839915550657087e-05,0.0012562182804884176,25
Gad1-F-600521,113,45,68,1149,45,68,0.0005942165091024354,2.1829745089953217e-06,2.2714731776843202e-05,0.0056781066278076475,93
Gad1-F-600522,74,47,27,242,47,27,0.00017116639693653236,1.2514973147635352e-07,1.597853529640476e-05,0.0037184061102457163,69
Gad1-F-600523,282,233,49,2101,233,49,0.003844757829963461,3.2294952323378745e-05,9.12690192605759e-05,0.014170142203909351,220
Gad1-F-600524,465,166,299,3397,166,299,0.0024783104807274718,2.3526370194736957e-05,4.212828690908206e-05,0.02336566001708457,177
Gad1-F-600525,430,60,370,2516,60,370,0.00059819653636277,3.066095509920983e-06,1.2182192815329657e-05,0.021606954424400783,205
Gad1-F-600526,161,77,84,913,77,84,0.0006406686426118486,8.50493129110121e-07,1.9008812579690118e-05,0.00809004572634541,119
Gad1-F-600527,392,168,224,1843,168,224,0.0010305088533932214,1.2892373688570401e-05,1.9763081535317306e-05,0.01969750263805839,205
Gad1-F-600529,227,188,39,863,188,39,0.00027828338389706685,6.940045053170174e-08,4.344570624806252e-05,0.011406461986834832,149
Gad1-F-600530,560,370,190,4495,370,190,0.005154226770769536,0.005027888961891768,4.913429989488336e-05,0.028139289482940557,348
Gad1-F-600531,52,26,26,604,26,26,1.6711200435828575e-05,1.272430147064498e-07,0.00010801414560422846,0.002612934023415909,34
Gad1-F-600532,184,116,68,808,116,68,0.0008183042630525435,1.5461240688007963e-05,1.619754604114442e-05,0.009245766544394754,142
Gad1-F-600533,303,100,203,1318,100,203,0.0013701754128006892,4.75204213687492e-06,2.310261128810406e-05,0.015225365559519623,264
Gad1-F-600534,86,37,49,647,37,49,0.0003203674185501747,9.190803696261143e-07,1.306304656684776e-05,0.004321390884880157,77
Gad1-F-600535,122,108,14,525,108,14,0.0005529967465076087,8.662884038817323e-07,4.5387298923007276e-05,0.006130345208783478,99
Gad1-F-600536,276,117,159,1662,117,159,0.000573744691375453,1.3850451091001633e-06,6.243581821522224e-05,0.013868649816592131,147
Gad1-F-600537,583,141,442,3678,141,442,0.0009186740760378422,1.6498224285748167e-05,2.259021380627464e-05,0.0292950103009899,211
Gad1-F-600538,56,28,28,337,28,28,9.566023663726445e-05,2.2055782333590145e-07,2.132852561994507e-05,0.0028139289482940555,52
Gad1-F-600539,227,98,129,913,98,129,0.0014373994523004486,4.45277344465835e-06,6.18848895077526e-05,0.011406461986834832,211
Gad1-F-600540,260,208,52,887,208,52,0.00040834037767493065,2.530528488566264e-07,4.1321465627071e-05,0.013064670117079544,148
Gad1-F-600541,842,274,568,4943,274,568,0.006734700911170138,1.9832286411830128e-05,2.714025347007187e-05,0.042309431686849905,352
Gad1-F-600542,50,28,22,146,28,22,8.938509142837427e-05,4.4726368838641026e-08,1.724386253417891e-05,0.002512436560976835,49
Gad1-F-600543,271,107,164,1184,107,164,0.00045348438326600187,5.228561707994638e-07,5.186508537767501e-05,0.013617406160494448,150
Gad1-F-600544,137,67,70,583,67,70,0.00029390680548734124,2.3467316547016918e-07,1.9724694514037853e-05,0.006884076177076529,103
Gad1-F-600545,140,49,91,822,49,91,0.0002291258952040078,1.8150561827615103e-07,1.5762565593211147e-05,0.007034822370735139,108
Gad1-F-600546,372,216,156,2608,216,156,0.011191299810325964,0.00010858157614491079,3.7703107367034014e-05,0.018692528013667654,339
Gad1-F-600547,62,29,33,205,29,33,5.8279761686956857e-05,2.1921382099124485e-08,1.83726743548664e-05,0.003115421335611276,53
Gad1-F-600548,330,293,37,1550,293,37,0.0005799945190087595,6.534115112152837e-07,9.214893204955503e-05,0.016582081302447114,148
Gad1-F-600549,436,173,263,2338,173,263,0.0038829019823609667,3.232263454432018e-06,1.949824626679097e-05,0.021908446811718003,312
Gad1-F-600550,267,192,75,2211,192,75,0.0005619155166238535,1.1458776582231048e-06,0.00012580746075138732,0.0134164112356163,123
Gad1-F-600551,111,66,45,599,66,45,0.0006195743780701179,1.563947766660053e-06,1.4861705361586025e-05,0.005577609165368575,93
Gad1-F-600552,68,21,47,216,21,47,6.458539365309064e-05,9.347339277812942e-08,1.1551436522248991e-05,0.003416913722928496,62
Gad1-F-600553,73,52,21,278,52,21,0.00014307135346559735,8.139066362391178e-08,2.675732318839848e-05,0.0036681573790261794,65
Gad1-F-600554,244,148,96,1181,148,96,0.00036973124709924573,4.104447275561752e-07,5.8824213741165905e-05,0.012260690417566956,148
Gad1-F-600555,171,108,63,1028,108,63,0.00034212636711568073,5.247889164669755e-07,6.0428904843589966e-05,0.008592533038540778,99
Gad1-F-600556,121,40,81,640,40,81,0.00023436415956194683,4.870644293015763e-07,1.2257714115627398e-05,0.006080096477563942,119
Gad1-F-600557,20,17,3,48,17,3,5.440383014321712e-05,1.1389501373996565e-08,9.610534607352971e-06,0.001004974624390734,20
Gad1-F-600558,226,165,61,1206,165,61,0.0008473660680662394,2.5687573411645243e-06,6.100240311049324e-05,0.011356213255615295,135
Gad1-F-600559,310,112,198,1366,112,198,0.00047801885510155887,1.0570675160731344e-06,1.2461789696909723e-05,0.015577106678056379,211
Gad1-F-600560,259,60,199,2381,60,199,0.0006384610526798093,4.606549642581598e-06,1.370566399779884e-05,0.013014421385860007,233
Gad1-F-600561,239,4,235,1342,4,235,2.869923200312065e-05,1.3536813089465224e-08,7.646809182015741e-06,0.012009446761469273,203
Gad1-F-600562,191,106,85,565,106,85,0.0002411581255154433,1.0450557048338082e-07,2.3149032513704983e-05,0.009597507662931512,148
Gad1-F-600563,265,165,100,1888,165,100,0.0004564101907777218,1.129604522035244e-06,9.89507893376044e-05,0.013315913773177228,140
Gad1-F-600564,143,24,119,727,24,119,0.0001329369456200402,9.539282082679583e-08,1.5588948220530503e-05,0.0071855685643937494,105
Gad1-F-600565,303,246,57,1436,246,57,0.0005571067086999727,1.7194054296218745e-06,7.777044598438794e-05,0.015225365559519623,150
Gad1-F-600566,448,220,228,3986,220,228,0.010253835754291538,7.646316520585117e-05,3.390387918066938e-05,0.022511431586352444,352
Gad1-F-600567,26,7,19,116,7,19,2.3847621940004133e-05,1.4686223473901522e-08,8.263735237231646e-06,0.0013064670117079544,24
Gad1-F-600568,599,290,309,3086,290,309,0.004904212957139674,3.1683400831056336e-05,2.5586304586341533e-05,0.030098990000502486,352
Gad1-F-600569,456,244,212,3617,244,212,0.011346776877733283,8.528513467586319e-05,4.5075440969978494e-05,0.02291342143610874,352
Gad1-F-600570,131,112,19,464,112,19,0.0024527334790420286,1.0364431637824695e-05,1.733966036750691e-05,0.006582583789759309,129
Gad1-F-600571,498,82,416,2364,82,416,0.0040310634624867465,3.3448427477413595e-06,1.2269996594433308e-05,0.02502386814732928,347
Gad1-F-600572,227,136,91,980,136,91,0.004118848401682215,5.232860779834746e-06,2.4134340106675417e-05,0.011406461986834832,156
Gad1-F-600573,177,64,113,1262,64,113,0.0001728039873986516,9.40880221495173e-08,2.2017232059331223e-05,0.008894025425857996,121
Gad1-F-600574,217,111,106,859,111,106,0.0004096911694157561,4.857417937169071e-07,4.00871543954808e-05,0.010903974674639466,150
Gad1-F-600575,515,337,178,4338,337,178,0.001960713501003838,6.151119617750862e-05,8.261410969302692e-05,0.025878096578061404,189
Gad1-F-600576,83,38,45,265,38,45,0.00027961153108490915,1.928046977337022e-06,1.887303647499072e-05,0.004170644691221546,79
Gad1-F-600577,438,346,92,1510,346,92,0.010741950735439293,1.0508588546975866e-05,0.0001165901284374198,0.022008944274157078,307
Gad1-F-600578,192,170,22,1245,170,22,0.0009386890585999829,2.1492821221965206e-06,4.805767116703023e-05,0.009647756394151047,122
Gad1-F-600579,234,80,154,821,80,154,0.0003328564091091815,5.987033916604719e-07,2.255003293046294e-05,0.01175820310537159,148
Gad1-F-600580,224,73,151,1107,73,151,0.0002320261594319052,2.811184780871044e-07,3.814577701493639e-05,0.011255715793176222,148
Gad1-F-600581,222,167,55,744,167,55,0.0002181266310243943,7.364105510913456e-08,3.8185641099149985e-05,0.01115521833073715,148
Gad1-F-600582,32,24,8,88,24,8,5.407983209314454e-05,1.9006758165348728e-08,1.0929244125891269e-05,0.0016079593990251746,32
Gad1-F-600584,493,294,199,4496,294,199,0.015060343894011282,6.42853571505604e-05,6.524976780457527e-05,0.024772624491231597,352
Gad1-F-600585,877,38,839,8382,38,839,0.0010670977128463281,1.1427876016370189e-06,9.893155504981667e-06,0.044068137279533695,352
Gad1-F-600586,643,172,471,4201,172,471,0.0006481807453191755,4.086805227315929e-06,4.9281074304685924e-05,0.0323099341741621,186
Gad1-F-600589,242,129,113,1706,129,113,0.0003891293880211773,7.775357277534043e-07,7.892428573737135e-05,0.012160192955127883,135
Gad1-F-600590,646,257,389,4046,257,389,0.00973864429855022,7.911065884541148e-05,3.5892068741213007e-05,0.03246068036782071,352
Gad1-F-600591,36,30,6,112,30,6,0.00015253158687322864,8.967360676383454e-08,1.5303123763265403e-05,0.0018089543239033215,36
Gad1-F-600594,921,558,363,17888,558,363,0.007140749655009177,0.019481363737412598,0.00012456535660057926,0.04627908145319331,348
Gad1-F-600595,126,60,66,1171,60,66,0.0007320806822260092,2.643434781421873e-06,2.231143999350091e-05,0.006331340133661625,98
Gad1-F-600596,159,79,80,785,79,80,0.0005895686325761821,1.591402157981563e-05,1.526070782748125e-05,0.007989548263906337,128
Gad1-F-600597,221,43,178,832,43,178,0.00014882704497124266,7.195474462363342e-08,1.752927940066002e-05,0.011104969599517612,150
Gad1-F-600598,10,4,6,35,4,6,4.636048249180345e-06,4.5254942974241765e-09,8.38095240218151e-06,0.000502487312195367,10
Gad1-F-600599,227,67,160,849,67,160,0.00025464220237151155,2.1913262869998396e-07,2.608436289902385e-05,0.011406461986834832,148
Gad1-F-600600,525,356,169,3092,356,169,0.01120377036355135,2.198445736846187e-05,3.9038245895701615e-05,0.02638058389025677,352
Gad1-F-600601,224,187,37,836,187,37,0.00041654356602990157,2.690017096015309e-07,6.433993768108532e-05,0.011255715793176222,150
Gad1-F-600602,134,51,83,694,51,83,0.0002911824920982494,5.645541312929792e-07,1.4483504028245666e-05,0.006733329983417919,106
Gad1-F-600603,196,84,112,655,84,112,0.00013757762366070075,4.343143111578925e-08,2.9051932624234134e-05,0.009848751319029195,150
Gad1-F-600604,595,313,282,6445,313,282,0.0037187614448878498,0.00020982305226864459,5.825720413566373e-05,0.02989799507562434,327
Gad1-F-600605,30,26,4,105,26,4,5.653839985338124e-05,3.817902085376861e-08,2.3305870727543993e-05,0.0015074619365861013,29
Gad1-F-600606,116,22,94,728,22,94,0.00013548218813735097,9.560031598913361e-07,9.643356247967494e-06,0.005828852821466258,93
Gad1-F-600607,177,123,54,661,123,54,0.00034416105590113604,2.450193728180441e-07,2.0495541560479142e-05,0.008894025425857996,144
Gad1-F-600610,213,132,81,1035,132,81,0.0004201205326232782,7.816591989456827e-07,2.020169938146872e-05,0.010702979749761319,150
Gad1-F-600611,258,83,175,1048,83,175,0.0002762426571780176,2.8829842285876075e-07,2.5532883684592578e-05,0.01296417265464047,148
Gad1-F-600612,781,114,667,3363,114,667,0.0031339361000990045,4.7217826541687775e-06,1.4059029787569664e-05,0.03924425908245817,352
Gad1-F-600613,281,236,45,1325,236,45,0.004871977990013921,1.4697173715087242e-05,6.879032282420695e-05,0.014119893472689814,209
Gad1-F-600614,228,68,160,1134,68,160,0.0002381398794537117,3.254466126689629e-07,3.575731259523875e-05,0.01145671071805437,148
Gad1-F-600615,244,113,131,1113,113,131,0.0003533538428849012,5.190123444081674e-07,2.3232237637932356e-05,0.012260690417566956,148
Gad1-F-600617,165,109,56,872,109,56,0.0008682749044846186,4.028769348605673e-06,4.4210871614530604e-05,0.008291040651223557,141
Gad1-F-600619,384,297,87,1638,297,87,0.0005772519236662782,5.023544712495098e-07,9.342496665405954e-05,0.019295512788302095,148
Gad1-F-600621,219,117,102,951,117,102,0.0005607961854917253,6.592481424432843e-07,5.0249290937384914e-05,0.011004472137078539,147
Gad1-F-600622,120,37,83,620,37,83,0.00027912773931925165,4.040786075305772e-06,1.1168641230945646e-05,0.006029847746344405,96
Gad1-F-600623,144,2,142,757,2,142,2.449468074005772e-06,3.9194540583962583e-10,8.212948373771e-06,0.007235817295613286,104
Gad1-F-600624,541,207,334,3201,207,334,0.0014904748442061775,1.769704578350927e-05,2.7240980138929742e-05,0.027184563589769357,205
Gad1-F-600625,268,121,147,1516,121,147,0.000459546547800765,6.53854707347553e-07,5.422128638711734e-05,0.013466659966835838,147
Gad1-F-600627,388,179,209,2773,179,209,0.0012732767001002422,2.2558818406198506e-05,2.5667481345163455e-05,0.019496507713180244,211
Gad1-F-600628,386,278,108,2246,278,108,0.0041397526613805215,6.844985455757718e-05,6.262334337649644e-05,0.01939601025074117,267
Gad1-F-600629,39,16,23,128,16,23,0.0002775353766917304,2.061011989745621e-07,1.1244908036637948e-05,0.0019597005175619317,39
Gad1-F-600630,97,47,50,376,47,50,0.00037178796430929365,3.5162313249100984e-06,1.0103359534320548e-05,0.004874126928295061,82
Gad1-F-600631,220,81,139,1205,81,139,0.0005742672595889939,2.3149436519303574e-06,1.2171198857066187e-05,0.011054720868298076,136
Gad1-F-600632,165,52,113,818,52,113,0.00016042486240567966,4.173342183237226e-07,3.699465980386344e-05,0.008291040651223557,132
Gad1-F-600633,21,4,17,61,4,17,4.745309031528244e-06,1.0783583282052869e-09,8.780166955258775e-06,0.001055223355610271,21
Gad1-F-600634,346,310,36,1387,310,36,0.0006944715311429171,2.776714371560499e-07,8.997164964929165e-05,0.0173860610019597,150
Gad1-F-600636,794,96,698,5603,96,698,0.0025259946156255745,3.3490587318315676e-06,1.3909863473484612e-05,0.03989749258831214,352
Gad1-F-600637,118,65,53,544,65,53,0.0007545797412332452,1.5464942871831277e-06,1.4639960394582681e-05,0.0059293502839053314,99
Gad1-F-600638,68,39,29,346,39,29,0.00012173203551648516,8.371740601139385e-08,1.3442776126414765e-05,0.003416913722928496,60
Gad1-F-600639,14,3,11,37,3,11,2.0155370839900965e-05,6.633047497702236e-09,8.461022804590463e-06,0.0007034822370735139,14
Gad1-F-600640,860,222,638,4733,222,638,0.010103787983174246,0.00011557949444748064,3.21151091805142e-05,0.043213908848801566,352
Gad1-F-600641,392,192,200,2277,192,200,0.009090082936762296,0.00013048819611592743,3.1801808673984346e-05,0.01969750263805839,331
Gad1-F-600642,354,353,1,1942,353,1,0.0006225803176885383,7.664367477093137e-07,0.0001203634454286126,0.017788050851715993,148
Gad1-F-600643,399,217,182,2680,217,182,0.010011676508560347,0.0001393808785177827,3.961139904242579e-05,0.020049243756595145,336
Gad1-F-600644,399,33,366,2563,33,366,0.0018772141771426127,1.038081362343333e-06,8.837208441716751e-06,0.020049243756595145,352
Gad1-F-600645,808,342,466,4270,342,466,0.0075347918337913145,2.1146447910953977e-05,3.4102532177060564e-05,0.04060097482538566,352
Gad1-F-600646,401,245,156,1502,245,156,0.0005339554706350786,4.973567740699347e-07,8.126291495988964e-05,0.02014974121903422,150
Gad1-F-600647,44,24,20,244,24,20,0.00011662036744909772,1.4235316981701061e-07,1.665947977803883e-05,0.002210944173659615,42
Gad1-F-600648,305,155,150,1228,155,150,0.0011561446111846064,1.190036172321581e-05,1.752078541793853e-05,0.015325863021958696,205
Gad1-F-600649,161,94,67,768,94,67,0.0006725209499573808,1.3534055733802776e-06,3.7960918400394805e-05,0.00809004572634541,113
Gad1-F-600650,183,42,141,669,42,141,0.00017609152321677572,1.33653556171445e-07,1.8004870244636914e-05,0.009195517813175217,147
Gad1-F-600651,23,13,10,95,13,10,4.160087377532704e-05,2.6706176159568455e-08,1.3320888519113727e-05,0.0011557208180493442,23
Gad1-F-600653,42,34,8,128,34,8,0.0001190536091724716,4.400774565568415e-08,1.0930468517678649e-05,0.002110446711220542,41
Gad1-F-600654,283,78,205,1283,78,205,0.0003621931699810207,5.048605655970996e-07,2.9295794064571302e-05,0.014220390935128889,150
Gad1-F-600655,574,220,354,2919,220,354,0.0032333072140314427,2.99233030845118e-05,2.874839876844696e-05,0.02884277172001407,231
Gad1-F-600656,272,106,166,1224,106,166,0.0003728681337516065,3.6646566285449733e-07,5.35911743052436e-05,0.013667654891713983,148
Gad1-F-600657,656,373,283,10961,373,283,0.00522433893713293,0.011150217780505095,7.123286326058937e-05,0.03296316768001608,348
Gad1-F-600658,165,91,74,777,91,74,0.0006885568542162182,6.5475949195340395e-06,1.1731552070125861e-05,0.008291040651223557,129
Gad1-F-600659,165,36,129,923,36,129,0.00019623912313876559,9.962560606948944e-08,2.0925586086613185e-05,0.008291040651223557,109
Gad1-F-600660,97,32,65,432,32,65,0.0003298054396426662,4.249294361953056e-06,9.82541395741267e-06,0.004874126928295061,83
Gad1-F-600661,45,15,30,134,15,30,5.5924306416129864e-05,7.424159514652743e-08,9.831202287426242e-06,0.0022611929048791516,43
Gad1-F-600662,658,361,297,9531,361,297,0.005142763307027914,0.006097562774361204,0.00010584510416616675,0.03306366514245515,348
Gad1-F-600664,656,197,459,6908,197,459,0.0013557001688304976,2.639656217114153e-05,2.8919011489387745e-05,0.03296316768001608,205
Gad1-F-600665,180,144,36,656,144,36,0.00036710422905575905,3.4217267105426427e-07,3.3482714521904984e-05,0.009044771619516606,137
Gad1-F-600666,157,102,55,604,102,55,0.0003184673000963714,7.996739676964855e-07,2.909161362996245e-05,0.007889050801467262,133
Gad1-F-600667,220,115,105,1650,115,105,0.00041942017777852453,1.284737337698355e-06,6.007694621908392e-05,0.011054720868298076,106
Gad1-F-600668,299,201,98,1637,201,98,0.0006651652346137814,1.0839477564980686e-06,0.00014858288484802156,0.015024370634641475,150
Gad1-F-600669,161,61,100,891,61,100,0.00014880391180037663,2.097425693560071e-07,2.1416820160119713e-05,0.00809004572634541,89
Gad1-F-600671,487,255,232,2565,255,232,0.010723334266988809,1.581505955432696e-05,4.2219946296606426e-05,0.024471132103914377,340
Gad1-F-600672,414,213,201,2775,213,201,0.010381787044762596,0.00010535553698425828,3.44275860036284e-05,0.020802974724888196,349
Gad1-F-600673,806,74,732,6465,74,732,0.0017191592463225531,1.5457965639247072e-06,1.4742662438005096e-05,0.04050047736294658,352
Gad1-F-600674,546,215,331,7514,215,331,0.0034001622120603337,0.001509507660486445,3.012537474085988e-05,0.02743580724586704,348
Gad1-F-600675,504,184,320,2939,184,320,0.0031322557701443004,3.932246267389469e-05,2.4556905387260874e-05,0.0253253605346465,352
Gad1-F-600676,490,178,312,5719,178,312,0.0015806997866250026,2.0147346708872124e-05,2.1579291697538826e-05,0.024621878297572987,310
Gad1-F-600677,57,6,51,575,6,51,6.261132187719374e-05,5.698873798864696e-08,7.767303967369216e-06,0.0028641776795135924,57
Gad1-F-600678,161,75,86,791,75,86,0.0005558985122691427,9.681832281469975e-06,1.687600807599315e-05,0.00809004572634541,121
Gad1-F-600679,411,239,172,3065,239,172,0.012508618659187086,8.18718306657551e-05,4.587340496523656e-05,0.020652228531229586,348
Gad1-F-600680,209,90,119,808,90,119,0.0010861593876373451,1.4881271465940927e-05,2.4417866509667438e-05,0.010501984824883171,141
Gad1-F-600681,196,109,87,1261,109,87,0.0003355643203664463,3.301678707338865e-07,7.614240297120112e-05,0.009848751319029195,99
Gad1-F-600682,79,70,9,304,70,9,0.0009710864749252121,3.708114075637358e-06,3.172949821830367e-05,0.0039696497663434,74
Gad1-F-600683,176,69,107,782,69,107,0.0002392751006045314,2.3722537066507923e-07,3.69955293822926e-05,0.00884377669463846,138
Gad1-F-600684,503,411,92,2744,411,92,0.0053753543202670435,0.0021901928194362676,6.910319511252037e-05,0.025275111803426963,341
Gad1-F-600685,872,57,815,7692,57,815,0.0019721759222433625,1.2037456861130185e-06,1.0747184514686037e-05,0.04381689362343601,352
Gad1-F-600686,186,87,99,793,87,99,0.0007688076899720476,1.845558258808004e-05,1.5699759388940632e-05,0.009346264006833827,122
Gad1-F-600687,295,136,159,1057,136,159,0.0005167423726579115,4.0179835983514954e-07,5.0805684100428024e-05,0.014823375709763328,150
Gad1-F-600689,126,87,39,466,87,39,0.0002986601243194853,1.336538782072765e-07,3.7213585551275576e-05,0.006331340133661625,105
Gad1-F-600690,101,86,15,722,86,15,0.0003967433197112713,6.295052562222706e-07,3.879199913978192e-05,0.005075121853173208,85
Gad1-F-600691,141,24,117,753,24,117,0.0004066747375430983,4.177083760020562e-05,2.354056823224278e-05,0.007085071101954676,140
Gad1-F-600692,432,220,212,2715,220,212,0.010708282296988154,3.2382599344267124e-05,2.958717928015073e-05,0.021707451886839858,352
Gad1-F-600693,128,76,52,455,76,52,0.0008142973709489555,5.840677206468504e-06,1.9951521196675383e-05,0.0064318375961006985,113
Gad1-F-600694,86,48,38,274,48,38,9.669258708923392e-05,6.66197541090633e-08,2.2950250435854473e-05,0.004321390884880157,68
Gad1-F-600695,202,92,110,1295,92,110,0.00029025712439321587,3.637119504734345e-07,3.376029731556453e-05,0.010150243706346415,135
Gad1-F-600696,278,140,138,1306,140,138,0.0015356749439271807,1.3038534891618026e-05,2.527488041777856e-05,0.013969147279031204,153
Gad1-F-600698,41,39,2,148,39,2,0.00014248293610688063,8.133677314670504e-08,1.5902325368892915e-05,0.002060197980001005,40
Gad1-F-600699,195,79,116,799,79,116,0.00017862663177855136,2.970544165325058e-07,3.551088332994521e-05,0.009798502587809657,138
Gad1-F-600702,26,16,10,77,16,10,2.5118112892013597e-05,1.7788235185595932e-08,1.3193685068359104e-05,0.0013064670117079544,23
Gad1-F-600703,250,77,173,1087,77,173,0.00038010448352744945,1.6910283703144813e-06,1.1081943374655965e-05,0.012562182804884177,197
Gad1-F-600704,244,129,115,1236,129,115,0.001813138673756712,0.0007788984418592541,1.4857087318223666e-05,0.012260690417566956,221
Gad1-F-600705,325,33,292,1509,33,292,0.0005703635680876486,1.146644751759958e-06,2.1200530059386608e-05,0.01633083764634943,202
Gad1-F-600706,125,76,49,478,76,49,0.0006203428060645611,7.244703692135493e-07,2.8993184696956668e-05,0.006281091402442088,97
Gad1-F-600707,61,39,22,335,39,22,0.00032034402566860463,8.771508935891771e-07,1.1554623467509733e-05,0.003065172604391739,57
Gad1-F-600708,50,28,22,141,28,22,0.00012429493503437458,2.8260602792141347e-08,1.615121068721641e-05,0.002512436560976835,49
Gad1-F-600709,425,187,238,2356,187,238,0.00780846254910937,3.193640925554104e-05,2.5726476943639978e-05,0.0213557107683031,347
Gad1-F-600711,217,97,120,1253,97,120,0.00039949401935705477,5.447585922990628e-07,3.7505869960788535e-05,0.010903974674639466,138
Gad1-F-600712,369,213,156,2446,213,156,0.0034608786096746616,3.452451376074383e-05,0.00010395989509153403,0.018541781820009044,266
Gad1-F-600713,189,182,7,556,182,7,0.005581057214176676,4.641741617722409e-06,1.848174867039449e-05,0.009497010200492437,186
Gad1-F-600714,447,309,138,1974,309,138,0.010445163596015623,1.4015948418485175e-05,2.6588853437626657e-05,0.02246118285513291,352
Gad1-F-600715,63,29,34,186,29,34,0.0001005739811601552,1.295061792874241e-07,1.0432089825737456e-05,0.0031656700668308124,58
Gad1-F-600716,27,2,25,80,2,25,5.088027301249018e-08,7.364024664264906e-13,7.611562058433807e-06,0.001356715742927491,26
Gad1-F-600717,18,10,8,50,10,8,1.0321122335144214e-05,1.1947046708710222e-09,1.61971275982189e-05,0.0009044771619516607,18
Gad1-F-600718,32,22,10,66,22,10,0.00012015605302653616,4.86099603022601e-08,1.331841636931359e-05,0.0016079593990251746,30
Gad1-F-600719,326,69,257,2107,69,257,0.0003856779102272663,1.9773953909592592e-06,1.109571581289815e-05,0.016381086377568965,202
Gad1-F-600720,62,22,40,236,22,40,0.00024540075733506624,9.648166558321942e-07,9.713333896356617e-06,0.003115421335611276,58
Gad1-F-600721,298,171,127,2010,171,127,0.000594299887623684,8.595903231882787e-07,0.00010915845753171396,0.014974121903421938,145
Gad1-F-600723,34,25,9,123,25,9,0.00013498553173399517,7.342755771772615e-08,1.2100991285530507e-05,0.001708456861464248,34
Gad1-F-600724,123,71,52,778,71,52,0.00022512005926283684,4.028270735238343e-07,3.640607990427863e-05,0.0061805939400030145,99
Gad1-F-600725,57,45,12,164,45,12,0.00016513335382752317,2.1500944152697835e-07,1.9596160426638333e-05,0.0028641776795135924,57
Gad1-F-600726,62,47,15,194,47,15,0.00020207022443778918,6.8304910850467e-08,2.4503863817420147e-05,0.003115421335611276,58
Gad1-F-600727,84,47,37,260,47,37,0.0004305209132459095,9.079329345992136e-07,9.462695048805425e-06,0.004220893422441084,83
Gad1-F-600728,81,65,16,306,65,16,0.0007034569720808378,1.9200891068824035e-06,1.869379779517867e-05,0.0040701472287824735,80
Gad1-F-600730,33,19,14,78,19,14,3.597099217611522e-05,6.052294476406856e-09,9.877968862957558e-06,0.0016582081302447113,33
Gad1-F-600732,40,26,14,101,26,14,0.00011646312588099665,5.259557836374863e-08,1.1368919102828127e-05,0.002009949248781468,40
Gad1-F-600733,26,13,13,68,13,13,4.1659391579044725e-05,1.1845946378159563e-08,1.029732299318962e-05,0.0013064670117079544,23
Gad1-F-600734,56,25,31,205,25,31,5.757430226800672e-05,6.863631529463551e-08,1.0486516282627163e-05,0.0028139289482940555,53
Gad1-F-600735,11,5,6,30,5,6,1.919495723690614e-05,6.470030301904902e-08,8.171763674628136e-06,0.0005527360434149038,11
Gad1-F-600736,185,104,81,948,104,81,0.0004602077936788479,8.418348293043841e-07,3.0624962570746035e-05,0.009296015275614291,115
Gad1-F-600737,29,1,28,52,1,28,2.1912473957897423e-08,4.124344623393647e-13,7.577501009115451e-06,0.0014572132053665644,29
Gad1-F-600738,113,72,41,413,72,41,0.001515931345585414,7.55553106484613e-05,1.2909723369729245e-05,0.0056781066278076475,111
Gad1-F-600739,52,40,12,164,40,12,0.00020075828577776836,9.48860652882902e-08,1.4228338724242028e-05,0.002612934023415909,52
Gad1-F-700000,78,43,35,363,43,35,0.0003935221135635957,4.25095633392894e-06,1.710834931650145e-05,0.003919401035123863,78
Gad1-F-700001,247,243,4,737,243,4,0.002574619656988523,2.0386412852467793e-05,3.362892848796036e-05,0.012411436611225566,147
Gad1-F-700002,137,69,68,446,69,68,0.0008442546196680448,6.214941715591187e-06,1.1559898281539537e-05,0.006884076177076529,137
Gad1-F-700003,271,138,133,1258,138,133,0.000799446954002576,4.843901393533362e-06,2.6446343161244016e-05,0.013617406160494448,186
Gad1-F-700004,155,104,51,518,104,51,0.001989211088714158,3.186922896885807e-05,1.3845599120143749e-05,0.007788553339028189,150
Gad1-F-700005,1273,683,590,6879,683,590,0.015474594122099049,1.2759857053450263e-05,5.448143716420312e-05,0.06396663484247023,352
Gad1-F-700006,101,53,48,269,53,48,0.00021847000584394554,2.6516752701540394e-07,9.708536450691505e-06,0.005075121853173208,100
Gad1-F-700007,256,39,217,701,39,217,0.00027139757115535895,8.337062839745447e-07,8.701627943823159e-06,0.012863675192201397,146
Gad1-F-700008,152,136,16,546,136,16,0.001767510036156878,1.1041112853855577e-05,1.6499705706849917e-05,0.007637807145369579,131
Gad1-F-700009,283,40,243,841,40,243,0.0004400568466174049,1.0747776450417462e-06,9.538355826706737e-06,0.014220390935128889,146
Gad1-F-700010,166,54,112,488,54,112,0.0003735661866278072,9.867961084790584e-06,1.0106966456995807e-05,0.008341289382443093,147
Gad1-F-700011,130,23,107,300,23,107,8.053534600827364e-05,1.1228236268968844e-07,7.971557026468888e-06,0.006532335058539772,110
Gad1-F-700012,835,197,638,4979,197,638,0.010499083815623025,3.545769678552405e-05,3.065498925456642e-05,0.04195769056831315,352
Gad1-F-700013,91,43,48,372,43,48,0.00018121857038848658,3.9517841295540645e-07,2.276088906502628e-05,0.0045726345409778405,82
Gad1-F-700014,51,25,26,139,25,26,0.0007641730243835173,1.3769969057706719e-05,9.392806600653405e-06,0.002562685292196372,51
Gad1-F-700015,130,52,78,631,52,78,0.00030016558597459206,6.205225453479756e-07,1.4265042072029293e-05,0.006532335058539772,98
Gad1-F-700017,118,50,68,316,50,68,0.0007463006660826923,1.5501966361159307e-06,9.771407135627238e-06,0.0059293502839053314,109
Gad1-F-700018,223,86,137,936,86,137,0.00035345011267389934,3.1925223031851387e-07,6.261397599618373e-05,0.011205467061956685,148
Gad1-F-700019,388,169,219,1920,169,219,0.003968115177314932,7.164641116263148e-06,3.452519784683476e-05,0.019496507713180244,259
Gad1-F-700020,156,56,100,416,56,100,0.0008759889661824486,2.1641436933797263e-06,1.0094187601834307e-05,0.007838802070247727,145
Gad1-F-700021,176,122,54,914,122,54,0.0009821360950889675,4.611276130825495e-05,3.28857983796727e-05,0.00884377669463846,164
Gad1-F-700022,104,72,32,335,72,32,0.00014699034298871073,1.289259592398723e-07,2.5783349315519856e-05,0.005225868046831818,76
Gad1-F-700023,62,16,46,173,16,46,0.00010273413524363597,3.3170421557075766e-08,9.496004051741673e-06,0.003115421335611276,62
Gad1-F-700024,400,245,155,2818,245,155,0.01171068277061687,0.00016759576622632375,3.7544261496296024e-05,0.02009949248781468,348
Gad1-F-700026,80,56,24,201,56,24,0.0006838648331518246,7.1481081051351825e-06,1.009197431482076e-05,0.004019898497562936,80
Gad1-F-700027,198,100,98,968,100,98,0.00031761374285370114,8.620203771617909e-07,1.9581119971375866e-05,0.009949248781468268,145
Gad1-F-700028,40,31,9,198,31,9,0.00014071550136829638,5.164322611213633e-08,1.6389800402748276e-05,0.002009949248781468,40
Gad1-F-700029,226,90,136,961,90,136,0.0010543606855771485,8.156022532472398e-06,2.117325923207586e-05,0.011356213255615295,135
Gad1-F-700030,131,79,52,345,79,52,0.0013757088029451004,2.7186423190032848e-06,1.5036864269694426e-05,0.006582583789759309,126
Gad1-F-700031,128,63,65,451,63,65,0.0005955235779324307,1.2066148085395672e-05,1.0294417608799661e-05,0.0064318375961006985,124
Gad1-F-700032,419,187,232,2192,187,232,0.0023735597604028717,2.8762363350315452e-05,2.2259136317242018e-05,0.02105421838098588,229
Gad1-F-700033,176,55,121,621,55,121,0.000466707227733231,9.438026164281969e-06,1.2174974858560273e-05,0.00884377669463846,160
Gad1-F-700034,480,172,308,2383,172,308,0.003730353462908709,5.300459430604796e-05,2.0927906272133674e-05,0.02411939098537762,296
Gad1-F-700036,97,16,81,528,16,81,0.00019410917250884427,1.7719930201783127e-06,1.2373278542476934e-05,0.004874126928295061,86
Gad1-F-700037,45,44,1,99,44,1,0.0010248678182359092,8.437225007197152e-06,1.3526658842164358e-05,0.0022611929048791516,45
Gad1-F-700038,250,242,8,1469,242,8,0.006899752675887299,2.175672851069987e-05,3.230799477982719e-05,0.012562182804884177,237
Gad1-F-700039,879,121,758,7586,121,758,0.0019324452606534076,7.847616416710713e-06,1.7798646978390673e-05,0.044168634741972766,352
Gad1-F-700042,195,29,166,677,29,166,0.0006644382864513348,2.2850882713255595e-06,1.1034528202908713e-05,0.009798502587809657,192
Gad1-F-700043,364,179,185,3248,179,185,0.002681051664502333,0.0026681196385181798,4.9008977900178554e-05,0.018290538163911362,335
Gad1-F-700044,151,101,50,542,101,50,0.00043627547242271246,2.3743744556785715e-06,1.316350741029601e-05,0.007587558414150043,122
Gad1-F-700046,80,63,17,175,63,17,0.0005495429832095466,5.16602306124448e-07,8.9260929403544e-06,0.004019898497562936,80
Gad1-F-700047,460,398,62,1676,398,62,0.009035915181122949,1.859419100874439e-05,3.6733432803762246e-05,0.023114416360986885,337
Gad1-F-700050,463,62,401,2297,62,401,0.0009790911635167753,1.445764355456251e-06,1.4112277570990023e-05,0.023265162554645495,186
Gad1-F-700051,340,6,334,1028,6,334,2.4276650079320706e-05,1.5942505666092238e-08,7.647778016564854e-06,0.01708456861464248,163
Gad1-F-700052,65,34,31,328,34,31,0.0003144646683462038,5.177569966392383e-07,1.0301289153487031e-05,0.003266167529269886,65
Gad1-F-700053,375,114,261,2937,114,261,0.002191661406458023,9.359639501449855e-06,3.257610376058242e-05,0.018843274207326264,280
Gad1-F-700055,47,1,46,615,1,46,2.506403650876593e-05,3.100895187449253e-08,9.945339939210521e-06,0.0023616903673182254,45
Gad1-F-700056,382,138,244,3534,138,244,0.003147076809958135,2.7715417402943516e-05,3.429550102252489e-05,0.019195015325863023,235
Gad1-F-700057,583,232,351,3161,232,351,0.004176270923266461,1.3524107135414626e-05,1.8980892224317023e-05,0.0292950103009899,352
Gad1-F-700058,495,135,360,3456,135,360,0.01007946802649807,9.321895388805513e-06,2.5907358625086605e-05,0.024873121953670668,352
Gad1-F-700059,196,155,41,606,155,41,0.0037959160102957793,8.788258917674592e-06,2.049867009303666e-05,0.009848751319029195,159
Gad1-F-700060,534,171,363,4405,171,363,0.0015888179060373421,0.00017758950619670453,0.00011077498854914458,0.0268328224712326,232
Gad1-F-700061,433,244,189,3077,244,189,0.011118590672707755,6.217651679092915e-05,3.8679776781489764e-05,0.021757700618059393,352
Gad1-F-700062,404,214,190,3093,214,190,0.01232875291207552,6.007653633124049e-05,4.120537882817542e-05,0.02030048741269283,337
Gad1-F-700063,411,239,172,2754,239,172,0.0078107269814949015,7.716862138389375e-06,2.064986537817758e-05,0.020652228531229586,335
Gad1-F-700064,881,96,785,8326,96,785,0.0060188998714528355,4.8980620268649314e-06,1.8904275287183457e-05,0.04426913220441184,352
Gad1-F-700065,145,23,122,515,23,122,6.924773335991233e-05,1.3383613723013922e-07,8.29720181767243e-06,0.007286066026832822,138
Gad1-F-700066,665,141,524,5137,141,524,0.0034870803593238047,3.445891114384583e-05,1.9370359464878032e-05,0.03341540626099191,224
Gad1-F-700067,125,54,71,420,54,71,0.001720920179037388,1.1430873168211376e-05,1.4303929290018321e-05,0.006281091402442088,122
Gad1-F-700068,534,341,193,4118,341,193,0.014186278273621436,1.7538757372461862e-05,3.685391684075595e-05,0.0268328224712326,352
Gad1-F-700069,271,171,100,1402,171,100,0.003802584329995877,4.258679220557868e-06,1.8864393902091796e-05,0.013617406160494448,227
Gad1-F-700070,421,209,212,3343,209,212,0.012054657870668924,5.1549164078891035e-05,3.506925957636954e-05,0.021154715843424952,352
Gad1-F-700071,393,135,258,1939,135,258,0.0008087617036218564,3.4151872769542385e-06,1.6270935929496087e-05,0.019747751369277925,211
Gad1-F-700072,533,210,323,3078,210,323,0.0033772119214432557,1.2862144970905323e-05,1.705462113997108e-05,0.026782573740013065,352
Gad1-F-700073,125,97,28,406,97,28,0.002827813864134739,5.968196683368927e-05,1.5642449888837966e-05,0.006281091402442088,122
Gad1-F-700074,1871,1714,157,21046,1714,157,0.03764213482599149,0.00013670570036812196,0.0002479917991737454,0.09401537611175317,352
Gad1-F-700076,389,73,316,1900,73,316,0.0009199464469675664,5.670423583844905e-06,1.0720205390000931e-05,0.01954675644439978,211
Gad1-F-700077,1222,1184,38,5903,1184,38,0.031206207352650468,6.695306700124972e-05,0.0001082949103757513,0.061403949550273854,352
Gad1-F-700079,282,258,24,936,258,24,0.0033217246153805806,1.8663241834518655e-05,4.833778869736584e-05,0.014170142203909351,182
Gad1-F-700080,260,181,79,1248,181,79,0.0032652360681494938,2.157987434492025e-06,1.866732842146917e-05,0.013064670117079544,234
Gad1-F-700081,572,176,396,4758,176,396,0.005146398111453691,1.4186052081063098e-05,2.3891598368046906e-05,0.028742274257574998,352
Gad1-F-700082,392,170,222,2489,170,222,0.0012851654847790257,2.5076534815891797e-05,3.468346330882133e-05,0.01969750263805839,186
Gad1-F-700083,32,19,13,136,19,13,5.474670860355799e-05,1.3786763358355003e-08,1.566284921298257e-05,0.0016079593990251746,31
Gad1-F-700084,898,237,661,8311,237,661,0.0016984248492593918,2.574430451193429e-05,4.447247147879297e-05,0.04512336063514396,223
Gad1-F-700086,980,772,208,26633,772,208,0.00966681179730355,0.02901529456628296,0.0006238111103468309,0.049243756595145974,348
Gad1-F-700087,398,205,193,3186,205,193,0.010228043470167853,0.00014087138479773335,3.422880686217505e-05,0.01999899502537561,349
Gad1-F-700088,313,181,132,1330,181,132,0.0030546056899183765,4.637306673512251e-05,2.5119837532342058e-05,0.01572785287171499,211
Gad1-F-700089,188,18,170,793,18,170,8.958207807044262e-05,1.5492146137137504e-08,1.0737736288544537e-05,0.009446761469272901,138
Gad1-F-700090,316,166,150,2031,166,150,0.0007719402184182952,5.556756379851908e-06,3.8725267461076865e-05,0.0158785990653736,148
Gad1-F-700092,231,205,26,1294,205,26,0.003975394299563806,8.077534159591945e-05,3.2361472061346045e-05,0.01160745691171298,167
Gad1-F-700093,203,54,149,920,54,149,0.00039534457867987783,1.7632410354911008e-06,1.004005384159254e-05,0.01020049243756595,165
Gad1-F-700094,385,60,325,2008,60,325,0.0015775387315370344,1.4145807878051441e-05,1.0904529175280905e-05,0.019345761519521634,333
Gad1-F-700095,502,166,336,2951,166,336,0.009217505286478344,1.6367483293412832e-05,2.570027365667401e-05,0.025224863072207428,352
Gad1-F-700096,154,69,85,794,69,85,0.00031652450131773406,4.077798637188606e-07,1.891048855079012e-05,0.007738304607808653,108
Gad1-F-700098,178,17,161,985,17,161,0.000325518546901663,3.1867026536311375e-07,8.590084690982543e-06,0.008944274157077534,136
Gad1-F-700099,474,79,395,2567,79,395,0.00044125054710247104,1.687016716267416e-06,1.668808418778102e-05,0.0238178985980604,182
Gad1-F-700100,354,123,231,2223,123,231,0.0007370885791625096,9.294417567665403e-06,1.8454983901654537e-05,0.017788050851715993,211
Gad1-F-700101,127,72,55,1495,72,55,0.0001926265254464764,3.675403927249563e-05,5.211998846533909e-05,0.006381588864881162,94
Gad1-F-700102,321,173,148,1525,173,148,0.0012728874344808698,3.343772506442245e-05,3.3518738273270303e-05,0.016129842721471284,186
Gad1-F-700103,755,60,695,4166,60,695,0.001778529244840184,5.50826112727207e-07,1.1038183477004035e-05,0.037937792070750216,352
Gad1-F-700104,427,121,306,2348,121,306,0.0006653615808117761,5.397834308776136e-06,1.5908314092297253e-05,0.021456208230742173,205
Gad1-F-700105,578,412,166,4426,412,166,0.00491608552198941,0.0030820066739523566,8.589891737989748e-05,0.029043766644892218,348
Gad1-F-700107,402,153,249,2411,153,249,0.004103638410852007,1.1301663501146079e-05,1.808820715287803e-05,0.020199989950253756,352
Gad1-F-700109,408,225,183,3174,225,183,0.01088015187712224,6.423349164113265e-05,3.8288640672769146e-05,0.020501482337570976,352
Gad1-F-700110,1145,181,964,6544,181,964,0.008577494498336042,3.656708278208205e-05,3.1228676558664865e-05,0.05753479724636953,352
Gad1-F-700111,131,47,84,656,47,84,0.0003820151306891806,1.1972005274427774e-06,1.6539343173638922e-05,0.006582583789759309,81
Gad1-F-700112,810,102,708,8355,102,708,0.0029753778215667543,3.9287323119636365e-06,1.5299278217719988e-05,0.04070147228782473,352
Gad1-F-700113,487,104,383,3428,104,383,0.007600968410059454,5.985787278824378e-06,1.964238469555804e-05,0.024471132103914377,352
Gad1-F-700114,120,49,71,416,49,71,0.0003127108915170951,3.3036755750354143e-06,9.09221437762628e-06,0.006029847746344405,117
Gad1-F-700115,304,108,196,1992,108,196,0.0015752979584598924,3.172525633300525e-06,2.0797439382429353e-05,0.015275614290739158,233
Gad1-F-700116,391,203,188,3149,203,188,0.010789265116464823,8.120188092270234e-05,3.819587363040759e-05,0.019647253906838854,348
Gad1-F-700117,408,292,116,1358,292,116,0.004087357202670865,2.119544189841204e-05,3.922175612012886e-05,0.020501482337570976,293
Gad1-F-700118,199,94,105,712,94,105,0.0016575899888772692,1.5522864637049022e-05,1.815026692539535e-05,0.009999497512687805,143
Gad1-F-700120,553,440,113,3190,440,113,0.004016652141013448,6.721506765545811e-05,6.226759559502574e-05,0.027787548364403798,223
Gad1-F-700121,234,96,138,994,96,138,0.001098874479095933,1.3449135609457333e-05,1.6619057391915667e-05,0.01175820310537159,181
Gad1-F-700122,115,86,29,609,86,29,0.0006349205289443279,1.3673573238742577e-05,0.00012428490524778044,0.005778604090246721,75
Gad1-F-700123,220,61,159,912,61,159,0.0055844524744233645,1.9961611105338694e-06,1.1745327457066102e-05,0.011054720868298076,217
Gad1-F-700124,485,147,338,3273,147,338,0.003125432742661421,1.6103403972960784e-05,2.4832973691237974e-05,0.024370634641475302,352
Gad1-F-700125,452,442,10,1480,442,10,0.012014719735867548,1.8978156884565506e-05,3.429207149805774e-05,0.02271242651123059,352
Gad1-F-700126,322,185,137,1452,185,137,0.010161507694077256,2.119479351198903e-05,2.1396951893692412e-05,0.01618009145269082,317
Gad1-F-700127,548,182,366,2624,182,366,0.011246339200665702,2.197036095976635e-05,2.4566494123223107e-05,0.027536304708306116,352
Gad1-F-700128,1441,710,731,11774,710,731,0.0148710497787842,3.310089618180607e-05,8.731330219738549e-05,0.0724084216873524,352
Gad1-F-700129,475,247,228,2745,247,228,0.009784330865742676,3.8881255589070154e-05,3.883673905235401e-05,0.023868147329279936,352
Gad1-F-700130,1481,1290,191,7476,1290,191,0.028355140318250375,4.666235259521517e-05,9.421704456688456e-05,0.07441837093613386,352
Gad1-F-700132,704,628,76,6775,628,76,0.013278466017986603,3.330115662578902e-05,8.306121515898827e-05,0.03537510677855384,352
Gad1-F-700133,410,241,169,3019,241,169,0.013788928896528767,7.0644782651643e-05,4.368993764273481e-05,0.02060197980001005,352
Gad1-F-700134,204,85,119,1022,85,119,0.0006435286527097475,9.823560976078887e-06,1.2593696504435164e-05,0.010250741168785488,201
Gad1-F-700135,138,26,112,745,26,112,0.00024357981944638247,5.133506278706266e-07,1.0242080378132337e-05,0.0069343249082960655,122
Gad1-F-700136,661,90,571,2960,90,571,0.0010997330345237969,2.000853588561095e-06,1.0254616199569514e-05,0.03321441133611376,352
Gad1-F-700137,662,205,457,3496,205,457,0.010228654530465956,6.638861570186592e-05,3.458462340491648e-05,0.0332646600673333,352
Gad1-F-700138,415,144,271,2238,144,271,0.0012635192278916652,2.0945070973149833e-05,1.8845296001984174e-05,0.020853223456107732,205
Gad1-F-700139,256,163,93,1554,163,93,0.0012016209294733017,2.3218499096517246e-06,3.601527906501833e-05,0.012863675192201397,210
Gad1-F-700140,243,26,217,1360,26,217,0.001095081775070632,1.2251136385306651e-06,9.130246710298538e-06,0.01221044168634742,218
Gad1-F-700141,596,329,267,6860,329,267,0.005019576413917456,0.005259752866075429,4.154050609364624e-05,0.029948243806843876,348
Gad1-F-700142,406,160,246,2502,160,246,0.0041145263661696635,1.4059266036045678e-05,2.261615066426962e-05,0.0204009848751319,352
Gad1-F-700144,653,54,599,4372,54,599,0.0024933218873877602,1.633648515610403e-06,1.2604506092852115e-05,0.03281242148635747,352
Gad1-F-700145,148,101,47,645,101,47,0.0008578468036524127,8.798206077979098e-06,2.0790489521161985e-05,0.0074368122204914325,123
Gad1-F-700146,241,194,47,922,194,47,0.00023231441330685146,6.790471711506142e-08,6.0792617709749735e-05,0.012109944223908346,150
Gad1-F-700147,258,95,163,1323,95,163,0.0003279623764921148,4.237447524555653e-07,7.032065450011202e-05,0.01296417265464047,148
Gad1-F-700148,366,188,178,2967,188,178,0.009498614391277832,5.7357617114881006e-05,3.2341285362730313e-05,0.018391035626350433,346
Gad1-F-700149,118,43,75,625,43,75,0.00030157972119443626,3.8461266923305873e-07,1.4857267668321593e-05,0.0059293502839053314,95
Gad1-F-700150,275,255,20,1110,255,20,0.0012241882223357826,1.153643426599171e-05,2.972776630281001e-05,0.013818401085372594,191
Gad1-F-700151,261,48,213,992,48,213,0.0002961655733276316,6.082972284242016e-07,9.327884706120857e-06,0.01311491884829908,202
Gad1-F-700152,722,440,282,3103,440,282,0.005554334508588426,5.196322930378151e-05,6.031508462667249e-05,0.036279583940505504,263
Gad1-F-700153,179,132,47,816,132,47,0.00037803418187966993,3.878217938060329e-07,2.885279179242333e-05,0.008994522888297071,140
Gad1-F-700154,430,252,178,3165,252,178,0.013856554572045066,0.00013410855405656007,5.1174693283659866e-05,0.021606954424400783,352
Gad1-F-700155,425,218,207,3443,218,207,0.012482943902134624,5.3908955827492993e-05,4.790388649750113e-05,0.0213557107683031,352
Gad1-F-700156,437,159,278,3152,159,278,0.003288534444678723,1.4974336344767751e-05,2.4381085036762716e-05,0.021958695542937542,352
Gad1-F-700158,92,52,40,382,52,40,0.00038364375066345574,1.0343378956015706e-06,1.4593585257405843e-05,0.004622883272197377,87
Gad1-F-700159,650,159,491,3620,159,491,0.008597055140328155,5.1829920840030104e-05,2.4551012423042778e-05,0.03266167529269886,352
Gad1-F-700160,234,132,102,1457,132,102,0.0004604233774200085,9.37208155077411e-07,6.183084576128013e-05,0.01175820310537159,138
Gad1-F-700161,359,203,156,2846,203,156,0.012802425675377819,5.4450509360348844e-05,3.818279543395531e-05,0.018039294507813677,341
Gad1-F-700162,573,280,293,6667,280,293,0.004113580444065947,0.005386728670513037,3.841236543865839e-05,0.028792522988794533,348
Gad1-F-700164,375,94,281,1688,94,281,0.001655035706753877,7.926509507609045e-07,9.874292092323806e-06,0.018843274207326264,340
Gad1-F-700165,292,195,97,1353,195,97,0.004015708724244176,1.252226687184599e-05,3.2541294002253456e-05,0.014672629516104718,205
Gad1-F-700167,548,270,278,4825,270,278,0.0038769182645872926,0.0037958301652572255,2.9748088564152943e-05,0.027536304708306116,348
Gad1-F-700168,79,33,46,579,33,46,0.00024179892052271704,5.870414077016223e-07,1.1668788451765654e-05,0.0039696497663434,71
Gad1-F-700169,256,78,178,1262,78,178,0.004483991485617625,2.5178880431044176e-05,1.554951417215631e-05,0.012863675192201397,237
Gad1-F-700170,454,23,431,1507,23,431,0.00017825067150907726,9.263001108995384e-07,9.850496323722678e-06,0.022812923973669665,311
Gad1-F-700171,258,221,37,1633,221,37,0.00201607671468057,1.274243197588611e-05,3.144928275992133e-05,0.01296417265464047,213
Gad1-F-700173,86,83,3,204,83,3,0.002536450819942931,2.928738468314132e-06,1.0813935247521217e-05,0.004321390884880157,86
Gad1-F-700174,501,244,257,3203,244,257,0.011677177484153636,5.886805904779825e-05,3.429999887064483e-05,0.02517461434098789,352
Gad1-F-700175,323,104,219,1226,104,219,0.0011227667038643482,5.544318740273121e-07,1.5055438429153819e-05,0.016230340183910355,241
Gad1-F-700176,373,189,184,2520,189,184,0.010009315868498637,0.00018144718213327463,3.903689896722502e-05,0.018742776744887193,331
Gad1-F-700177,449,250,199,3507,250,199,0.013656222138059873,7.990340339483161e-05,4.7086811954223416e-05,0.02256168031757198,352
Gad1-F-700178,1119,940,179,6490,940,179,0.02970970088436796,0.00016760164274436893,0.00010019299476910757,0.056228330234661575,352
Gad1-F-700179,21,16,5,75,16,5,0.00024259516462390285,7.765616843952292e-07,9.001847381033364e-06,0.001055223355610271,21
Gad1-F-700180,437,239,198,2785,239,198,0.011337188001931892,0.0001358907519130263,3.7155333365499863e-05,0.021958695542937542,352
Gad1-F-700181,353,177,176,2514,177,176,0.012014999433847548,5.2875233825244924e-05,3.167202169016246e-05,0.017737802120496457,331
Gad1-F-700182,569,191,378,4391,191,378,0.003656953020522151,2.1963802132279563e-05,2.0746036597963217e-05,0.028591528063916388,352
Gad1-F-700183,432,25,407,3420,25,407,0.00024080895913694116,5.173912876688663e-07,1.3757460453430512e-05,0.021707451886839858,169
Gad1-F-700184,617,353,264,4479,353,264,0.004202942007842387,5.852082714274846e-05,5.892770522694202e-05,0.031003467162454147,236
Gad1-F-700185,958,193,765,8530,193,765,0.005329406031145332,3.088995373066723e-05,2.6532917705074157e-05,0.04813828450831616,352
Gad1-F-700186,481,173,308,3285,173,308,0.003161687470277931,1.4531672483552829e-05,2.412030818055646e-05,0.024169639716597156,352
Gad1-F-700187,348,149,199,1506,149,199,0.004871492010031623,6.045655049134233e-05,2.8109039032936288e-05,0.017486558464398776,236
Gad1-F-700188,391,177,214,2876,177,214,0.011283860455081854,5.123543957413427e-05,3.209100837924768e-05,0.019647253906838854,345
Gad1-F-700189,524,185,339,3500,185,339,0.011247973245805459,8.257290956906847e-05,3.650485517337696e-05,0.026330335159037235,352
Gad1-F-700190,363,202,161,2654,202,161,0.012575273091233007,8.769173131668688e-05,3.9379829910458535e-05,0.018240289432691823,343
Gad1-F-700191,564,280,284,2789,280,284,0.005862443115978767,2.7258145074619177e-05,2.0430953240396966e-05,0.028340284407818703,352
Gad1-F-700192,498,172,326,3373,172,326,0.0031503987822762004,1.4305783822438771e-05,2.431842501771311e-05,0.02502386814732928,352
Gad1-F-700193,185,80,105,1118,80,105,0.0004450191101462187,2.2805723278934617e-06,1.2136544170624731e-05,0.009296015275614291,183
Gad1-F-700194,419,278,141,2636,278,141,0.008006668931291632,3.0452130202383677e-05,2.4239537656344843e-05,0.02105421838098588,352
Gad1-F-700195,323,305,18,1528,305,18,0.007559286636009424,1.615721716491867e-05,3.250875911094138e-05,0.016230340183910355,297
Gad1-F-700196,434,192,242,3405,192,242,0.002741979660249496,0.001023483588584096,2.289422251349107e-05,0.021807949349278932,346
Gad1-F-700197,229,166,63,743,166,63,0.0018499081582782327,7.403409350764237e-06,3.427795730524462e-05,0.011506959449273905,206
Gad1-F-700198,356,183,173,2467,183,173,0.008623119547825735,1.5529711188363215e-05,2.6570085436850026e-05,0.017888548314155067,326
Gad1-F-700199,488,203,285,3726,203,285,0.012783111363346675,4.5481850865566833e-05,3.659651941334481e-05,0.024521380835133912,352
Gad1-F-700200,65,6,59,506,6,59,2.152744949890905e-06,1.707353791743982e-09,8.38520333948579e-06,0.003266167529269886,64
Gad1-F-700201,67,59,8,408,59,8,0.0002762266022323273,9.077944966904183e-06,7.722902366653775e-05,0.0033666649917089594,50
Gad1-F-700202,539,186,353,3786,186,353,0.009106378250285204,3.1305803987280166e-05,2.72756907243587e-05,0.027084066127330286,352
Gad1-F-700203,491,169,322,3659,169,322,0.0038143882320589954,2.3992143048057022e-05,2.4122836700553592e-05,0.024672127028792522,352
Gad1-F-700204,1191,1056,135,8759,1056,135,0.03317476569589425,7.397582607474204e-05,0.00014552816208704842,0.05984623888246822,352
Gad1-F-700205,19,1,18,126,1,18,1.804643843620164e-05,1.5806935424721423e-09,7.64851316479284e-06,0.0009547258931711974,19
Gad1-F-700206,354,170,184,2390,170,184,0.009208871778890255,0.00017788859835073063,2.718585462819291e-05,0.017788050851715993,338
Gad1-F-700207,402,234,168,2681,234,168,0.012566087499951636,2.3123654076949465e-05,3.906498035559933e-05,0.020199989950253756,349
Gad1-F-700208,388,252,136,2593,252,136,0.011572154724039396,0.000133913010763246,4.3792023952800325e-05,0.019496507713180244,346
Gad1-F-700211,462,239,223,3069,239,223,0.010267982310057959,9.641737419795112e-05,3.541501770898673e-05,0.02321491382342596,352
Gad1-F-700212,749,438,311,4553,438,311,0.014341985438335024,1.9948665475837596e-05,5.8969687817729995e-05,0.037636299683432996,352
Gad1-F-700213,775,653,122,6951,653,122,0.013500245946346254,2.5674305885328163e-05,8.010979438866359e-05,0.03894276669514095,352
Gad1-F-700214,545,182,363,2765,182,363,0.005251181687704617,5.434464868114506e-06,1.526251913060714e-05,0.027385558514647506,352
Gad1-F-700215,467,53,414,2283,53,414,0.004135920079962853,2.760101946089547e-06,1.362676112213163e-05,0.02346615747952364,352
Gad1-F-700216,176,81,95,951,81,95,0.0006867518917204438,1.0947867882919064e-06,1.5868270547841964e-05,0.00884377669463846,166
Gad1-F-700217,411,216,195,3084,216,195,0.011715028725256323,7.90425833519165e-05,3.847549827574448e-05,0.020652228531229586,352
Gad1-F-700219,131,9,122,811,9,122,0.00021850815724254626,7.07520375737856e-08,8.600544948212788e-06,0.006582583789759309,130
Gad1-F-700220,80,72,8,222,72,8,0.0013742863747496785,3.3761442399749754e-06,1.2364285198441678e-05,0.004019898497562936,79
Gad1-F-700221,383,100,283,2441,100,283,0.0018650896448777175,1.07149074149693e-05,1.7268515665918255e-05,0.01924526405708256,274
Gad1-F-700223,472,250,222,3660,250,222,0.014697957714577192,3.2872277193715436e-05,4.949952597854617e-05,0.023717401135621326,352
Gad1-F-700225,413,221,192,3604,221,192,0.011359815027956249,0.00018858760477291143,3.789340836924722e-05,0.02075272599366866,352
Gad1-F-700226,63,19,44,288,19,44,6.425442793825642e-05,1.0789003513100647e-07,2.504474112233781e-05,0.0031656700668308124,61
Gad1-F-700228,467,151,316,3538,151,316,0.00278320132921943,1.0842832849669815e-05,2.1733333968131636e-05,0.02346615747952364,352
Gad1-F-700229,411,208,203,2901,208,203,0.012767569689826383,3.3743653205219995e-05,3.482677391418989e-05,0.020652228531229586,352
Gad1-F-700230,1019,173,846,11366,173,846,0.0037969207405416402,1.8053606875850915e-05,2.459289992176664e-05,0.051203457112707906,352
Gad1-F-700231,506,184,322,3563,184,322,0.00475475246053122,2.2612469145757317e-05,2.8729421094729987e-05,0.025425857997085573,352
Gad1-F-700232,90,68,22,257,68,22,0.0012231181531819478,2.7287321365394206e-06,1.1653179592451132e-05,0.004522385809758303,88
Gad1-F-700233,786,55,731,5555,55,731,0.004337210417340263,1.3391899013270309e-06,1.1104532258285751e-05,0.03949550273855585,352
Gad1-F-700234,141,66,75,546,66,75,0.0005883293044561857,8.462671796755343e-07,3.462572730429262e-05,0.007085071101954676,118
Gad1-F-700236,280,202,78,1586,202,78,0.00220506355574337,2.272963154495544e-05,0.00013950748269349792,0.014069644741470278,197
Gad1-F-700237,451,290,161,2520,290,161,0.01288559310732888,0.00013002509674445015,4.42194152993884e-05,0.022662177780011054,352
Gad1-F-700238,256,119,137,2176,119,137,0.0006319376710465255,9.8053450533006e-06,1.587294961970744e-05,0.012863675192201397,205
Gad1-F-700239,642,395,247,4381,395,247,0.004968691333871026,0.0017954414634064047,4.279001059107843e-05,0.03225968544294257,348
Gad1-F-700240,667,205,462,3060,205,462,0.003529576071248897,5.995004293325778e-06,1.8810508423161283e-05,0.03351590372343098,352
Gad1-F-700241,428,225,203,3000,225,203,0.01103875326159443,0.00010283323772710825,4.036664145081642e-05,0.021506456961961712,352
Gad1-F-700242,1218,1192,26,10283,1192,26,0.03620073733305119,0.000154928374343789,0.00017417177414038757,0.06120295462539571,352
Gad1-F-700243,316,128,188,1922,128,188,0.0009609974585622402,1.1532899916789278e-05,1.979286072745693e-05,0.0158785990653736,211
Gad1-F-700245,177,65,112,483,65,112,0.00017194182366100922,7.978389707597826e-08,1.7941514420813655e-05,0.008894025425857996,142
Gad1-F-700246,515,215,300,2697,215,300,0.012005485882119587,3.059978503675003e-05,3.7021688014163325e-05,0.025878096578061404,352
Gad1-F-700247,12,7,5,41,7,5,2.641928542101395e-06,2.809441968035388e-10,9.751654155198316e-06,0.0006029847746344405,12
Gad1-F-700248,106,47,59,476,47,59,9.142363126727734e-05,8.0584147885109e-08,1.709357179020863e-05,0.005326365509270891,80
Gad1-F-700249,381,267,114,2919,267,114,0.006371785735442317,0.0003476875450998492,7.837408787362154e-05,0.019144766594643484,217
Gad1-F-700250,343,183,160,1895,183,160,0.000764400790506787,3.4843406295704133e-06,3.921765272932753e-05,0.01723531480830109,186
Gad1-F-700251,411,243,168,2863,243,168,0.011826708573955536,9.854011317387227e-05,3.6390228786894915e-05,0.020652228531229586,352
Gad1-F-700252,678,473,205,7644,473,205,0.005976533365478768,0.008715526346621863,0.0001729829980196541,0.03406863976684589,348
Gad1-F-700253,842,246,596,4970,246,596,0.007518367752891208,3.3687931160061625e-05,7.169289157555468e-05,0.042309431686849905,295
Gad1-F-700254,385,375,10,2531,375,10,0.011380237808535807,3.0161573081233653e-05,5.236104917510905e-05,0.019345761519521634,331
Gad1-F-700255,1194,949,245,12462,949,245,0.01974361957708148,5.361482082880443e-05,0.00012056730603300891,0.05999698507612683,352
Gad1-F-700256,289,48,241,1793,48,241,0.0003610156014844613,9.106773674647859e-07,1.3925147225805848e-05,0.014521883322446109,161
Gad1-F-700257,933,395,538,5756,395,538,0.0057735175873721584,4.573850975740196e-05,0.00014154294110294512,0.04688206622782775,352
Gad1-F-700258,517,144,373,3269,144,373,0.0009252272171022946,8.294484662936987e-06,1.9072149680545054e-05,0.02597859404050048,205
Gad1-F-700259,459,207,252,3195,207,252,0.0013043847841988409,8.154546846724196e-06,3.5528690987764636e-05,0.02306416762976735,206
Gad1-F-700260,323,40,283,1489,40,283,0.0002979061293725766,1.053567426202895e-06,1.1387372435909013e-05,0.016230340183910355,186
Gad1-F-700261,71,61,10,309,61,10,0.00018105788480931461,1.2168919783867482e-07,2.1953257699844697e-05,0.003567659916587106,67
Gad1-F-700262,312,169,143,1769,169,143,0.0007387908168799948,2.871829719015017e-06,3.478262592970417e-05,0.015677604140495453,186
Gad1-F-700263,808,96,712,4023,96,712,0.0013221587686975283,2.9914835459191027e-06,1.198569773728537e-05,0.04060097482538566,352
Gad1-F-700264,423,244,179,2930,244,179,0.012513102641609623,6.002243758729216e-05,4.542384473103169e-05,0.021255213305864027,352
Gad1-F-700265,223,88,135,827,88,135,0.000666658884417846,1.0812986363677409e-06,1.6114579541750475e-05,0.011205467061956685,208
Gad1-F-700266,525,265,260,3276,265,260,0.012102904562995394,9.102893147757664e-05,4.160864124197396e-05,0.02638058389025677,352
Gad1-F-700267,380,222,158,2530,222,158,0.010792947967675675,2.139568621521994e-05,3.8325702138980424e-05,0.01909451786342395,329
Gad1-F-700268,467,200,267,2345,200,267,0.01169382136331667,4.0917747412777585e-05,3.651194232645187e-05,0.02346615747952364,352
Gad1-F-700269,24,14,10,83,14,10,0.0002544878683858296,4.829748254959305e-08,9.475696247781537e-06,0.001205969549268881,22
Gad1-F-700270,245,101,144,1257,101,144,0.0010863908911943718,1.956236852910845e-05,1.3017869224690051e-05,0.012310939148786493,206
Gad1-F-700271,167,49,118,697,49,118,0.0002452326485952319,7.442195528420825e-06,1.0158107963102271e-05,0.00839153811366263,139
Gad1-F-700272,539,224,315,3438,224,315,0.00959635770421018,8.339206851540756e-05,2.719975414694779e-05,0.027084066127330286,352
Gad1-F-700273,494,205,289,2730,205,289,0.0058266985256823535,1.2669002288507998e-05,2.2448544191648984e-05,0.024822873222451133,352
Gad1-F-700274,364,200,164,2766,200,164,0.011747889979719484,5.9987705451007906e-05,3.471650870071687e-05,0.018290538163911362,333
Gad1-F-700275,199,154,45,744,154,45,0.0008257156766705045,3.7289300563319892e-06,3.269312349199833e-05,0.009999497512687805,153
Gad1-F-700276,427,246,181,2457,246,181,0.0034373840948763285,0.0011878331701004148,3.1703121638707724e-05,0.021456208230742173,343
Gad1-F-700277,345,195,150,1658,195,150,0.0008612291176902534,1.1157712477434479e-05,4.105334263673575e-05,0.017335812270740165,182
Gad1-F-700278,103,78,25,888,78,25,0.00020313740476828073,1.6633911304541988e-06,5.3515036623842446e-05,0.0051756193156122805,81
Gad1-F-700279,537,176,361,4036,176,361,0.0027438315722588614,1.4051821136380554e-05,2.1681523135289385e-05,0.02698356866489121,352
Gad1-F-700280,377,197,180,2337,197,180,0.0031414360582172896,1.9198807089730495e-05,7.659041192379277e-05,0.01894377166976534,255
Gad1-F-700281,656,195,461,3070,195,461,0.010873504788426377,1.811327761320436e-05,3.337962082036704e-05,0.03296316768001608,352
Gad1-F-700282,1222,186,1036,7311,186,1036,0.002437841885884724,2.5957484882163838e-05,0.0001453775406653053,0.061403949550273854,331
Gad1-F-700283,443,347,96,1982,347,96,0.005262825074384068,0.002289629472790424,4.6671686235377524e-05,0.02226018793025476,308
Gad1-F-700284,326,232,94,1288,232,94,0.0039405810515768655,1.4894052464133857e-05,3.1951507583362866e-05,0.016381086377568965,247
Gad1-F-700285,256,92,164,1393,92,164,0.0003506138370210366,4.980814434868615e-07,5.041861008319224e-05,0.012863675192201397,150
Gad1-F-700286,202,122,80,977,122,80,0.0008634122051558197,3.9368565422762044e-05,1.8658253217916145e-05,0.010150243706346415,146
Gad1-F-700287,706,138,568,3903,138,568,0.0031765753200277518,6.901243958255128e-06,1.4028821032840736e-05,0.035475604240992914,352
Gad1-F-700288,294,102,192,1371,102,192,0.0003698040341249749,3.4862234968965206e-07,6.653080264114982e-05,0.014773126978543792,150
Gad1-F-700289,358,194,164,2788,194,164,0.012165174398607276,5.646669781421282e-05,3.5953488302951845e-05,0.017989045776594142,344
Gad1-F-700290,400,221,179,3118,221,179,0.010281991335715363,3.4980567620660626e-05,3.0037595261342063e-05,0.02009949248781468,349
Gad1-F-700291,205,119,86,1090,119,86,0.0018600504916694632,5.031647319222654e-06,2.247219488297813e-05,0.010300989900005025,152
Gad1-F-700292,808,109,699,4717,109,699,0.0015046478639111065,1.1082348508257465e-05,1.250638025565095e-05,0.04060097482538566,352
Gad1-F-700293,175,45,130,624,45,130,0.00015425748143704391,1.4275533439807542e-07,2.617007717464685e-05,0.008793527963418923,141
Gad1-F-700294,599,222,377,12815,222,377,0.0032534853280712043,0.003134139674684803,2.4069969826237563e-05,0.030098990000502486,348
Gad1-F-700295,274,101,173,1231,101,173,0.00236502514668107,3.431709920591007e-06,1.965978477876893e-05,0.013768152354153058,197
Gad1-F-700296,542,369,173,3736,369,173,0.010363794813552539,2.3691694312787955e-05,5.425679891030907e-05,0.027234812320988896,352
Gad1-F-700297,62,19,43,340,19,43,0.0001703115141130462,1.523048172047069e-07,1.5052150466006646e-05,0.003115421335611276,60
Gad1-F-700298,80,74,6,230,74,6,0.0002145052573419831,1.2115340045247036e-07,2.269287594343247e-05,0.004019898497562936,74
Gad1-F-700299,259,213,46,982,213,46,0.0004581634603854467,2.1091164864057052e-07,5.663475749320419e-05,0.013014421385860007,150
Gad1-F-700300,305,73,232,1849,73,232,0.00366001990011622,2.914992444741192e-06,1.3794517477769896e-05,0.015325863021958696,297
Gad1-F-700301,227,135,92,845,135,92,0.00041493799689607127,4.031678907378379e-07,3.799215460764701e-05,0.011406461986834832,148
Gad1-F-700303,214,126,88,645,126,88,0.00023588745811383902,1.8891943833615725e-07,2.8147654908555416e-05,0.010753228480980856,150
Gad1-F-700304,238,66,172,1865,66,172,0.005001585361195144,3.740006198977424e-05,1.4535957412068524e-05,0.011959198030249736,236
Gad1-F-700305,187,69,118,717,69,118,0.00026676655606619714,2.578326677936379e-07,2.741155310563951e-05,0.009396512738053364,139
Gad1-F-700306,55,40,15,168,40,15,0.0001277676261668263,5.391357724675897e-08,2.033329446153814e-05,0.002763680217074519,55
Gad1-F-700307,97,74,23,481,74,23,0.0006953189670154885,8.276125660072998e-07,3.222734757035275e-05,0.004874126928295061,87
Gad1-F-700309,545,165,380,3926,165,380,0.004383445625787736,1.2081895368718297e-05,2.236970161405045e-05,0.027385558514647506,352
Gad1-F-700310,761,619,142,7387,619,142,0.008420576446071505,0.0054591466931921935,0.00019392517450304795,0.03823928445806744,344
Gad1-F-700312,142,61,81,592,61,81,0.00044318792410678805,8.370994860364563e-07,1.594567063275545e-05,0.007135319833174212,108
Gad1-F-700313,496,211,285,3331,211,285,0.00935853479992672,0.00010977227350788322,3.370792953572213e-05,0.024923370684890207,352
Gad1-F-700315,193,70,123,782,70,123,0.00030256195036079415,2.808421341987569e-07,2.956635787639401e-05,0.009698005125370585,142
Gad1-F-700316,405,214,191,3464,214,191,0.012772108513084196,4.8660838018652435e-05,4.136317811125335e-05,0.020350736143912366,352
Gad1-F-700317,392,82,310,1923,82,310,0.001542964485290144,1.425004407957076e-06,2.3241082490965684e-05,0.01969750263805839,241
Gad1-F-700318,138,35,103,862,35,103,0.0003807357641329172,7.692974610277995e-06,1.1709612519548055e-05,0.0069343249082960655,97
Gad1-F-700319,528,522,6,3628,522,6,0.0011836464855312506,2.391822247566897e-06,0.0003076627487748669,0.02653133008391538,150
Gad1-F-700320,216,84,132,941,84,132,0.0003806499908241439,9.926517015307433e-07,1.8203802116878308e-05,0.010853725943419929,167
Gad1-F-700321,83,65,18,382,65,18,0.0002532962351651821,3.082384148389621e-07,2.325881403328806e-05,0.004170644691221546,82
Gad1-F-700324,32,21,11,111,21,11,0.0002064797810913641,1.6184696126760897e-07,1.0891229809520305e-05,0.0016079593990251746,31
Gad1-F-700325,252,74,178,1423,74,178,0.0005504910542830366,3.875626912866721e-06,1.198055253220396e-05,0.01266268026732325,207
Gad1-F-700326,483,153,330,3407,153,330,0.003410097971066437,1.870480849412113e-05,2.1135812761923322e-05,0.02427013717903623,352
Gad1-F-700328,272,135,137,1830,135,137,0.0007567379915288586,3.6420414573638696e-06,1.5567130766798406e-05,0.013667654891713983,211
Gad1-F-700329,2070,1719,351,12710,1719,351,0.04128584415531372,7.53244727732729e-05,0.00018182556369053838,0.10401487362444098,352
Gad1-F-700330,225,103,122,871,103,122,0.00018569023084356398,1.9876744710313402e-07,3.1552027235711555e-05,0.01130596452439576,135
Gad1-F-700331,525,194,331,3709,194,331,0.004125439637538841,3.4188845376308105e-05,2.6276873221088713e-05,0.02638058389025677,352
Gad1-F-700332,457,258,199,4118,258,199,0.013278015806408923,6.042792269358752e-05,4.630524213594206e-05,0.022963670167328275,352
Gad1-F-700333,491,238,253,4292,238,253,0.0024655465136845865,1.0526282077835247e-05,5.8581596709793414e-05,0.024672127028792522,231
Gad1-F-700334,109,54,55,441,54,55,0.0005170945054240016,6.429633911739835e-07,1.3015948676353318e-05,0.005477111702929501,103
Gad1-F-700335,166,164,2,822,164,2,0.004285598891115075,0.00011823238317769289,2.4359378187241186e-05,0.008341289382443093,152
Gad1-F-700336,91,86,5,225,86,5,0.0008373352121010353,1.4687071191797418e-06,1.1148794411342738e-05,0.0045726345409778405,91
Gad1-F-700337,317,236,81,2472,236,81,0.003826453611401176,4.057195748145643e-05,8.489979023885785e-05,0.015928847796593135,257
Gad1-F-700339,343,299,44,2216,299,44,0.0004335805603364642,1.7145577103103302e-07,0.0001371664755320378,0.01723531480830109,150
Gad1-F-700340,643,234,409,3551,234,409,0.009862653157896218,4.0063943574356384e-05,3.814602543292932e-05,0.0323099341741621,352
Gad1-F-700341,481,214,267,3973,214,267,0.010450296622276735,9.097557954435023e-05,3.7755541565009594e-05,0.024169639716597156,352
Gad1-F-700342,224,181,43,785,181,43,0.0003851575933179239,4.0938383041660956e-07,6.151470861970569e-05,0.011255715793176222,147
Gad1-F-700343,206,108,98,1407,108,98,0.0003645281399249321,5.932548997925899e-07,4.762568213562569e-05,0.010351238631224561,119
Gad1-F-700344,548,330,218,4134,330,218,0.012744956177845398,2.045404526091169e-05,4.5418510112152623e-05,0.027536304708306116,352
Gad1-F-700345,176,110,66,1007,110,66,0.0003190684268001701,4.3292748669999887e-07,6.509485674897821e-05,0.00884377669463846,128
Gad1-F-700346,306,207,99,1776,207,99,0.0015937572898565254,3.416290353145485e-05,6.106304346180109e-05,0.015376111753178233,198
Gad1-F-700347,516,214,302,3752,214,302,0.005486190411224196,1.9389488046763515e-05,2.7682547167590375e-05,0.02592834530928094,352
Gad1-F-700348,286,231,55,1777,231,55,0.00053069781105618,1.0177100997787567e-06,0.00010862170763299636,0.014371137128787499,137
Gad1-F-700349,801,776,25,7329,776,25,0.02981706580797711,9.990671167164879e-05,0.00014162079955438666,0.0402492337068489,352
Gad1-F-700350,425,248,177,2979,248,177,0.012241070071496447,8.386318843927247e-05,6.22210010314416e-05,0.0213557107683031,352
Gad1-F-700351,547,258,289,4310,258,289,0.013623374324104303,4.867468829301805e-05,4.615208775103157e-05,0.027486055977086577,352
Gad1-F-700352,194,111,83,950,111,83,0.0006976188678540125,9.370282647514273e-07,2.618950395344444e-05,0.009748253856590122,121
Gad1-F-700353,102,15,87,536,15,87,0.00012086764058100495,4.425589378293988e-08,8.638752502862496e-06,0.005125370584392744,82
Gad1-F-700354,115,70,45,376,70,45,0.0002898292322033861,5.746009567214559e-07,1.129791269869373e-05,0.005778604090246721,102
Gad1-F-700355,871,136,735,5110,136,735,0.0018995644293249554,9.65011174549731e-06,1.6777211352349486e-05,0.043766644892216475,352
Gad1-F-700357,462,269,193,3594,269,193,0.01225884844341895,0.00010971136689403492,4.554264905058541e-05,0.02321491382342596,352
Gad1-F-700359,313,258,55,1422,258,55,0.00040436910740360236,2.054089792718475e-07,7.457048058066074e-05,0.01572785287171499,148
Gad1-F-700360,558,306,252,3097,306,252,0.006230607577769769,1.900003215850022e-05,2.192859225002943e-05,0.028038792020501482,352
Gad1-F-700361,442,265,177,3880,265,177,0.013689501692388679,0.00010415569095605258,5.068161374341294e-05,0.022209939199035224,352
Gad1-F-700362,492,313,179,4011,313,179,0.01412476295804728,9.825827657067173e-05,6.529576706514662e-05,0.024722375760012058,352
Gad1-F-700363,153,77,76,656,77,76,0.0006269717641498451,2.4154651952370886e-05,1.4201682288041798e-05,0.0076880558765891165,123
Gad1-F-700364,630,189,441,3380,189,441,0.009462832107888668,4.2590689049956894e-05,2.4570729897457934e-05,0.03165670066830813,352
Gad1-F-700365,207,120,87,1582,120,87,0.0003124853509191399,1.0871229599779244e-06,5.498550709126287e-05,0.010401487362444098,104
Gad1-F-700366,16,4,12,42,4,12,8.865336447821443e-06,5.599376090188655e-09,8.361443004906786e-06,0.0008039796995125873,16
Gad1-F-700367,90,55,35,514,55,35,0.00020519796099879877,1.0360985788558167e-06,1.943012044338641e-05,0.004522385809758303,79
Gad1-F-700368,127,72,55,720,72,55,0.0005065172619420843,3.339585581418556e-06,1.9987119669526675e-05,0.006381588864881162,106
Gad1-F-700370,540,216,324,3708,216,324,0.005577747521622382,2.4922119798524778e-05,2.9452174007537856e-05,0.02713431485854982,352
Gad1-F-700371,169,104,65,755,104,65,0.0006891853654572338,8.96155434879636e-06,2.4029925641861476e-05,0.008492035576101703,127
Gad1-F-700372,158,88,70,883,88,70,0.00029062128057451286,9.316869091149864e-07,1.8587205546661357e-05,0.0079392995326868,129
Gad1-F-700373,108,89,19,368,89,19,0.002218275683381409,1.8494569312217414e-05,1.7709066531818225e-05,0.005426862971709964,106
Gad1-F-700374,572,270,302,3527,270,302,0.013650146275798832,7.283277161218204e-05,4.492972987111912e-05,0.028742274257574998,352
Gad1-F-700375,86,48,38,535,48,38,0.000743968689109709,1.3856582580293092e-06,1.2527288277217548e-05,0.004321390884880157,79
Gad1-F-700376,242,85,157,1081,85,157,0.00031370593711156224,4.1177617279691934e-07,3.406404295256455e-05,0.012160192955127883,148
Gad1-F-700377,114,58,56,1398,58,56,0.00017855633968127214,1.6237981638940622e-06,4.7948302031611725e-05,0.005728355359027185,94
Gad1-F-700378,432,216,216,3502,216,216,0.012520765622423994,5.268643247101396e-05,5.182283786968688e-05,0.021707451886839858,352
Gad1-F-700379,532,195,337,3860,195,337,0.006313170796620749,2.0035377448011025e-05,2.6522340705726704e-05,0.02673232500879353,352
Gad1-F-700380,126,39,87,735,39,87,0.0004370374949573808,2.533354606352359e-06,1.4250262430511347e-05,0.006331340133661625,96
Gad1-F-700381,197,180,17,1483,180,17,0.002313347885979505,2.160048558296172e-05,3.513378443504652e-05,0.009899000050248732,142
Gad1-F-700382,906,9,897,11349,9,897,0.00027240049967764915,2.2141151989430265e-07,7.769415591933586e-06,0.04552535048490026,352
Gad1-F-700384,587,260,327,3797,260,327,0.011700445179041034,0.00010482176482697766,4.163416428148253e-05,0.029496005225868045,352
Gad1-F-700385,130,49,81,583,49,81,0.00037040964685283224,1.1702689383480196e-06,2.0098179175948905e-05,0.006532335058539772,97
Gad1-F-700386,557,416,141,3519,416,141,0.009992456953731138,9.313931543560342e-06,4.758914301427353e-05,0.027988543289281947,352
Gad1-F-700387,425,258,167,3093,258,167,0.014501481790365648,8.515278473790561e-05,6.18235003661884e-05,0.0213557107683031,352
Gad1-F-700388,617,219,398,3903,219,398,0.012133368779988295,3.915554695441458e-05,3.738466510876529e-05,0.031003467162454147,352
Gad1-F-700389,255,136,119,1493,136,119,0.0016259651015424138,2.6230214188282197e-05,3.629480115892724e-05,0.01281342646098186,150
Gad1-F-700390,249,221,28,927,221,28,0.0003023765115337599,3.459917415484601e-07,6.048585215519358e-05,0.01251193407366464,148
Gad1-F-700391,84,46,38,783,46,38,0.0005899383397463465,1.4341519986344125e-06,1.9755689043708002e-05,0.004220893422441084,73
Gad1-F-700392,197,86,111,1706,86,111,0.00011031066793647347,1.8788718986154817e-07,0.00015352550377450397,0.009899000050248732,99
Gad1-F-700394,416,133,283,2609,133,283,0.0025001897648124403,8.431861899257858e-06,2.6348201858964703e-05,0.02090347218732727,211
Gad1-F-700395,17,16,1,59,16,1,8.430686981176638e-05,4.905046276862092e-08,1.0941917939088984e-05,0.000854228430732124,17
Gad1-F-700396,72,56,16,331,56,16,0.000241725738025134,2.8041591685621396e-07,3.4269938852017275e-05,0.003617908647806643,64
Gad1-F-700399,532,183,349,4546,183,349,0.006464057960972343,1.848254514191737e-05,2.7167752913735457e-05,0.02673232500879353,352
Gad1-F-700400,159,124,35,596,124,35,0.0011245017094814172,1.3341392040016597e-05,1.4208441660622166e-05,0.007989548263906337,142
Gad1-F-700401,228,94,134,1184,94,134,0.000342089689843949,2.9268456293458103e-07,4.8687170047003364e-05,0.01145671071805437,149
Gad1-F-700402,436,229,207,4194,229,207,0.013772476874730898,6.0632648678365164e-05,4.889648434461483e-05,0.021908446811718003,352
Gad1-F-700403,102,42,60,545,42,60,0.00033700436753039096,4.823486262764358e-06,1.1857862464256148e-05,0.005125370584392744,85
Gad1-F-700404,431,207,224,3425,207,224,0.007723074042283657,9.44762124056772e-06,2.2280483283841813e-05,0.021657203155620322,352
Gad1-F-700405,171,98,73,1452,98,73,0.0003397750383584502,1.1803752269945006e-06,6.524334466722351e-05,0.008592533038540778,93
Gad1-F-700406,107,44,63,922,44,63,0.0006186364500770651,1.6957523411646197e-06,1.3843345043122196e-05,0.005376614240490428,88
Gad1-F-700407,785,495,290,5660,495,290,0.0061571662551288125,0.0003936449321972591,7.063501337875125e-05,0.03944525400733632,340
Gad1-F-700408,12,9,3,33,9,3,3.036847857821242e-06,8.920728353698048e-10,1.3742442698740555e-05,0.0006029847746344405,12
Gad1-F-700409,139,69,70,1108,69,70,0.00016156571835037893,2.1477562135112085e-07,3.314046460173522e-05,0.006984573639515602,110
Gad1-F-700410,550,354,196,5795,354,196,0.004823703699384928,0.008635990476131087,5.926819999987037e-05,0.027636802170745187,348
Gad1-F-700411,229,142,87,1515,142,87,0.0007678328422444531,6.372577385397276e-06,2.401086545076981e-05,0.011506959449273905,175
Gad1-F-700412,174,111,63,977,111,63,0.00041340557080681457,7.425614266074917e-07,2.3518783186882386e-05,0.008743279232199388,136
Gad1-F-700413,343,73,270,1950,73,270,0.0008153780037138825,2.0159277401808157e-05,1.5395384346100526e-05,0.01723531480830109,205
Gad1-F-700414,92,44,48,665,44,48,0.000375575956854863,1.2360686121450842e-06,1.3754471287827724e-05,0.004622883272197377,79
Gad1-F-700415,379,185,194,2872,185,194,0.011232554661320495,2.750744452396919e-05,3.614811609118855e-05,0.019044269132204413,349
Gad1-F-700416,244,213,31,916,213,31,0.0003567170659480196,1.4049393138936736e-07,5.93104132561409e-05,0.012260690417566956,150
Gad1-F-700417,523,185,338,4029,185,338,0.004687235344948137,2.2753151639040758e-05,2.345246483322304e-05,0.0262800864278177,352
Gad1-F-700418,149,79,70,861,79,70,0.0005481057266162754,1.0248834976256836e-05,1.4953545561658248e-05,0.007487060951710969,121
Gad1-F-700419,60,19,41,455,19,41,3.574296204691004e-05,1.4892304568181898e-06,2.8715812104467975e-05,0.0030149238731722026,45
Gad1-F-700420,173,105,68,681,105,68,0.0006462111689357378,1.5585191543274013e-05,1.4739677829376367e-05,0.00869303050097985,130
Gad1-F-700421,250,235,15,1550,235,15,0.003847985670703639,2.3752946929655756e-05,7.086838980998176e-05,0.012562182804884177,220
Gad1-F-700422,205,140,65,904,140,65,0.0009321812118666322,1.529388112530483e-05,1.808291471263812e-05,0.010300989900005025,150
Gad1-F-700423,173,68,105,1221,68,105,0.00021733213140204288,4.2741078492730094e-07,1.4404279505754478e-05,0.00869303050097985,113
Gad1-F-700424,200,79,121,880,79,121,0.00037085121103533374,3.8839659048165605e-07,2.9979983685399553e-05,0.01004974624390734,147
Gad1-F-700425,534,390,144,3585,390,144,0.006095755263019756,2.4424634073405935e-05,0.00015646680235180784,0.0268328224712326,222
Gad1-F-700426,162,92,70,1004,92,70,0.0004718546295045439,1.361597307339368e-06,2.175077280749059e-05,0.008140294457564947,100
Gad1-F-700427,150,103,47,1048,103,47,0.00041070950955543977,6.165357112925707e-07,5.642421648995971e-05,0.007537309682930506,109
Gad1-F-700428,170,85,85,1114,85,85,0.000539205555294549,9.82380739651634e-07,3.567834775073583e-05,0.00854228430732124,113
Gad1-F-700429,122,61,61,661,61,61,0.0005418221265428599,5.213530387733022e-06,1.775608093775432e-05,0.006130345208783478,100
Gad1-F-700431,209,142,67,1287,142,67,0.0006173188718804902,7.815804999235569e-07,6.636099633158217e-05,0.010501984824883171,125
Gad1-F-700432,153,48,105,601,48,105,0.00015145408807610446,1.112320688071963e-07,1.9528102802551414e-05,0.0076880558765891165,121
Gad1-F-700433,201,17,184,567,17,184,0.00012653416277167066,1.2643114876808332e-07,8.366187477650963e-06,0.010099994975126878,142
Gad1-F-700434,61,35,26,294,35,26,0.0003549842823701212,9.45531347366368e-07,1.0295061574136158e-05,0.003065172604391739,59
Gad1-F-700435,325,22,303,2177,22,303,0.00010293157364630946,1.7286834010004896e-07,8.052885172161526e-06,0.01633083764634943,211
Gad1-F-700438,62,41,21,236,41,21,0.000189341201411048,7.728061762810621e-08,1.5092350014403766e-05,0.003115421335611276,59
Gad1-F-700439,238,11,227,636,11,227,2.7784089739158365e-05,6.715350512601621e-08,7.77688363801479e-06,0.011959198030249736,138
Gad1-F-700440,246,103,143,1440,103,143,0.0011969222772408136,1.852649020457616e-05,2.7539266589767326e-05,0.012361187880006029,148
Gad1-F-700441,103,15,88,326,15,88,5.2520594843678185e-05,1.2998436914465134e-08,9.413762228827976e-06,0.0051756193156122805,91
Gad1-F-700442,180,86,94,894,86,94,0.001317886011123836,1.1011037001489162e-05,1.835527213290959e-05,0.009044771619516606,129
Gad1-F-700443,258,133,125,948,133,125,0.00019400283357549599,5.4262003075162326e-08,3.064738647307322e-05,0.01296417265464047,150
Gad1-F-700444,456,126,330,1458,126,330,0.0019136758215994758,1.7149596588322405e-05,1.5901845407193113e-05,0.02291342143610874,222
Gad1-F-700445,339,32,307,1705,32,307,0.0008308293613484842,5.053960993597157e-07,2.2324504856718363e-05,0.017034319883422945,241
Gad1-F-700446,115,94,21,990,94,21,0.00037183625494745015,9.34281125396677e-07,4.558520706452424e-05,0.005778604090246721,86
Gad1-F-700447,437,253,184,3403,253,184,0.013629162331607993,8.10281760597815e-05,5.021742114233564e-05,0.021958695542937542,352
Gad1-F-700448,224,220,4,670,220,4,0.0015241644584245587,5.312483749239013e-06,3.881902593085903e-05,0.011255715793176222,134
Gad1-F-700449,127,48,79,552,48,79,0.00023477560556048102,1.313705239593836e-07,1.4084528892161782e-05,0.006381588864881162,97
Gad1-F-700450,88,59,29,296,59,29,0.0006855431912454406,4.0753649775232746e-05,1.1873411984784696e-05,0.00442188834731923,88
Gad1-F-700451,98,45,53,525,45,53,0.0003948296578147408,3.7638928121384906e-06,1.8163861826990502e-05,0.004924375659514597,87
Gad1-F-700452,557,310,247,2344,310,247,0.007732875930336641,5.064280794273118e-05,4.2852001851721625e-05,0.027988543289281947,316
Gad1-F-700453,488,283,205,4529,283,205,0.012927192143794345,0.00012121346287628456,5.903468194436988e-05,0.024521380835133912,352
Gad1-F-700455,28,8,20,128,8,20,1.9340042041398164e-06,1.159689842762099e-08,1.3800697421046085e-05,0.0014069644741470278,27
Gad1-F-700456,95,78,17,482,78,17,0.0002855294696460553,2.1697637145574e-07,3.3851346497733756e-05,0.004773629465855987,82
Gad1-F-700457,271,148,123,1022,148,123,0.0007357782253944113,1.7651929431466144e-06,2.133492001525152e-05,0.013617406160494448,182
Gad1-F-700462,119,87,32,303,87,32,0.002477863989327542,1.8115848609674125e-06,1.745058024674266e-05,0.005979599015124868,116
Gad1-F-700463,63,48,15,266,48,15,0.00022911117559360636,1.2242341197504213e-06,2.0472118082043458e-05,0.0031656700668308124,62
Gad1-F-700465,579,204,375,4418,204,375,0.010756640191073493,7.840137163202073e-05,4.246529427700777e-05,0.029094015376111754,352
Gad1-F-700467,29,21,8,80,21,8,6.82623595950428e-05,2.4807936438792288e-08,1.802495811934383e-05,0.0014572132053665644,29
Gad1-F-700469,307,24,283,1157,24,283,0.0003240626645126984,2.3255463860718277e-07,8.73839610751423e-06,0.015426360484397768,241
Gad1-F-700470,258,107,151,1378,107,151,0.0003764190306823647,5.555600138624255e-07,4.7879024425740876e-05,0.01296417265464047,150
Gad1-F-700471,211,65,146,1049,65,146,0.0002851402894706643,7.062095347174299e-07,1.6652712514836258e-05,0.010602482287322246,170
Gad1-F-700472,592,335,257,2498,335,257,0.0008585645502589984,1.925587372773017e-06,8.828855197423835e-05,0.02974724888196573,181
Gad1-F-700473,169,44,125,727,44,125,0.00022462873558802535,3.5867663142872974e-07,1.0446579333103445e-05,0.008492035576101703,145
Gad1-F-700474,178,112,66,915,112,66,0.00029926603041426243,3.293022560077089e-07,3.92831606912239e-05,0.008944274157077534,138
Gad1-F-700475,220,91,129,1157,91,129,0.0002914296889290422,4.632931707172423e-07,4.81602372771764e-05,0.011054720868298076,148
Gad1-F-700476,435,208,227,3352,208,227,0.011488164166672647,9.854062783531159e-05,4.4768409846232455e-05,0.021858198080498468,352
Gad1-F-700477,130,55,75,534,55,75,0.0005922221887747118,9.052682307592676e-07,2.6272778417770697e-05,0.006532335058539772,102
Gad1-F-700478,111,20,91,717,20,91,0.00036626635667079096,4.186714350970438e-07,9.523102510165699e-06,0.005577609165368575,99
Gad1-F-700479,508,261,247,2735,261,247,0.0033887968336461837,7.47407991309762e-05,8.45628930687428e-05,0.025526355459524648,277
Gad1-F-700480,185,174,11,1673,174,11,0.0005866967344268692,1.8125826164681907e-06,9.271033912549049e-05,0.009296015275614291,115
Gad1-F-700481,247,204,43,1487,204,43,0.0005120810841529171,5.129590545237386e-07,9.673340231376937e-05,0.012411436611225566,140
Gad1-F-700482,161,94,67,593,94,67,0.0021660756421946897,2.7116645439340306e-05,1.3866984321309444e-05,0.00809004572634541,146
Gad1-F-700484,105,35,70,503,35,70,0.0003013592098833392,3.7663144762111874e-07,9.663939490886316e-06,0.005276116778051354,84
Gad1-F-700485,345,263,82,1654,263,82,0.007665420274537247,0.0007885384409852141,3.7998117743495385e-05,0.017335812270740165,258
Gad1-F-700486,369,64,305,2217,64,305,0.0035969046162708375,1.993511733839794e-06,1.048541254944811e-05,0.018541781820009044,331
Gad1-F-700487,456,82,374,3358,82,374,0.002351985308253766,1.0835898705960334e-06,1.0488647012110482e-05,0.02291342143610874,352
Gad1-F-700488,412,70,342,8118,70,342,0.0009636812649163984,0.00034335588000014144,1.5122081157758965e-05,0.020702477262449122,344
Gad1-F-700489,253,82,171,1223,82,171,0.0008515809261666637,3.2141336711375477e-06,1.8549500655056012e-05,0.012712928998542787,140
Gad1-F-700490,883,614,269,12403,614,269,0.007941923499310374,0.011372927614210927,0.0002795121864399666,0.044369629666850915,348
Gad1-F-700491,315,113,202,2148,113,202,0.001398170764818052,2.3553849993420887e-05,2.5646448167306033e-05,0.015828350334154064,148
Gad1-F-700492,147,86,61,799,86,61,0.0004642851084093342,7.646644814259747e-07,5.023267013075567e-05,0.007386563489271896,117
Gad1-F-700493,486,161,325,8716,161,325,0.0024623923368394733,0.0024104648505753694,2.354054477332659e-05,0.02442088337269484,348
Gad1-F-700495,78,34,44,353,34,44,0.00033856213901992815,4.235259278450825e-07,1.061691197992363e-05,0.003919401035123863,73
Gad1-F-700496,423,224,199,3794,224,199,0.012547652405806216,0.0001557887376869944,4.868039243356063e-05,0.021255213305864027,352
Gad1-F-700497,114,61,53,461,61,53,0.00032982649424277396,4.2664041521027904e-07,1.7241940336432665e-05,0.005728355359027185,97
Gad1-F-700498,174,69,105,910,69,105,0.0007479598477304914,1.5070352541026552e-06,1.835337086952335e-05,0.008743279232199388,112
Gad1-F-700499,149,84,65,815,84,65,0.0006241442310385083,4.346169627704805e-06,2.6579061844076173e-05,0.007487060951710969,122
Gad1-F-700500,78,56,22,310,56,22,0.00020386407887258316,1.604468672659633e-07,2.3463496083883237e-05,0.003919401035123863,72
Gad1-F-700502,225,37,188,1129,37,188,0.00028379366731233116,1.0693320591023343e-06,9.090385583009982e-06,0.01130596452439576,193
Gad1-F-700503,113,34,79,464,34,79,0.0003470900173594853,3.0313207595427356e-07,1.3261096707661722e-05,0.0056781066278076475,87
Gad1-F-700504,185,106,79,1197,106,79,0.0003553490327809732,5.110682978334719e-07,1.9210958888914886e-05,0.009296015275614291,145
Gad1-F-700505,575,215,360,3523,215,360,0.000980171918100369,6.4865848862185306e-06,3.5553004421543443e-05,0.028893020451233608,186
Gad1-F-700506,204,89,115,587,89,115,0.0001444881102488869,3.1935783184210935e-08,2.1995286286135215e-05,0.010250741168785488,148
Gad1-F-700507,199,71,128,847,71,128,0.0002702136267159132,2.8126897526404237e-07,2.6177936060741245e-05,0.009999497512687805,146
Gad1-F-700508,246,104,142,995,104,142,0.00013259387106998914,6.589360143231622e-08,3.1766683928539325e-05,0.012361187880006029,148
Gad1-F-700509,20,5,15,73,5,15,2.2523262327574577e-05,1.1136247634193045e-08,8.028346001526282e-06,0.001004974624390734,20
Gad1-F-700510,218,84,134,1257,84,134,0.00031819958882917007,6.405056146394932e-07,5.4831147138330475e-05,0.010954223405859002,148
Gad1-F-700513,373,302,71,1909,302,71,0.0005264250483319841,4.006032843421055e-07,9.970975120542416e-05,0.018742776744887193,148
Gad1-F-700514,127,93,34,652,93,34,0.0002683340324040216,4.681516503677314e-07,2.5414134686699098e-05,0.006381588864881162,97
Gad1-F-700515,98,48,50,289,48,50,7.613751717514656e-05,1.949101506411247e-08,3.641172501171385e-05,0.004924375659514597,79
Gad1-F-700517,254,96,158,1210,96,158,0.00033439989350753584,3.065403778720632e-07,5.1508893005160055e-05,0.012763177729762324,148
Gad1-F-700518,60,50,10,214,50,10,0.00047620076384032327,4.661703957877033e-07,2.267891712550918e-05,0.0030149238731722026,60
Gad1-F-700519,392,132,260,1742,132,260,0.0011186406018612184,1.9199763561446378e-05,1.9836121975460773e-05,0.01969750263805839,211
Gad1-F-700520,971,486,485,4359,486,485,0.012779163650839096,1.0458702731964639e-05,3.437019109572741e-05,0.04879151801417014,352
Gad1-F-700521,312,112,200,1302,112,200,0.0005527397635260142,2.0682734684990007e-06,1.2415876783065173e-05,0.015677604140495453,210
Gad1-F-700522,434,239,195,3313,239,195,0.013724979691936366,6.285290280651531e-05,4.7386138332458644e-05,0.021807949349278932,352
Gad1-F-700523,108,67,41,444,67,41,0.0006039730693062832,1.666801445657939e-06,1.5333071210690184e-05,0.005426862971709964,97
Gad1-F-700524,331,206,125,1024,206,125,0.0003436414027130153,1.0064987822060984e-07,5.47418833637352e-05,0.01663233003366665,150
Gad1-F-700525,231,180,51,856,180,51,0.00030939117895315737,3.9397249076353165e-07,6.140524952986182e-05,0.01160745691171298,144
Gad1-F-700526,194,64,130,798,64,130,0.0002874659755463687,2.2884579600083037e-07,3.536762827302887e-05,0.009748253856590122,144
Gad1-F-700528,373,78,295,2762,78,295,0.005453493715732627,2.0056503203826466e-05,1.5582180595257557e-05,0.018742776744887193,345
Gad1-F-700529,45,35,10,167,35,10,0.0001142488383013022,1.336403513621753e-07,1.814588260667888e-05,0.0022611929048791516,44
Gad1-F-700530,160,89,71,730,89,71,0.0008272805929153258,1.7520324657696375e-05,1.4053795443456409e-05,0.008039796995125872,121
Gad1-F-700531,62,45,17,142,45,17,0.00020653219824204409,5.491709851109241e-08,1.519730718697135e-05,0.003115421335611276,60
Gad1-F-700532,230,64,166,909,64,166,0.0001819048020233809,8.582850876849519e-08,2.362542698499371e-05,0.011557208180493442,150
Gad1-F-700533,204,52,152,688,52,152,0.00019630054038082312,1.30866849176003e-07,1.859955073835362e-05,0.010250741168785488,148
Gad1-F-700534,234,56,178,1482,56,178,0.002685189072947766,2.6666963381528728e-05,2.2681065760234547e-05,0.01175820310537159,203
Gad1-F-700537,177,112,65,875,112,65,0.0007743956772216052,3.001630661219053e-05,1.7794240517827866e-05,0.008894025425857996,139
Gad1-F-700538,991,92,899,4696,92,899,0.001775626302102798,4.420691879753739e-06,1.287150810353051e-05,0.049796492638560876,352
Gad1-F-700539,228,93,135,1015,93,135,0.0003316268794079051,4.5291825243647695e-07,4.929818578542267e-05,0.01145671071805437,148
Gad1-F-700540,66,39,27,259,39,27,9.012989470402715e-05,1.415845069289327e-07,1.4049752261325766e-05,0.0033164162604894225,56
Gad1-F-700542,557,231,326,3628,231,326,0.010962323166976507,0.000111421459144643,3.8615238980443855e-05,0.027988543289281947,352
Gad1-F-700543,375,211,164,2912,211,164,0.01290201719435426,3.497794933506573e-05,4.580759668144426e-05,0.018843274207326264,343
Gad1-F-700544,292,74,218,2430,74,218,0.0006323775620884409,4.886768694481445e-06,1.2437747815985144e-05,0.014672629516104718,234
Gad1-F-700545,102,81,21,454,81,21,0.0003354060443650708,3.2634739957297226e-07,1.996825537631405e-05,0.005125370584392744,86
Gad1-F-700546,178,144,34,647,144,34,0.00027286570134960503,1.5510162807592659e-07,3.278705419021379e-05,0.008944274157077534,140
Gad1-F-700547,580,417,163,4803,417,163,0.005226341855502861,0.004683461125914104,4.996152543256057e-05,0.02914426410733129,348
Gad1-F-700548,482,141,341,3811,141,341,0.0020891811328443565,1.3652350724084793e-05,2.3193949061781064e-05,0.024219888447816692,352
Gad1-F-700549,250,216,34,844,216,34,0.0004679904903469999,4.768616244854894e-07,3.7152901267237496e-05,0.012562182804884177,148
Gad1-F-700551,136,81,55,343,81,55,0.002653483600654166,1.5491408610437563e-06,1.2479114673405205e-05,0.006833827445856992,133
Gad1-F-700552,119,76,43,613,76,43,0.0003498830988561562,2.7307069273252304e-06,1.899985152658211e-05,0.005979599015124868,87
Gad1-F-700554,92,58,34,1026,58,34,0.0001789204488785443,4.0846904500722374e-06,5.459959100722932e-05,0.004622883272197377,89
Gad1-F-700555,308,232,76,1300,232,76,0.000466491633157338,3.661070110824858e-07,5.475659072320071e-05,0.015476609215617306,150
Gad1-F-700556,68,42,26,280,42,26,9.386818267730443e-05,1.704040118787109e-07,1.8509466547646784e-05,0.003416913722928496,65
Gad1-F-700558,589,457,132,5886,457,132,0.0064793327798635105,0.005565608365194579,0.00010638496961322637,0.02959650268830712,348
Gad1-F-700559,186,134,52,1059,134,52,0.0003876432344253042,4.7249576307314814e-07,2.513407588989112e-05,0.009346264006833827,148
Gad1-F-700560,102,42,60,720,42,60,0.0006489634352869564,1.4468292994369247e-06,1.4157921498914366e-05,0.005125370584392744,79
Gad1-F-700561,182,98,84,1396,98,84,0.0002796481075106841,1.451861285412319e-06,6.717039533116617e-05,0.009145269081955681,89
Gad1-F-700562,706,205,501,4743,205,501,0.010161315109074387,9.774144057892738e-05,3.230153151460786e-05,0.035475604240992914,352
Gad1-F-700563,164,86,78,1020,86,78,0.0003145312797018492,3.993639126400933e-07,5.0101097952554833e-05,0.00824079192000402,124
Gad1-F-700564,609,498,111,6090,498,111,0.006929355437229027,0.010790932479252766,0.00010385194556757337,0.030601477312697856,348
Gad1-F-700565,78,31,47,409,31,47,0.00043296531785108237,9.979436143564e-07,1.2936139223357716e-05,0.003919401035123863,75
Gad1-F-700566,190,37,153,957,37,153,0.0001610579868290135,1.5113258100535613e-07,2.0864372458021716e-05,0.009547258931711974,133
Gad1-F-700568,105,76,29,521,76,29,0.00029631585193155374,1.2409469235307128e-07,1.928757065962873e-05,0.005276116778051354,88
Gad1-F-700570,103,47,56,402,47,56,0.0001881288796243829,1.693677123016425e-07,1.3485394399400124e-05,0.0051756193156122805,90
Gad1-F-700571,100,18,82,376,18,82,5.962247886735163e-05,1.3582096282625259e-07,1.328784048815447e-05,0.00502487312195367,86
Gad1-F-700572,51,47,4,139,47,4,0.0001462430599708647,9.880999782067749e-08,2.5077756361479054e-05,0.002562685292196372,50
Gad1-F-700573,537,168,369,4023,168,369,0.0041518862186328675,2.3683563186119146e-05,2.708786990592876e-05,0.02698356866489121,352
Gad1-F-700574,158,23,135,1138,23,135,0.00019808036798131924,1.4687858473607922e-06,8.544945932482739e-06,0.0079392995326868,97
Gad1-F-700576,152,77,75,659,77,75,0.0008095013184974591,3.401292306946513e-06,1.7545135768963e-05,0.007637807145369579,118
Gad1-F-700577,283,214,69,1489,214,69,0.003445634588106505,0.0019897093268838747,2.9993618782896737e-05,0.014220390935128889,254
Gad1-F-700578,174,79,95,1028,79,95,0.00039059460000110676,5.555221086129349e-07,2.8344110309756197e-05,0.008743279232199388,121
Gad1-F-700579,393,152,241,2645,152,241,0.0023504359492293823,2.5194178513252997e-05,2.7811990717918373e-05,0.019747751369277925,168
Gad1-F-700580,455,256,199,3612,256,199,0.011439267064506256,8.857084352869892e-05,3.8266323446503274e-05,0.0228631727048892,352
Gad1-F-700581,248,83,165,1234,83,165,0.00032707780797113455,3.092928618617148e-07,4.174711541370898e-05,0.012461685342445104,150
Gad1-F-700582,195,69,126,825,69,126,0.0002756520968821638,3.1120324992966145e-07,3.3302351065944565e-05,0.009798502587809657,143
Gad1-F-700583,111,81,30,681,81,30,0.00018924498113683593,2.0674016316483867e-07,3.693910285591194e-05,0.005577609165368575,83
Gad1-F-700584,94,87,7,250,87,7,0.0002502985407172438,1.0507957074997107e-07,2.784933385797596e-05,0.004723380734636451,82
Gad1-F-700585,79,75,4,381,75,4,0.0008148000689115293,2.0904728246685206e-06,4.77275826542092e-05,0.0039696497663434,74
Gad1-F-700586,159,47,112,886,47,112,5.9472074512671406e-05,9.120777108618098e-08,3.6691229203162016e-05,0.007989548263906337,107
Gad1-F-700587,298,188,110,1403,188,110,0.0008952993687294208,1.9040535111927023e-06,3.0784557492051345e-05,0.014974121903421938,179
Gad1-F-700588,112,62,50,378,62,50,0.00021966895178379234,1.7718140455405112e-07,1.6252879614204834e-05,0.005627857896588111,96
Gad1-F-700589,681,180,501,8405,180,501,0.001136701429325879,8.619167421046665e-06,2.470611470456979e-05,0.0342193859605045,205
Gad1-F-700590,23,8,15,124,8,15,9.661288101774143e-05,1.324298336812442e-07,9.065852281133648e-06,0.0011557208180493442,23
Gad1-F-700591,80,49,31,393,49,31,0.0002468467369304891,1.5315120499879258e-07,1.6794793862129146e-05,0.004019898497562936,71
Gad1-F-700592,831,159,672,5047,159,672,0.0032467660753260586,2.721352745691758e-05,1.5847954733714612e-05,0.041756695643435,352
Gad1-F-700593,168,113,55,1164,113,55,0.0003639235542607204,2.7797449826898276e-06,4.79585657816585e-05,0.008441786844882167,90
Gad1-F-700594,679,308,371,4316,308,371,0.00799843317248808,2.289124298853503e-05,2.850019842236641e-05,0.03411888849806542,352
Gad1-F-700595,905,25,880,9197,25,880,0.0010434578272703764,5.047678289247346e-07,8.444507435102235e-06,0.04547510175368072,352
Gad1-F-700596,542,306,236,4025,306,236,0.012956989889260879,0.0002530609216397285,4.726453840063287e-05,0.027234812320988896,352
Gad1-F-700598,268,77,191,1585,77,191,0.00025779991306119795,2.798283878009293e-07,4.949290786269599e-05,0.013466659966835838,140
Gad1-F-700599,19,3,16,37,3,16,2.704032481622404e-06,2.1295372850826279e-10,9.395058841528374e-06,0.0009547258931711974,19
Gad1-F-700600,250,66,184,1142,66,184,0.00027244133832920287,2.8525114666606205e-07,2.9177340129758843e-05,0.012562182804884177,150
Gad1-F-700601,434,120,314,3386,120,314,0.0010972684274743868,4.974879673825797e-06,1.9373422928512858e-05,0.021807949349278932,205
Gad1-F-700602,229,182,47,917,182,47,0.00033187294418576927,9.736984456434508e-08,5.0902586834137146e-05,0.011506959449273905,149
Gad1-F-700603,312,52,260,2131,52,260,0.0005876404987847387,1.3485075900865248e-05,1.1870202689870757e-05,0.015677604140495453,211
Gad1-F-700604,97,79,18,543,79,18,0.00016714046293735035,2.432383063672015e-07,3.137730406602112e-05,0.004874126928295061,72
Gad1-F-700605,143,91,52,629,91,52,0.0003627506157076125,5.565433715417783e-07,2.3896722920764768e-05,0.0071855685643937494,120
Gad1-F-700607,1252,1089,163,9499,1089,163,0.02183235055688819,3.332834124020297e-05,0.00011385808319784853,0.06291141148685996,352
Gad1-F-700608,531,282,249,4928,282,249,0.01354982135752221,0.00014177651977728936,5.552188774863081e-05,0.02668207627757399,352
Gad1-F-700609,380,224,156,2541,224,156,0.01105638596625017,4.377013606405502e-05,3.41390714511686e-05,0.01909451786342395,349
Gad1-F-700610,349,150,199,2062,150,199,0.0007816601090878012,4.46504145670412e-06,6.576292133067022e-05,0.01753680719561831,218
Gad1-F-700611,291,241,50,1167,241,50,0.00032689278100120394,1.4238602235151408e-07,6.826090454977272e-05,0.014622380784885182,148
Gad1-F-700612,236,113,123,1677,113,123,0.00042645334762860036,1.373000911124047e-06,1.6603581286206903e-05,0.011858700567810663,150
Gad1-F-700613,612,217,395,4988,217,395,0.012614418783051027,4.5657868956506685e-05,3.6947362141312046e-05,0.030752223506356466,352
Gad1-F-700614,445,245,200,3698,245,200,0.013070179797483095,4.779852738698199e-05,4.82386229139071e-05,0.022360685392693834,352
Gad1-F-700615,391,207,184,3468,207,184,0.012238058019799278,6.0108509042166113e-05,4.026142358964955e-05,0.019647253906838854,348
Gad1-F-700616,187,174,13,1021,174,13,0.0009276453765480322,7.169982436889901e-06,2.0509752173929586e-05,0.009396512738053364,179
Gad1-F-700617,275,123,152,1381,123,152,0.00035143584424623676,4.0109189843457825e-07,5.79110424778849e-05,0.013818401085372594,148
Gad1-F-700618,1656,759,897,17481,759,897,0.026732839209788747,6.267567221790483e-05,0.0004974473178686567,0.08321189889955279,352
Gad1-F-700619,22,17,5,64,17,5,1.4438138631312357e-05,3.726991773759716e-09,1.9070899713163325e-05,0.0011054720868298076,21
Gad1-F-700620,542,337,205,4199,337,205,0.01531918626984206,6.0376891018173895e-05,5.944806089997705e-05,0.027234812320988896,352
Gad1-F-700621,182,43,139,799,43,139,6.756925538401154e-05,9.822638888811255e-08,3.578289314242808e-05,0.009145269081955681,106
Gad1-F-700622,119,99,20,563,99,20,0.00027089971687625384,2.123564924393792e-07,6.431261752399519e-05,0.005979599015124868,92
Gad1-F-700623,409,223,186,3410,223,186,0.012633968559020528,5.980911518642705e-05,4.439003473411588e-05,0.02055173106879051,352
Gad1-F-700624,790,536,254,13026,536,254,0.007401032738349718,0.013197458847478834,0.00028656646178445473,0.039696497663434,348
Gad1-F-700625,162,122,40,599,122,40,0.00024286132807145925,6.097727496739296e-08,3.1371542647312584e-05,0.008140294457564947,136
Gad1-F-700626,209,163,46,787,163,46,0.0002495614002941405,1.333605820002079e-07,3.458771248305865e-05,0.010501984824883171,148
Gad1-F-700628,505,165,340,3049,165,340,0.009228456086422187,2.5566636780061873e-05,3.167176483568637e-05,0.025375609265866038,352
Gad1-F-700629,214,31,183,943,31,183,5.366444149839629e-05,6.371022690955856e-08,1.0722200079651564e-05,0.010753228480980856,138
Gad1-F-700630,334,259,75,1477,259,75,0.0007276694208817326,1.3575549844511762e-06,5.947310428766293e-05,0.01678307622732526,150
Gad1-F-700631,245,141,104,1323,141,104,0.0005510438093481796,6.681030451691279e-07,4.6068939005425824e-05,0.012310939148786493,118
Gad1-F-700632,439,211,228,3588,211,228,0.0011119150851070401,1.0948651232328405e-05,2.317056990933539e-05,0.022059193005376614,235
Gad1-F-700633,241,203,38,960,203,38,0.0004431140288533748,2.725080408927281e-07,4.9420403168840724e-05,0.012109944223908346,150
Gad1-F-700634,29,17,12,81,17,12,3.478495552312495e-05,4.318678490330078e-08,9.595982834934252e-06,0.0014572132053665644,28
Gad1-F-700635,232,97,135,971,97,135,0.0004292638158702029,5.492936799583043e-07,3.14623330717162e-05,0.011657705642932515,150
Gad1-F-700636,152,81,71,794,81,71,0.0003271421413311598,1.5441543547315665e-06,1.6352990036051745e-05,0.007637807145369579,127
Gad1-F-700637,224,84,140,1062,84,140,0.0003798651544381874,3.781023891618064e-07,4.7204545423092207e-05,0.011255715793176222,150
Gad1-F-700638,79,53,26,279,53,26,0.0002467081295359723,1.3332764157153385e-07,1.8380103391555856e-05,0.0039696497663434,76
Gad1-F-700640,548,168,380,3263,168,380,0.0013247096394803156,1.1193109493010552e-05,3.0477590855416866e-05,0.027536304708306116,205
Gad1-F-700641,122,68,54,1954,68,54,0.00020151064629007556,3.5164381313237977e-06,5.3610239004100944e-05,0.006130345208783478,94
Gad1-F-700643,96,36,60,605,36,60,0.0003125384804556327,7.701584010710857e-07,1.1286138257307507e-05,0.004823878197075524,82
Gad1-F-700644,134,88,46,816,88,46,0.0005293912833061723,1.9478641198540248e-06,2.0137528221891707e-05,0.006733329983417919,127
Gad1-F-700645,40,12,28,177,12,28,2.3387529126912524e-05,5.855533294306189e-09,1.0987820482532472e-05,0.002009949248781468,36
Gad1-F-700646,268,171,97,1677,171,97,0.002638096430785876,9.920990659262427e-06,6.591440561945247e-05,0.013466659966835838,195
Gad1-F-700647,752,397,355,13655,397,355,0.005431506227766439,0.004629117218407041,8.242743999975935e-05,0.037787045877091606,348
Gad1-F-700648,275,244,31,2196,244,31,0.000786011895277936,2.292007308259212e-06,0.00013031302074242117,0.013818401085372594,137
Gad1-F-700649,388,64,324,2793,64,324,0.0007437000702459012,2.7447103123357818e-05,1.613669281531069e-05,0.019496507713180244,205
Gad1-F-700650,428,427,1,2139,427,1,0.0010731947418188476,1.017101336281467e-06,0.00016582332635933517,0.021506456961961712,150
Gad1-F-700651,121,60,61,799,60,61,0.0001153479923178204,1.7416588753203594e-07,2.0547707242061334e-05,0.006080096477563942,85
Gad1-F-700652,404,390,14,2080,390,14,0.0008563737324407703,1.005464703816933e-06,0.00012958352324641647,0.02030048741269283,148
Gad1-F-700653,218,97,121,942,97,121,0.001843234735610609,9.01848377316346e-05,1.4472875459211123e-05,0.010954223405859002,164
Gad1-F-700654,655,47,608,4377,47,608,0.00048445447606814757,1.868078833489925e-06,1.1952152513459227e-05,0.03291291894879654,268
Gad1-F-700655,29,7,22,141,7,22,5.1388314328459586e-05,3.189746240194282e-08,4.092585722804637e-05,0.0014572132053665644,29
Gad1-F-700656,299,196,103,1334,196,103,0.004600889186068792,6.684573601617897e-06,5.9658704525408516e-05,0.015024370634641475,207
Gad1-F-700658,182,120,62,591,120,62,0.0004574535955474121,1.692719419607075e-06,2.143598195731894e-05,0.009145269081955681,135
Gad1-F-700659,7,3,4,9,3,4,7.005230044162753e-06,1.6130897229056492e-09,7.6092790797962645e-06,0.00035174111853675694,7
Gad1-F-700660,90,16,74,359,16,74,7.998540645371922e-05,1.3062475855484958e-07,1.5933320239009967e-05,0.004522385809758303,80
Gad1-F-700661,209,113,96,1373,113,96,0.00039739838064339195,7.59206386314366e-07,6.389246846515509e-05,0.010501984824883171,135
Gad1-F-700662,16,13,3,26,13,3,3.2268716247706324e-05,7.583089353789115e-09,9.354439704769513e-06,0.0008039796995125873,16
Gad1-F-700663,45,31,14,224,31,14,7.305725229321277e-05,6.539684758297494e-08,3.672059565708482e-05,0.0022611929048791516,43
Gad1-F-700664,82,64,18,556,64,18,0.000302705582342028,4.782131213282737e-07,3.777017379036367e-05,0.00412039596000201,78
Gad1-F-700665,96,72,24,794,72,24,0.0006523925244536089,2.57788014267582e-06,2.4078807686103274e-05,0.004823878197075524,84
Gad1-F-700667,51,8,43,223,8,43,5.277378572995561e-05,2.7191570740824818e-08,8.838343592800108e-06,0.002562685292196372,50
Gad1-F-700668,228,187,41,843,187,41,0.0009792204991202033,3.6800584363097025e-06,3.734595171972515e-05,0.01145671071805437,150
Gad1-F-700669,87,20,67,664,20,67,1.6920007691749168e-05,3.026349278352146e-08,1.165619006048086e-05,0.004371639616099694,79
Gad1-F-700670,195,46,149,773,46,149,0.0001761625569190561,2.3400335962378364e-07,1.8216847786393506e-05,0.009798502587809657,147
Gad1-F-700671,24,16,8,60,16,8,4.741309788995899e-05,1.7009148730776323e-08,1.0880453240784596e-05,0.001205969549268881,24
Gad1-F-700672,101,48,53,761,48,53,0.0004802792382178205,2.0004149481397646e-06,1.525394068358379e-05,0.005075121853173208,83
Gad1-F-700673,16,9,7,67,9,7,0.0002117042672680545,1.815255580451402e-07,1.0177849561742606e-05,0.0008039796995125873,16
Gad1-F-700674,236,107,129,1119,107,129,0.0004328108864971347,4.928458450580557e-07,4.2385707143604254e-05,0.011858700567810663,150
Gad1-F-700675,301,275,26,990,275,26,0.008564806831193,1.0471196842200761e-05,2.5252731276149933e-05,0.015124868097080548,285
Gad1-F-700676,403,221,182,2697,221,182,0.011259650365328272,6.694370877921132e-05,3.8312757768136435e-05,0.02025023868147329,345
Gad1-F-700677,170,106,64,667,106,64,0.00048418758416252994,6.298457372146544e-06,2.0310884203672947e-05,0.00854228430732124,122
Gad1-F-700678,291,31,260,2561,31,260,8.801591407589232e-05,2.376677530006903e-08,1.1503254937493321e-05,0.014622380784885182,135
Gad1-F-700679,183,120,63,834,120,63,0.00040089987705262803,5.235955605528856e-07,5.808681504913863e-05,0.009195517813175217,125
Gad1-F-700681,280,273,7,801,273,7,0.006572429342292076,8.891067686351014e-06,2.1138956289847873e-05,0.014069644741470278,264
Gad1-F-700682,72,45,27,334,45,27,0.000401673128969312,1.1851026168351637e-06,1.2038632203729919e-05,0.003617908647806643,70
Gad1-F-700683,52,27,25,173,27,25,8.182740524301392e-05,7.380396180746018e-08,1.261129363420386e-05,0.002612934023415909,50
Gad1-F-700684,190,123,67,1178,123,67,0.00042713993551000235,6.17247421975837e-07,8.209772566762083e-05,0.009547258931711974,134
Gad1-F-700685,163,98,65,769,98,65,0.0003561661641108418,1.2966175887626342e-06,1.7903852317668633e-05,0.008190543188784483,117
Gad1-F-700686,256,111,145,1241,111,145,0.000931814037956665,1.5492541595058396e-06,2.3380524880307e-05,0.012863675192201397,139
Gad1-F-700687,471,290,181,2815,290,181,0.01161628749861847,4.049842475582836e-05,3.632757203735254e-05,0.02366715240440179,352
Gad1-F-700688,87,29,58,463,29,58,0.00027106501795485117,3.260797221177999e-07,1.0536086877716683e-05,0.004371639616099694,79
Gad1-F-700689,121,80,41,563,80,41,0.00018727407689442523,1.6036619017599587e-07,3.026264343197551e-05,0.006080096477563942,104
Gad1-F-700690,340,252,88,2152,252,88,0.0008797022200192911,1.3819275973278336e-06,0.00011635104943185309,0.01708456861464248,143
Gad1-F-700691,460,206,254,3281,206,254,0.011460622951778982,4.544648408919698e-05,3.6350643001076336e-05,0.023114416360986885,352
Gad1-F-700692,64,40,24,243,40,24,0.00029021152024137024,4.774306358789395e-07,1.4416715744471777e-05,0.0032159187980503492,60
Gad1-F-700693,231,74,157,667,74,157,0.00018606084657270527,2.40953875843718e-07,1.5671335000171174e-05,0.01160745691171298,150
Gad1-F-700695,79,32,47,417,32,47,0.0003157453722714614,7.314965997877073e-07,1.2646784110717562e-05,0.0039696497663434,70
Gad1-F-700697,184,105,79,779,105,79,0.0005795907356402245,8.681121570354346e-07,2.3248085451637494e-05,0.009245766544394754,131
Gad1-F-700698,190,8,182,655,8,182,4.777236810287455e-06,6.648427275039759e-09,9.426907448938125e-06,0.009547258931711974,148
Gad1-F-700699,280,117,163,1366,117,163,0.0005802120669559143,1.769921314397078e-06,1.419243826841304e-05,0.014069644741470278,204
Gad1-F-700700,18,7,11,71,7,11,5.926142708102703e-06,9.128143515646578e-10,9.07893272176876e-06,0.0009044771619516607,18
Gad1-F-700701,227,134,93,1044,134,93,0.0010725744937243177,2.6069749325572044e-05,1.8806104267122615e-05,0.011406461986834832,148
Gad1-F-700702,361,180,181,2971,180,181,0.0009385625742852174,1.1732413676439243e-05,2.191488022092765e-05,0.018139791970252752,205
Gad1-F-700703,117,81,36,672,81,36,0.0005557290326035963,1.204510002339298e-06,3.402542735021925e-05,0.005879101552685795,100
Gad1-F-700704,192,143,49,809,143,49,0.0017079276461428212,1.0255831176128556e-05,6.577854154546282e-05,0.009647756394151047,146
Gad1-F-700705,644,252,392,3026,252,392,0.0035526043453683698,1.825858242167072e-05,2.0777334469194458e-05,0.03236018290538164,352
Gad1-F-700706,292,119,173,2460,119,173,0.0005813081175554213,2.190315911694763e-06,1.625436024532207e-05,0.014672629516104718,211
Gad1-F-700707,217,205,12,681,205,12,0.004294339352337613,1.3339634125261746e-05,2.1826376218403918e-05,0.010903974674639466,208
Gad1-F-700708,182,79,103,864,79,103,0.0005373587553867976,2.2325691560225696e-06,1.637529541198627e-05,0.009145269081955681,123
Gad1-F-700709,221,68,153,879,68,153,0.00019321862218032567,2.206818057896556e-07,2.567622340166571e-05,0.011104969599517612,148
Gad1-F-700710,132,70,62,945,70,62,0.0005923507151094271,2.5930785499964837e-06,1.7422460481014946e-05,0.006632832520978845,109
Gad1-F-700711,90,48,42,513,48,42,7.709859815020764e-05,3.724473213175811e-07,1.931382926965274e-05,0.004522385809758303,80
Gad1-F-700712,562,54,508,5003,54,508,0.0002506721050995551,1.8558247987379589e-06,8.665325634187847e-06,0.028239786945379628,205
Gad1-F-700713,74,63,11,435,63,11,0.00021203406318009678,2.3499928407459202e-07,4.163405731851393e-05,0.0037184061102457163,63
Gad1-F-700714,386,174,212,2114,174,212,0.0005719824190989724,1.8669403974194219e-06,4.156019275697584e-05,0.01939601025074117,186
Gad1-F-700716,115,67,48,539,67,48,0.0006156129798885318,2.679187663431613e-06,2.0758163474451722e-05,0.005778604090246721,105
Gad1-F-700717,144,53,91,1001,53,91,9.692052764450053e-05,2.2115304826927012e-07,6.500098728336782e-05,0.007235817295613286,99
Gad1-F-700718,152,124,28,679,124,28,0.0004529520458251948,7.919754819604049e-07,6.602180459165548e-05,0.007637807145369579,96
Gad1-F-700719,118,47,71,696,47,71,0.0003861671698391821,1.231057266631157e-06,1.3142835258653396e-05,0.0059293502839053314,99
Gad1-F-700720,15,13,2,36,13,2,3.344585129089874e-05,1.554987719541028e-08,9.057400325743168e-06,0.0007537309682930506,15
Gad1-F-700721,53,51,2,204,51,2,0.00012797317208454676,1.275450844698459e-07,5.2582894090853036e-05,0.0026631827546354453,48
Gad1-F-700723,28,19,9,83,19,9,3.542302980045513e-05,2.299838461282797e-08,1.1657596843386607e-05,0.0014069644741470278,28
Gad1-F-700724,113,45,68,552,45,68,0.0002360850439031038,3.614971969770548e-07,1.2936520268494542e-05,0.0056781066278076475,97
Gad1-F-700727,31,28,3,113,28,3,0.00010339893240438965,1.9025518471517225e-08,1.3735545680845893e-05,0.001557710667805638,31
Gad1-F-700728,65,11,54,291,11,54,5.2843694946584086e-05,1.866300941365279e-08,8.601867934970113e-06,0.003266167529269886,63
Gad1-F-700729,64,57,7,560,57,7,0.00021260849671570894,2.1146371625609772e-05,0.00013551903541671209,0.0032159187980503492,47
Gad1-F-700730,83,76,7,175,76,7,0.00019986563118159497,6.083270216281903e-08,2.2863821117664346e-05,0.004170644691221546,73
Gad1-F-700731,104,72,32,437,72,32,0.00019951691440341215,1.7409567996395804e-07,2.3692178074693862e-05,0.005225868046831818,88
Gad1-F-700732,608,119,489,2976,119,489,0.00835677841581578,2.5385280172030715e-05,2.9089037544376274e-05,0.030551228581478317,341
Gad1-F-700733,65,64,1,344,64,1,0.00016478120942395864,3.66845552819447e-07,3.702966096658841e-05,0.003266167529269886,62
Gad1-F-700734,51,25,26,158,25,26,0.00017117240207575808,9.430378696311595e-08,1.2333123220008966e-05,0.002562685292196372,45
Gad1-F-700735,148,99,49,842,99,49,0.000315775570098949,6.832375532566743e-07,3.000729739444514e-05,0.0074368122204914325,99
Gad1-F-700736,52,12,40,123,12,40,4.6997382529862194e-05,1.945268255984034e-08,8.324792070076215e-06,0.002612934023415909,51
Gad1-F-700737,89,58,31,310,58,31,0.00026455361043603944,3.506627379383805e-07,1.6081697238749562e-05,0.004472137078538767,83
Gad1-F-700739,16,5,11,34,5,11,5.0139989964421655e-06,2.07419152138709e-09,9.724166466310024e-06,0.0008039796995125873,16
Gad1-F-700740,358,174,184,2153,174,184,0.009510852461526699,0.00010976590887060375,2.764659825574468e-05,0.017989045776594142,320
Gad1-F-700741,140,85,55,857,85,55,0.0001638675355573388,2.2682169013306052e-07,5.187685473765717e-05,0.007034822370735139,100
Gad1-F-700742,24,13,11,67,13,11,1.9618016188663e-05,8.605299171727447e-09,1.4137510289389283e-05,0.001205969549268881,24
Gad1-F-700744,248,222,26,932,222,26,0.0003058801094738879,1.4193289856635067e-07,6.417304544631336e-05,0.012461685342445104,148
Gad1-F-700745,230,175,55,1160,175,55,0.0006806642134365821,1.2976177623743715e-06,6.678235596466138e-05,0.011557208180493442,142
Gad1-F-700746,98,56,42,429,56,42,0.0005793511737603497,4.704562389698223e-07,2.4493714942935594e-05,0.004924375659514597,88
Gad1-F-700747,224,38,186,696,38,186,0.0001561913436815559,1.0025486510004954e-07,1.666750135494963e-05,0.011255715793176222,150
Gad1-F-700748,84,38,46,352,38,46,0.00010182200312464485,2.1456815559502137e-07,1.4450321065392773e-05,0.004220893422441084,75
Gad1-F-700751,151,23,128,464,23,128,9.279144688135316e-05,5.893748802517063e-08,1.1406755600641459e-05,0.007587558414150043,134
Gad1-F-700752,42,19,23,89,19,23,6.785360742476168e-05,1.2026041401469328e-06,9.442744175894043e-06,0.002110446711220542,42
Gad1-F-700753,101,50,51,382,50,51,0.0008074233710149633,1.8811552524636258e-06,1.2846182340449035e-05,0.005075121853173208,91
Gad1-F-700754,119,44,75,354,44,75,0.0005699393941305008,1.7500224098998163e-05,9.396451710147659e-06,0.005979599015124868,118
Gad1-F-700755,301,174,127,914,174,127,0.0003045033693890801,1.451985344357763e-07,3.902269576654386e-05,0.015124868097080548,150
Gad1-F-800002,407,244,163,2349,244,163,0.0036402791451391617,6.705847387262111e-05,3.0018595901929424e-05,0.02045123360635144,214
Gad1-F-800004,209,97,112,636,97,112,0.0003373703511748357,1.6553113982482507e-07,4.43072532394731e-05,0.010501984824883171,148
Gad1-F-800005,16,9,7,37,9,7,8.451079155180021e-05,2.115519327517293e-08,8.505052421390268e-06,0.0008039796995125873,16
Gad1-F-800006,233,20,213,632,20,213,0.00011342832983979408,7.128473105595895e-07,7.98963925880265e-06,0.011707954374152053,142
Gad1-F-800007,141,45,96,504,45,96,7.520266037644776e-05,9.331246180593533e-08,3.74178202288326e-05,0.007085071101954676,98
Gad1-F-800008,17,11,6,58,11,6,1.2732317305861486e-05,6.087309288068791e-09,1.132635612220049e-05,0.000854228430732124,17
Gad1-F-800009,242,220,22,1280,220,22,0.0003958945169551899,6.861163404693821e-07,0.00015175335538832431,0.012160192955127883,94
Gad1-F-800010,34,4,30,181,4,30,5.640097399993913e-06,2.2640138897391214e-09,8.392679206023328e-06,0.001708456861464248,32
Gad1-F-800011,202,16,186,599,16,186,5.4202491912064176e-05,1.5288360046989675e-07,8.13702663345329e-06,0.010150243706346415,131
Gad1-F-800012,32,20,12,79,20,12,5.869275646439906e-05,1.1523376285650638e-07,8.082466592381693e-06,0.0016079593990251746,32
Gad1-F-800013,566,213,353,3731,213,353,0.009623472687278976,1.3443559205043243e-05,2.711022911095711e-05,0.028440781870257777,352
Gad1-F-800014,169,114,55,1216,114,55,0.00045271403686104054,3.2044905083208525e-06,4.193059504780216e-05,0.008492035576101703,96
Gad1-F-800015,133,49,84,406,49,84,0.00039740354192585885,8.054749416302653e-07,1.1062655866227444e-05,0.006683081252198382,124
Gad1-F-800017,191,54,137,583,54,137,0.0010813519622398804,9.76516898046867e-07,9.341243612981251e-06,0.009597507662931512,131
Gad1-F-800018,77,73,4,231,73,4,0.001620673079346172,7.60770473963664e-06,1.29075981976027e-05,0.0038691523039043265,77
Gad1-F-800019,158,125,33,1337,125,33,0.0003530899946202631,3.211451770606279e-06,0.0001086815975377792,0.0079392995326868,89
Gad1-F-800020,78,61,17,207,61,17,0.0011696428499057645,6.525358857201163e-06,1.1421701708639912e-05,0.003919401035123863,78
Gad1-F-800021,200,195,5,732,195,5,0.0009515866596752775,3.789991170548883e-06,4.054021668165681e-05,0.01004974624390734,127
Gad1-F-800022,327,230,97,2761,230,97,0.00041148935776492675,1.2591469212308563e-06,0.0002923717260347928,0.016431335108788504,102
Gad1-F-800023,186,119,67,668,119,67,0.0021702429321901725,5.0554176622360154e-05,1.750773097663772e-05,0.009346264006833827,165
Gad1-F-800025,402,191,211,2373,191,211,0.004860753316382967,1.2894565532599295e-05,2.425185109831912e-05,0.020199989950253756,348
Gad1-F-800026,170,71,99,1275,71,99,9.014487390715054e-05,1.8771464775792932e-07,4.959671082254353e-05,0.00854228430732124,84
Gad1-F-800027,173,166,7,567,166,7,0.001501249435118663,1.731906449788937e-05,2.9759633391284054e-05,0.00869303050097985,138
Gad1-F-800028,502,171,331,2862,171,331,0.0008055384404839862,3.280521144731292e-06,1.8454976022826647e-05,0.025224863072207428,211
Gad1-F-800029,509,485,24,1381,485,24,0.00795190473919572,5.371437693148698e-06,6.008042573760081e-05,0.025576604190744184,286
Gad1-F-800030,88,51,37,352,51,37,0.00014658070824869734,9.849993365941824e-08,2.080506492343931e-05,0.00442188834731923,80
Gad1-F-800031,54,32,22,161,32,22,0.00017023018873947137,1.8856550931251555e-07,1.1900653602635493e-05,0.002713431485854982,54
Gad1-F-800032,13,9,4,47,9,4,1.2034356211308899e-05,2.4318664901988878e-08,1.1121466272335867e-05,0.0006532335058539772,12
Gad1-F-800033,163,61,102,785,61,102,0.0003058994057552554,3.673706939338685e-07,2.531181658019562e-05,0.008190543188784483,99
Gad1-F-800035,69,39,30,260,39,30,0.0002444050362837828,1.5344515837327535e-07,1.3387088075031733e-05,0.0034671624541480327,66
Gad1-F-800036,312,250,62,1507,250,62,0.001322508879266561,1.0535284375125785e-05,3.453167755810118e-05,0.015677604140495453,193
Gad1-F-800037,131,49,82,486,49,82,0.00021832283339082091,3.043239130044904e-07,1.2800788892432356e-05,0.006582583789759309,108
Gad1-F-800038,68,51,17,211,51,17,0.0003990684024929477,3.640191201232365e-07,1.6363302783358894e-05,0.003416913722928496,65
Gad1-F-800039,219,76,143,1082,76,143,0.0003026739844610992,3.5556714911615636e-07,4.1299382113706974e-05,0.011004472137078539,146
Gad1-F-800040,402,70,332,1892,70,332,0.003846752364040028,2.3788798042847947e-06,1.8441506993944977e-05,0.020199989950253756,242
Gad1-F-800041,93,32,61,333,32,61,0.0001036700326239672,6.280059800031154e-08,1.2507192672553135e-05,0.0046731320034169134,83
Gad1-F-800042,262,101,161,1083,101,161,0.0005244955840616213,4.549359919907786e-06,1.3052876109130555e-05,0.013165167579518617,202
Gad1-F-800043,121,71,50,361,71,50,0.0007792965841998746,8.550178951152703e-06,1.1149261415758816e-05,0.006080096477563942,120
Gad1-F-800046,159,29,130,495,29,130,0.0006805554383738072,2.2123530700117052e-05,1.1140817960103169e-05,0.007989548263906337,154
Gad1-F-800047,98,9,89,384,9,89,8.900282435763138e-05,1.1421558433630903e-07,7.852919128301074e-06,0.004924375659514597,92
Gad1-F-800049,342,149,193,1572,149,193,0.0017809791833403436,3.6238062576883202e-06,1.9339620967922203e-05,0.017185066077081555,229
Gad1-F-800050,63,37,26,145,37,26,0.000194696810648981,5.149013078709987e-07,8.391689342947377e-06,0.0031656700668308124,63
Gad1-F-800051,122,113,9,595,113,9,0.0013277788192260446,7.449096802994062e-06,4.3395277283146334e-05,0.006130345208783478,112
Gad1-F-800052,78,67,11,282,67,11,0.0003963699263032868,3.104505365146119e-06,1.3686052926122366e-05,0.003919401035123863,75
Gad1-F-800053,162,56,106,399,56,106,0.0005362677290466082,4.5455035258456095e-07,1.0400709446745622e-05,0.008140294457564947,139
Gad1-F-800054,178,97,81,744,97,81,0.0003582574023973692,2.4235356517096414e-07,5.2891985489489166e-05,0.008944274157077534,127
Gad1-F-800055,880,392,488,4506,392,488,0.007916116831934267,7.482754155569187e-05,6.341381880947614e-05,0.044218883473192305,318
Gad1-F-800057,158,65,93,594,65,93,0.0002549355481029285,2.1259607287621366e-07,2.944177618522868e-05,0.0079392995326868,128
Gad1-F-800058,179,44,135,758,44,135,0.00034132871381701706,1.0195289428957662e-06,1.1272931122703354e-05,0.008994522888297071,170
Gad1-F-800059,544,379,165,2694,379,165,0.017097434784795165,0.00010543915612794234,5.8075242893477076e-05,0.027335309783427967,352
Gad1-F-800061,222,130,92,1215,130,92,0.0005094036024831148,8.959423017828982e-07,4.593898756227345e-05,0.01115521833073715,138
Gad1-F-800062,108,65,43,550,65,43,0.00012290131130246427,9.39708875571147e-07,2.5693806697309937e-05,0.005426862971709964,94
Gad1-F-800063,148,45,103,510,45,103,0.00018843704199085354,1.4867333855538196e-07,1.941723636476587e-05,0.0074368122204914325,132
Gad1-F-800064,26,15,11,83,15,11,4.253427598950942e-05,6.504417619404852e-08,1.1401961889654592e-05,0.0013064670117079544,25
Gad1-F-800065,53,20,33,230,20,33,7.997852132554347e-05,6.232992771514763e-08,1.2712307454162679e-05,0.0026631827546354453,52
Gad1-F-800066,147,127,20,974,127,20,0.0001589230661225571,2.559252394175952e-07,0.00016850192080783874,0.007386563489271896,106
Gad1-F-800067,41,4,37,112,4,37,3.380854886110797e-06,2.657389326818574e-10,9.35643710236081e-06,0.002060197980001005,40
Gad1-F-800068,479,116,363,2802,116,363,0.005709744554763543,3.040496011003832e-06,1.9814681774462173e-05,0.02406914225415808,294
Gad1-F-800069,166,51,115,695,51,115,0.00045953029915431475,2.0242087759580127e-06,1.0817270489376646e-05,0.008341289382443093,146
Gad1-F-800070,202,114,88,2962,114,88,0.00034450487805800226,3.916883261283745e-06,0.0001608334794550149,0.010150243706346415,99
Gad1-F-800071,450,154,296,1953,154,296,0.001404552266763314,6.50909743711911e-06,2.8086227603450083e-05,0.02261192904879152,234
Gad1-F-800072,86,22,64,439,22,64,0.00018335705449774842,1.6194067218245691e-07,2.3929340777673892e-05,0.004321390884880157,79
Gad1-F-800073,585,377,208,3378,377,208,0.014433837935852914,0.00043552010393723393,0.00012412606933490607,0.029395507763428974,278
Gad1-F-800074,545,197,348,3567,197,348,0.004775489216942036,1.2176833874194111e-05,4.300131097753074e-05,0.027385558514647506,283
Gad1-F-800075,237,18,219,674,18,219,0.0001382625050267795,6.512205202763483e-08,7.95353311294163e-06,0.0119089492990302,131
Gad1-F-800076,338,182,156,2149,182,156,0.00864165647897583,2.3290367575770036e-05,2.952127035115e-05,0.016984071152203406,317
Gad1-F-800077,200,196,4,658,196,4,0.005643917698295404,5.9595813366029105e-05,2.4802876545561237e-05,0.01004974624390734,147
Gad1-F-800078,227,130,97,1041,130,97,0.0010418115604295941,1.207376607758199e-05,3.959695675211089e-05,0.011406461986834832,194
Gad1-F-800079,147,56,91,666,56,91,0.0005052136224263632,6.788942983290279e-07,1.587932084344206e-05,0.007386563489271896,115
Gad1-F-800080,161,87,74,835,87,74,0.0003791877519107379,1.58532821325975e-06,2.0591319191878396e-05,0.00809004572634541,94
Gad1-F-800081,159,52,107,914,52,107,0.00043408382522649904,5.736253983004865e-07,1.1319618682390256e-05,0.007989548263906337,110
Gad1-F-800082,307,67,240,2589,67,240,0.0008480654359325001,2.8990694826022052e-06,1.635462076278617e-05,0.015426360484397768,210
Gad1-F-800083,388,368,20,2150,368,20,0.0008323270926347512,1.4263089081612057e-06,0.00014431004113136544,0.019496507713180244,150
Gad1-F-800084,439,235,204,3363,235,204,0.010680403733763878,0.0001279079885666403,3.9594017603910416e-05,0.022059193005376614,352
Gad1-F-800086,214,82,132,1108,82,132,0.0003697797531260284,1.6474653851174172e-06,1.643049239278483e-05,0.010753228480980856,160
Gad1-F-800087,402,230,172,2515,230,172,0.010309862196340202,0.00010204845346242247,3.313291490449877e-05,0.020199989950253756,349
Gad1-F-800088,720,119,601,4423,119,601,0.0009640816838637703,3.51690998378609e-05,9.060192731233436e-05,0.036179086478066426,295
Gad1-F-800089,2242,2138,104,108239,2138,104,0.025619257760307552,0.19660896404453793,0.0020312553511732034,0.11265765539420129,348
Gad1-F-800090,103,34,69,448,34,69,0.0004555401668823768,2.243890271436005e-06,1.3789917297060951e-05,0.0051756193156122805,90
Gad1-F-800091,282,132,150,1534,132,150,0.0010789879595601473,3.030276358806184e-06,2.6993891536313318e-05,0.014170142203909351,223
Gad1-F-800093,457,24,433,2116,24,433,0.0009379299979588491,3.2146037007953707e-07,8.34155419646362e-06,0.022963670167328275,352
Gad1-F-800094,310,32,278,1448,32,278,0.0004642081757753048,7.336587071697563e-07,9.085929778514406e-06,0.015577106678056379,179
Gad1-F-800095,364,286,78,3228,286,78,0.0025033287740433433,2.5788741922533396e-05,0.0001064607143822022,0.018290538163911362,231
Gad1-F-800096,217,183,34,846,183,34,0.0005935098974124341,3.619051194053067e-07,5.0787652973064914e-05,0.010903974674639466,148
Gad1-F-800098,1426,901,525,13264,901,525,0.020087042177694414,4.444198959043396e-05,0.00013396610240128844,0.07165469071905935,352
Gad1-F-800099,432,78,354,2207,78,354,0.004010652631437945,3.4297991102144155e-05,1.3303761607904797e-05,0.021707451886839858,232
Gad1-F-800100,370,84,286,2635,84,286,0.0007706785763927622,1.1318626852833605e-05,1.7958978952190795e-05,0.018592030551228583,205
Gad1-F-800101,451,28,423,2620,28,423,0.0012607977785391205,4.5274683485191607e-07,1.0017148286629536e-05,0.022662177780011054,348
Gad1-F-800102,398,201,197,2214,201,197,0.0023003410778203656,8.667507127540926e-06,5.8692243610202526e-05,0.01999899502537561,257
Gad1-F-800104,652,491,161,3550,491,161,0.010823084378623341,1.851557820471877e-05,4.1914985139745664e-05,0.03276217275513793,352
Gad1-F-800106,2747,2666,81,79951,2666,81,0.034065319880971896,0.1544698942321635,0.00175511533513677,0.13803326466006732,348
Gad1-F-800107,608,191,417,3694,191,417,0.0024274228367007554,8.451152487995119e-06,2.328257813166289e-05,0.030551228581478317,205
Gad1-F-800108,719,485,234,7170,485,234,0.006914722027326274,0.005185969579619076,0.00012933625399309606,0.036128837746846894,348
Gad1-F-800109,148,109,39,646,109,39,0.0003816570342298664,2.382663760752935e-07,2.6182433670673e-05,0.0074368122204914325,130
Gad1-F-800110,136,82,54,373,82,54,0.002227451741157641,8.975725425891465e-07,1.0162082847834811e-05,0.006833827445856992,136
Gad1-F-800111,106,32,74,276,32,74,6.021437261824277e-05,4.476957114071093e-08,8.438616936361651e-06,0.005326365509270891,104
Gad1-F-800112,334,89,245,1897,89,245,0.0006898219268500026,8.850534160221096e-06,1.5366300693380614e-05,0.01678307622732526,211
Gad1-F-800113,309,295,14,1496,295,14,0.008535611523194498,2.0357457964108752e-05,3.722630301026945e-05,0.015526857946836843,282
Gad1-F-800114,95,75,20,489,75,20,0.0003562333270726956,3.357372800979339e-07,2.6988457426103888e-05,0.004773629465855987,83
Gad1-F-800115,320,224,96,1549,224,96,0.0012113976218122299,9.95413410099732e-06,2.6443826002486144e-05,0.016079593990251745,205
Gad1-F-800116,100,86,14,601,86,14,0.0018695211899198922,4.807160250496425e-06,2.1770531011196738e-05,0.00502487312195367,94
Gad1-F-800117,82,21,61,709,21,61,3.227296393574342e-05,5.8261801211975966e-08,1.449282891546465e-05,0.00412039596000201,74
Gad1-F-800118,126,90,36,349,90,36,0.001832750603814771,3.2765936173496837e-06,1.3016519454910637e-05,0.006331340133661625,123
Gad1-F-800119,203,179,24,1054,179,24,0.002081046091149233,1.5038540525200937e-05,2.3480207788312688e-05,0.01020049243756595,194
Gad1-F-800120,122,62,60,506,62,60,0.0005966643232161296,2.2073024276258397e-06,1.2474644889129564e-05,0.006130345208783478,119
Gad1-F-800121,200,108,92,862,108,92,0.0010941412277951181,5.9341075704753e-05,1.750388140315654e-05,0.01004974624390734,165
Gad1-F-800122,48,13,35,193,13,35,0.00011572001833049471,1.3397150618112768e-07,8.203289785004653e-06,0.002411939098537762,48
Gad1-F-800124,687,187,500,3843,187,500,0.009883007997424729,6.529966205117574e-05,3.052168569269391e-05,0.03452087834782172,352
Gad1-F-800125,230,84,146,1537,84,146,0.0002566889727437407,3.7071325812726604e-07,3.6925890620759314e-05,0.011557208180493442,128
Gad1-F-800126,785,235,550,5656,235,550,0.0028018930276687997,0.00017107709471225483,4.002266934422059e-05,0.03944525400733632,244
Gad1-F-800127,47,35,12,174,35,12,0.00016687383777022347,3.696147893618063e-07,1.774742400014161e-05,0.0023616903673182254,46
Gad1-F-800128,274,209,65,1098,209,65,0.0003858745355199273,2.0083330555304581e-07,5.629157558348696e-05,0.013768152354153058,150
Gad1-F-800129,1014,621,393,23440,621,393,0.007891267135835489,0.02875796926763979,0.00022026341637651755,0.05095221345661022,348
Gad1-F-800130,414,217,197,3183,217,197,0.011607385170680896,2.501218444794735e-05,3.753653650830823e-05,0.020802974724888196,349
Gad1-F-800131,280,110,170,1619,110,170,0.001779374721867379,1.34593743007205e-05,2.131394859323732e-05,0.014069644741470278,173
Gad1-F-800132,557,29,528,17322,29,528,0.0003878990832467656,0.0002979263823285287,1.097689311268196e-05,0.027988543289281947,348
Gad1-F-800133,332,220,112,2649,220,112,0.001495927849366876,4.542269543624215e-05,2.6460295993245262e-05,0.016682578764886186,211
Gad1-F-800134,293,103,190,1343,103,190,0.0002967217193673603,2.777666107744177e-07,3.7228372639623094e-05,0.014722878247324255,148
Gad1-F-800135,1527,904,623,11927,904,623,0.020210133755001074,4.984469394078082e-05,0.00011308055311012741,0.07672981257223255,352
Gad1-F-800136,321,248,73,1517,248,73,0.0013060491276813927,7.2756842263935855e-06,2.8311939072941554e-05,0.016129842721471284,205
Gad1-F-800137,270,69,201,1297,69,201,0.00041661875221617314,8.081206933049209e-07,1.3271423794106039e-05,0.01356715742927491,210
Gad1-F-800138,177,167,10,833,167,10,0.004159485404253439,1.702498915833288e-05,1.7091275465061832e-05,0.008894025425857996,176
Gad1-F-800139,515,503,12,2097,503,12,0.014611097703086684,2.1463227750503807e-05,4.072559240164999e-05,0.025878096578061404,352
Gad1-F-800140,234,78,156,1005,78,156,0.0002528801038483874,2.472559718752738e-07,2.4880008038047176e-05,0.01175820310537159,148
Gad1-F-800141,358,202,156,2396,202,156,0.009051570968839932,6.595902998158276e-05,2.5096595988801095e-05,0.017989045776594142,334
Gad1-F-800142,123,68,55,352,68,55,0.0015367935426024023,1.2328960405230339e-05,1.186814614518726e-05,0.0061805939400030145,114
Gad1-F-800143,155,130,25,1002,130,25,0.0004039205846663183,6.906877168955715e-07,5.053320304762103e-05,0.007788553339028189,112
Gad1-F-800144,154,111,43,603,111,43,0.0007263761751653663,8.151851171131023e-06,1.4742340989485768e-05,0.007738304607808653,131
Gad1-F-800145,220,84,136,643,84,136,0.00021936568962774986,2.1059750539072658e-07,2.3483290441531054e-05,0.011054720868298076,148
Gad1-F-800146,85,33,52,436,33,52,8.10660174269995e-05,2.451244872489828e-07,1.5092362486670255e-05,0.00427114215366062,76
Gad1-F-800148,135,78,57,609,78,57,0.0006885667065298515,4.004331228998782e-06,2.165456866895041e-05,0.006783578714637455,114
Gad1-F-800149,674,465,209,4173,465,209,0.01039129245451642,2.272024150928066e-05,4.138209826319024e-05,0.03386764484196774,352
Gad1-F-800150,421,122,299,2520,122,299,0.0006684734383755423,3.6688713082127423e-06,2.248128098004105e-05,0.021154715843424952,186
Gad1-F-800151,883,258,625,5978,258,625,0.004245986133576172,3.850929700828486e-05,2.390976654110011e-05,0.044369629666850915,352
Gad1-F-800152,141,112,29,779,112,29,0.001392251075076945,6.0875983879113475e-06,2.0272164801165046e-05,0.007085071101954676,118
Gad1-F-800153,310,269,41,1211,269,41,0.0005776576504737509,4.939506014556637e-07,6.137258722828224e-05,0.015577106678056379,148
Gad1-F-800154,527,410,117,4311,410,117,0.009794046842671912,8.886945564376484e-05,0.00012175019147662463,0.026481081352695845,312
Gad1-F-800155,789,79,710,5111,79,710,0.0061038882369994765,4.699937675571719e-06,2.0304644069855477e-05,0.03964624893221446,352
Gad1-F-800156,661,479,182,8309,479,182,0.006153665107037884,0.014368568571412284,9.488789798549921e-05,0.03321441133611376,348
Gad1-F-800157,234,196,38,2090,196,38,0.0016831109150245388,9.801414461982167e-06,0.00015819620738606073,0.01175820310537159,156
Gad1-F-800158,25,23,2,123,23,2,0.00010481501589631553,2.3020306074872563e-07,2.648340527067891e-05,0.0012562182804884176,23
Gad1-F-800159,352,209,143,2525,209,143,0.012165736504964952,4.2170157470039244e-05,4.398961630961567e-05,0.01768755338927692,326
Gad1-F-800160,96,87,9,300,87,9,0.0018956202070059618,2.5987982269359605e-06,1.4852052773076337e-05,0.004823878197075524,94
Gad1-F-800161,307,50,257,1751,50,257,0.0003007951999147204,5.863950018443054e-07,1.0754803545052885e-05,0.015426360484397768,175
Gad1-F-800162,315,74,241,2582,74,241,0.0010929027460918794,2.3675885863257887e-06,1.2384734332351696e-05,0.015828350334154064,252
Gad1-F-800163,539,342,197,3591,342,197,0.001367253337232638,1.0654739077425601e-05,9.460845220482296e-05,0.027084066127330286,186
Gad1-F-800164,451,217,234,3544,217,234,0.012868791051918946,6.513581002165056e-05,4.4835162237574226e-05,0.022662177780011054,352
Gad1-F-800165,609,132,477,3217,132,477,0.006235799529824677,7.050911943056663e-05,2.7058405478982832e-05,0.030601477312697856,245
Gad1-F-800166,179,141,38,574,141,38,0.004183075040759882,3.5588330558449805e-06,1.580004056428726e-05,0.008994522888297071,159
Gad1-F-800167,395,198,197,3241,198,197,0.010462657769797058,0.00014339231040969485,3.385838086592285e-05,0.019848248831717,350
Gad1-F-800168,457,289,168,2146,289,168,0.008385327780915818,7.535707357379998e-06,3.390472696225498e-05,0.022963670167328275,352
Gad1-F-800169,544,173,371,4487,173,371,0.0030497624950519284,1.9737253136746627e-06,2.190389531588004e-05,0.027335309783427967,352
Gad1-F-800170,417,231,186,2569,231,186,0.011434915454530863,0.0002766846843162738,4.5668668739833485e-05,0.020953720918546807,349
Gad1-F-800171,110,96,14,454,96,14,0.0019249536566082125,7.79398061095481e-06,1.6962785001808424e-05,0.005527360434149038,102
Gad1-F-800172,471,197,274,2451,197,274,0.002352752712790433,5.381294883324118e-05,3.611850233790626e-05,0.02366715240440179,229
Gad1-F-800173,119,88,31,834,88,31,0.00021917473278930947,1.2723904973342043e-06,5.620090529617418e-05,0.005979599015124868,83
Gad1-F-800174,537,270,267,2232,270,267,0.004756867921483865,2.289763665795147e-05,1.820898640879942e-05,0.02698356866489121,352
Gad1-F-800175,455,235,220,3862,235,220,0.01329925227225901,6.060786949208663e-05,4.6834887544468224e-05,0.0228631727048892,352
Gad1-F-800176,598,330,268,6232,330,268,0.0040857512377231895,0.004545536025859822,8.235204053524295e-05,0.03004874126928295,348
Gad1-F-800177,416,224,192,3141,224,192,0.012813660422128843,3.084082005665984e-05,4.105382181540572e-05,0.02090347218732727,352
Gad1-F-800178,313,77,236,2491,77,236,0.004413058167883156,1.0504239187208723e-05,1.4846689226382187e-05,0.01572785287171499,277
Gad1-F-800179,331,239,92,1703,239,92,0.005733709277843398,5.645913164133234e-06,2.5567224958526038e-05,0.01663233003366665,282
Gad1-F-800180,461,388,73,2394,388,73,0.0019377732689831255,3.1670210485123864e-05,5.663225849323489e-05,0.02316466509220642,211
Gad1-F-800182,356,181,175,2214,181,175,0.011587935354897579,3.6619062406311506e-05,3.744958313273684e-05,0.017888548314155067,316
Gad1-F-800183,716,654,62,15673,654,62,0.007830348057615852,0.0201849719773914,0.0003951545521722411,0.035978091553188284,346
Gad1-F-800184,1095,754,341,6580,754,341,0.022080604355842474,2.8543953930376915e-05,8.743465335509282e-05,0.05502236068539269,352
Gad1-F-800185,369,194,175,2612,194,175,0.011906478141221567,3.129370460891984e-05,3.165238755444197e-05,0.018541781820009044,331
Gad1-F-800186,910,143,767,4667,143,767,0.003610472727180365,1.4579179032505284e-05,1.6745995617521935e-05,0.0457263454097784,352
Gad1-F-800187,201,11,190,1379,11,190,8.520583404837048e-05,1.536316629597981e-07,8.02955773297199e-06,0.010099994975126878,156
Gad1-F-800188,234,196,38,1014,196,38,0.0018772494862783512,4.883709387381715e-05,2.140744037757708e-05,0.01175820310537159,196
Gad1-F-800189,519,199,320,3446,199,320,0.005038332806072999,3.4293984382722476e-05,2.5543665568799753e-05,0.02607909150293955,352
Gad1-F-800192,458,268,190,3077,268,190,0.012124652503956054,0.00012443555547121362,4.0714387830066615e-05,0.02301391889854781,352
Gad1-F-800193,45,9,36,161,9,36,0.00022176573667345798,1.0627116108198452e-07,1.1063778885024534e-05,0.0022611929048791516,44
Gad1-F-800195,75,46,29,220,46,29,0.0004637761535097081,1.108562379409299e-06,1.3574270198495464e-05,0.003768654841465253,73
Gad1-F-800196,451,232,219,2621,232,219,0.008940204923634126,5.00739784211489e-05,3.238778011892219e-05,0.022662177780011054,352
Gad1-F-800197,837,90,747,8298,90,747,0.0029807730194462063,2.738172738135048e-06,1.2408423742046179e-05,0.042058188030752224,352
Gad1-F-800198,820,472,348,4430,472,348,0.007762372858699534,6.8557422265418935e-06,3.805098029904479e-05,0.0412039596000201,352
Gad1-F-800199,112,63,49,526,63,49,0.00019731143744705152,4.880002004246907e-07,3.4108017513985175e-05,0.005627857896588111,90
Gad1-F-800200,598,225,373,3749,225,373,0.011747380419386704,9.490828142139287e-05,3.457645161637587e-05,0.03004874126928295,352
Gad1-F-800201,697,112,585,3193,112,585,0.0018168042854563276,7.581534209877762e-06,1.175244876017014e-05,0.03502336566001708,352
Gad1-F-800202,162,77,85,788,77,85,0.0013830348707777424,2.5775142210685132e-06,1.5476175741512718e-05,0.008140294457564947,136
Gad1-F-800203,450,238,212,3682,238,212,0.01108963687144904,0.0001400647661101567,4.103724701821663e-05,0.02261192904879152,352
Gad1-F-800204,456,157,299,2246,157,299,0.0006307405734324333,2.8318709693406923e-06,3.310276107272793e-05,0.02291342143610874,186
Gad1-F-800205,124,85,39,663,85,39,0.00037587749190241577,2.651534103130415e-06,2.556197634544258e-05,0.006230842671222552,89
Gad1-F-800206,637,474,163,3844,474,163,0.002185226969335919,2.284263115701634e-05,9.807669842437142e-05,0.03200844178684488,205
Gad1-F-800207,119,79,40,687,79,40,0.0001796456228573263,1.1649039993040394e-06,4.578593500983629e-05,0.005979599015124868,89
Gad1-F-800208,383,195,188,2027,195,188,0.005163478125925001,4.512450600836943e-06,2.4088164179420764e-05,0.01924526405708256,325
Gad1-F-800209,33,29,4,98,29,4,9.41355412821313e-05,9.010620741588956e-09,1.7734929082229316e-05,0.0016582081302447113,33
Gad1-F-800211,272,144,128,1303,144,128,0.0013298723072665878,1.2923776993469366e-05,4.847970782518901e-05,0.013667654891713983,148
Gad1-F-800212,140,138,2,1157,138,2,0.0005029709029212816,5.329968587637108e-06,9.030279531922621e-05,0.007034822370735139,90
Gad1-F-800213,116,51,65,484,51,65,0.0002065210758083813,4.6501837928153794e-07,1.5144258765450117e-05,0.005828852821466258,100
Gad1-F-800214,278,81,197,1897,81,197,0.0005242771462078384,6.959738941695599e-06,1.3472755312834588e-05,0.013969147279031204,211
Gad1-F-800215,311,20,291,1684,20,291,0.00023280832580322114,6.33071105166784e-07,1.0253070195730735e-05,0.015627355409275914,210
Gad1-F-800217,728,227,501,3580,227,501,0.011352462487577472,3.210438849810161e-05,3.697040517727476e-05,0.036581076327822724,352
Gad1-F-800218,1327,405,922,8728,405,922,0.015596703331741442,2.5370215522065268e-05,0.0001431629969698003,0.06668006632832521,352
Gad1-F-800219,233,111,122,831,111,122,0.0003183210875066837,2.934029342754238e-07,2.5509938761487222e-05,0.011707954374152053,148
Gad1-F-800220,389,180,209,2967,180,209,0.009254156305481856,1.92181044913924e-05,2.4624002112457284e-05,0.01954675644439978,348
Gad1-F-800221,164,133,31,1005,133,31,0.000634923556664526,2.11712689807045e-06,6.886442223884482e-05,0.00824079192000402,105
Gad1-F-800222,134,14,120,735,14,120,5.576637370779354e-05,2.865303622534657e-08,1.2759730958427613e-05,0.006733329983417919,102
Gad1-F-800223,233,65,168,1042,65,168,0.00035006184617392193,5.800822084425516e-07,2.9000718709514916e-05,0.011707954374152053,150
Gad1-F-800224,840,116,724,4898,116,724,0.0021796009703734416,5.880856536296734e-06,1.4138607026885027e-05,0.042208934224410834,352
Gad1-F-800225,785,104,681,4808,104,681,0.0016913452681805213,5.6053065131520845e-06,1.2033573216470768e-05,0.03944525400733632,352
Gad1-F-800227,90,87,3,227,87,3,0.0018493765189490027,3.2937625564057244e-06,1.14894233703719e-05,0.004522385809758303,90
Gad1-F-800228,176,104,72,943,104,72,0.00029932710562580894,3.7925482404205374e-07,3.818712682188684e-05,0.00884377669463846,117
Gad1-F-800229,475,158,317,2907,158,317,0.005977582553684989,1.0185653516103452e-05,2.1377037899966205e-05,0.023868147329279936,352
Gad1-F-800230,701,368,333,17291,368,333,0.005276679371283784,0.018284887135849616,0.00013244647459164123,0.03522436058489523,348
Gad1-F-800231,185,67,118,1394,67,118,0.0006330930266582043,3.5424509585788265e-06,1.8058669352015155e-05,0.009296015275614291,129
Gad1-F-800232,402,162,240,2050,162,240,0.0038926930462048963,1.0285721405087669e-05,1.6407678631143404e-05,0.020199989950253756,339
Gad1-F-800233,1050,753,297,58435,753,297,0.008784349225087714,0.127444492717612,0.0008160230746984534,0.05276116778051354,348
Gad1-F-800234,199,75,124,908,75,124,0.00021230071520571655,2.4217073865012334e-07,3.4170951930347645e-05,0.009999497512687805,146
Gad1-F-800235,937,620,317,21855,620,317,0.007927362554613319,0.03697306142864613,0.0002464153259355466,0.04708306115270589,348
Gad1-F-800238,161,107,54,742,107,54,0.0012179700797953143,8.303477174307936e-07,1.5938580362483954e-05,0.00809004572634541,141
Gad1-F-800239,123,76,47,568,76,47,0.0001864892012206856,1.2319433393735415e-06,5.1901156048789115e-05,0.0061805939400030145,89
Gad1-F-800240,62,25,37,405,25,37,3.791386201226368e-05,2.959500809080674e-06,5.1289153132373416e-05,0.003115421335611276,44
Gad1-F-800241,191,96,95,736,96,95,0.0004521234676502044,5.4911188555444145e-06,1.5633283795247662e-05,0.009597507662931512,127
Gad1-F-800242,114,45,69,644,45,69,0.00043915637646234324,1.0284587238398152e-06,1.1707421404688922e-05,0.005728355359027185,98
Gad1-F-800243,455,272,183,3283,272,183,0.013538795292130517,2.3599082967339232e-05,4.613964979624212e-05,0.0228631727048892,352
Gad1-F-800244,264,84,180,1238,84,180,0.000313716422750692,3.715100328433859e-07,3.836764415796717e-05,0.01326566504195769,148
Gad1-F-800245,829,185,644,5850,185,644,0.0032113249519908505,4.278283833305168e-05,2.1529838129768682e-05,0.04165619818099593,352
Gad1-F-800246,352,187,165,2689,187,165,0.009002490323626352,0.00012410096177099616,3.085581355327875e-05,0.01768755338927692,333
Gad1-F-800247,189,98,91,924,98,91,0.00025830789449465466,3.470887883766451e-07,3.01020414247165e-05,0.009497010200492437,134
Gad1-F-800248,83,9,74,424,9,74,0.00031515618957617906,4.233492667240535e-06,1.0024899058441513e-05,0.004170644691221546,83
Gad1-F-800249,326,64,262,2240,64,262,0.0032274282177544686,1.9077036977746014e-05,1.688551349280396e-05,0.016381086377568965,291
Gad1-F-800250,294,200,94,1154,200,94,0.000496452315125914,4.6926331261773706e-07,6.0216088426094545e-05,0.014773126978543792,150
Gad1-F-800251,292,122,170,1560,122,170,0.00036107460893110624,6.645336118710669e-07,7.002313770589656e-05,0.014672629516104718,148
Gad1-F-800252,490,258,232,2347,258,232,0.007230608577230895,1.0378352466027101e-05,2.5997370046948608e-05,0.024621878297572987,352
Gad1-F-800253,225,95,130,1232,95,130,0.0003063016780011645,4.3369243928695324e-07,7.445971850498935e-05,0.01130596452439576,148
Gad1-F-800254,252,114,138,1304,114,138,0.0003681457284632227,5.990560880256852e-07,5.521297216187203e-05,0.01266268026732325,148
Gad1-F-800255,44,26,18,176,26,18,0.00010518456661323464,4.547090871373763e-08,1.0877152571360496e-05,0.002210944173659615,40
Gad1-F-800256,125,35,90,665,35,90,0.0003223539248610338,1.8307530025925803e-06,1.5380306718062856e-05,0.006281091402442088,97
Gad1-F-800257,278,242,36,1079,242,36,0.0003973640975286795,1.1145785770213722e-07,7.093054744353827e-05,0.013969147279031204,150
Gad1-F-800258,515,226,289,4165,226,289,0.01343625711555376,5.924976537760844e-05,4.418036318920386e-05,0.025878096578061404,352
Gad1-F-800259,208,88,120,1018,88,120,0.0003237712417270481,4.341270786728177e-07,3.6829079834437044e-05,0.010451736093663636,143
Gad1-F-800260,54,38,16,158,38,16,0.0001537693872453635,1.155594421142695e-07,1.5343474036971103e-05,0.002713431485854982,52
Gad1-F-800261,147,108,39,659,108,39,0.00020738725953717136,1.1140623706093025e-07,3.860926341562571e-05,0.007386563489271896,123
Gad1-F-800262,127,77,50,756,77,50,0.00031851918576888104,1.1380350679110693e-06,2.214571655389143e-05,0.006381588864881162,88
Gad1-F-800263,186,114,72,1089,114,72,0.000486387010273755,4.164335821354801e-06,2.267888939889205e-05,0.009346264006833827,144
Gad1-F-800264,269,220,49,1155,220,49,0.004206321421735346,4.2499944492730026e-05,3.827455629670968e-05,0.013516908698055373,211
Gad1-F-800265,42,27,15,116,27,15,7.315319042385752e-05,1.41081470998031e-08,1.667089245809903e-05,0.002110446711220542,42
Gad1-F-800266,67,37,30,269,37,30,0.00012583058565228118,2.2689720362708522e-07,1.7149805749395426e-05,0.0033666649917089594,59
Gad1-F-800267,461,411,50,4170,411,50,0.0011873761039652548,3.326901417816188e-06,0.000268507068872424,0.02316466509220642,148
Gad1-F-800268,151,97,54,1628,97,54,0.0004974042380599628,0.00034984553678688073,5.146853217762875e-05,0.007587558414150043,94
Gad1-F-800269,405,191,214,3267,191,214,0.009583553387153287,1.970457564226606e-05,2.6821038776759913e-05,0.020350736143912366,348
Gad1-F-800270,209,108,101,903,108,101,0.00041602050915957113,4.104494437803318e-07,5.476074985970918e-05,0.010501984824883171,143
Gad1-F-800271,313,112,201,1393,112,201,0.0014019562045698925,8.980606379199305e-06,2.6461084027267423e-05,0.01572785287171499,216
Gad1-F-800272,341,294,47,1506,294,47,0.0006002661419848006,4.4392166602510593e-07,9.147275884235211e-05,0.017134817345862016,148
Gad1-F-800273,263,115,148,1532,115,148,0.0003599434124525212,4.4196231460451476e-07,5.5324629031280434e-05,0.013215416310738155,148
Gad1-F-800274,151,33,118,1098,33,118,0.00018082830789957908,1.9799558020619453e-06,9.277492082424238e-06,0.007587558414150043,105
Gad1-F-800275,196,98,98,1111,98,98,0.0007839626640095732,2.9018467116982364e-06,2.291099806188812e-05,0.009848751319029195,138
Gad1-F-800276,360,144,216,2279,144,216,0.0005001989523260439,6.966701366722902e-07,0.00010148461605984133,0.018089543239033213,150
Gad1-F-800277,766,647,119,3111,647,119,0.017624588649324376,2.221581478775191e-05,6.290278149058061e-05,0.03849052811416512,352
Gad1-F-800278,410,99,311,1762,99,311,0.0025752313127399415,2.4665322581465968e-06,0.00012763450334620036,0.02060197980001005,324
Gad1-F-800281,415,216,199,3230,216,199,0.013739820513967566,4.921514254923684e-05,4.580023515580001e-05,0.020853223456107732,352
Gad1-F-800282,912,167,745,5911,167,745,0.004889781460427326,3.1059863184862545e-05,1.7358742984710657e-05,0.04582684287221748,352
Gad1-F-800283,376,226,150,2007,226,150,0.0007394776734475916,1.2305174913667944e-06,7.638691535193735e-05,0.018893522938545803,150
Gad1-F-800284,93,59,34,739,59,34,0.00011154944378328358,1.4448439758994488e-05,0.00010242178825068738,0.0046731320034169134,50
Gad1-F-800286,295,214,81,1760,214,81,0.0005192024134747544,9.907906515497906e-07,0.0001265734191616987,0.014823375709763328,147
Gad1-F-800287,333,177,156,2399,177,156,0.000532019835085725,1.2951445967845855e-06,9.365432711650754e-05,0.016732827496105725,147
Gad1-F-800288,709,264,445,4831,264,445,0.01193809565508685,0.00021239445249743189,4.6127423381084125e-05,0.035626350434651524,352
Gad1-F-800289,209,127,82,1054,127,82,0.00036970102416841987,4.4639268292686443e-07,6.59376240875012e-05,0.010501984824883171,135
Gad1-F-800290,1237,1224,13,18794,1224,13,0.03246016730866092,0.00013347395120714156,0.0002491705821331698,0.062157680518566905,352
Gad1-F-800292,535,273,262,3935,273,262,0.012914961252052,0.0002038184363084922,5.6484783390620294e-05,0.02688307120245214,352
Gad1-F-800293,828,247,581,4877,247,581,0.0054349979729193965,5.843668927523655e-05,2.3730806453619472e-05,0.04160594944977639,352
Gad1-F-800294,280,55,225,1047,55,225,0.0028734391545220004,4.040532148838011e-06,1.074562910519913e-05,0.014069644741470278,209
Gad1-F-800295,219,49,170,1128,49,170,0.00041328223044618205,5.642061707799019e-07,1.809161656757695e-05,0.011004472137078539,138
Gad1-F-800296,465,231,234,4126,231,234,0.011087294134777496,0.00018802935457212574,4.417931367176808e-05,0.02336566001708457,352
Gad1-F-800297,112,74,38,405,74,38,0.0015620601650288219,1.949469726450905e-06,1.8293350585102147e-05,0.005627857896588111,100
Gad1-F-800298,479,287,192,3438,287,192,0.01432101710223446,5.842897174202274e-05,4.5182551550417204e-05,0.02406914225415808,352
Gad1-F-800299,409,243,166,3065,243,166,0.010539984158870778,6.29020903865543e-05,3.6972043514510975e-05,0.02055173106879051,349
Gad1-F-800300,421,245,176,2922,245,176,0.013418731147703193,3.892016815070516e-05,4.173612497100631e-05,0.021154715843424952,352
Gad1-F-800301,452,233,219,2511,233,219,0.0014285499378513154,4.89123284125762e-05,3.105654053526361e-05,0.02271242651123059,205
Gad1-F-800302,538,220,318,2395,220,318,0.004697697293536834,4.025423226503493e-05,1.918515099227753e-05,0.027033817396110747,352
Gad1-F-800303,224,114,110,666,114,110,0.00016739908165965418,3.437452964226506e-08,3.589982970975708e-05,0.011255715793176222,143
Gad1-F-800304,200,9,191,759,9,191,0.00022946415259320573,2.6929429083804278e-06,9.250804003808357e-06,0.01004974624390734,197
Gad1-F-800305,196,95,101,1395,95,101,0.00031001782598525274,6.994801838488588e-07,4.868340156032983e-05,0.009848751319029195,132
Gad1-F-800306,423,275,148,2703,275,148,0.004098032299100772,1.683762856451792e-05,7.570265954399177e-05,0.021255213305864027,256
Gad1-F-800307,821,638,183,4971,638,183,0.02330392868706264,9.703472568167173e-05,6.068823260207819e-05,0.041254208331239633,352
Gad1-F-800308,22,1,21,73,1,21,1.576954929735513e-08,9.794915894621954e-14,7.830334415237018e-06,0.0011054720868298076,21
Gad1-F-800309,96,83,13,567,83,13,0.0010615064715606122,2.7182643774080265e-06,2.0992798715011273e-05,0.004823878197075524,90
Gad1-F-800310,47,32,15,140,32,15,7.78665802502033e-05,1.7358670277467075e-07,1.3411823985157375e-05,0.0023616903673182254,46
Gad1-F-800311,449,249,200,3604,249,200,0.013326732643863665,4.743249328572069e-05,4.6833980963512545e-05,0.02256168031757198,352
Gad1-F-800312,11,4,7,33,4,7,5.364618555736647e-06,1.500785005732045e-09,1.1225182604274554e-05,0.0005527360434149038,11
Gad1-F-800313,160,86,74,853,86,74,0.0004182232959787011,3.900988386128909e-06,1.6905975254456418e-05,0.008039796995125872,127
Gad1-F-800314,98,25,73,506,25,73,0.00014486219798042765,2.3114333841021528e-07,1.2819773611317602e-05,0.004924375659514597,76
Gad1-F-800315,278,240,38,1151,240,38,0.0005077147780697122,2.987329472044303e-07,6.980409975587954e-05,0.013969147279031204,148
Gad1-F-800317,456,243,213,3352,243,213,0.011222246429562675,0.0001342277833304727,3.859172973485106e-05,0.02291342143610874,352
Gad1-F-800318,293,113,180,1334,113,180,0.00039575314338734425,4.409589290905415e-07,5.059430474141293e-05,0.014722878247324255,150
Gad1-F-800319,109,61,48,561,61,48,0.0005189946421451249,7.417958264552436e-06,1.567718988509451e-05,0.005477111702929501,93
Gad1-F-800320,142,96,46,559,96,46,0.0006573137355770621,5.795709080701318e-07,4.9552536181496727e-05,0.007135319833174212,109
Gad1-F-800321,76,64,12,262,64,12,0.0007479267989662159,1.3877153862937019e-06,2.3792765177131565e-05,0.0038189035726847896,72
Gad1-F-800323,136,69,67,899,69,67,0.0006148778819588138,1.8233511035184262e-05,2.2926311788495443e-05,0.006833827445856992,105
Gad1-F-800324,215,175,40,759,175,40,0.0003357357668908033,1.0851516677443416e-07,4.549212052684946e-05,0.010803477212200392,150
Gad1-F-800325,360,289,71,1487,289,71,0.0005488943056504104,3.3089517224129723e-07,7.152422576821237e-05,0.018089543239033213,148
Gad1-F-800326,48,25,23,172,25,23,3.1165824914342066e-05,1.5553089654924742e-08,1.5792657099408147e-05,0.002411939098537762,46
Gad1-F-800328,286,97,189,985,97,189,0.00030098800526249045,1.6474521485426726e-07,2.435164520264781e-05,0.014371137128787499,150
Gad1-F-800329,848,269,579,6112,269,579,0.005747632405597467,2.285107341998214e-05,2.0974680232528385e-05,0.042610924074167125,352
Gad1-F-800330,33,16,17,141,16,17,6.202582888293807e-06,4.779472889488031e-08,1.292008130708e-05,0.0016582081302447113,30
Gad1-F-800331,217,85,132,845,85,132,0.00043747721744163655,6.833757803871132e-07,4.209760532816166e-05,0.010903974674639466,150
Gad1-F-800333,401,93,308,2637,93,308,0.002875995451585417,2.1928598651774794e-06,2.5586731726819627e-05,0.02014974121903422,312
Gad1-F-800334,108,27,81,588,27,81,0.0005556181197677964,5.060336455124802e-07,1.0873895506867574e-05,0.005426862971709964,79
Gad1-F-800335,501,96,405,1826,96,405,0.0014761519824356693,1.8056116408083079e-06,1.3851687219448814e-05,0.02517461434098789,296
Gad1-F-800336,626,426,200,6648,426,200,0.005392415166749471,0.010790299541792666,7.617274740465516e-05,0.03145570574342998,348
Gad1-F-800337,218,131,87,684,131,87,0.001486292677742863,1.4355684228633303e-05,2.1218534042248523e-05,0.010954223405859002,193
Gad1-F-800339,502,201,301,4072,201,301,0.004851504445061408,2.4239657301045335e-05,2.946755603527842e-05,0.025224863072207428,352
Gad1-F-800340,64,62,2,243,62,2,0.0012067584817914987,5.791378320299713e-06,2.1119559053430013e-05,0.0032159187980503492,63
Gad1-F-800341,316,143,173,993,143,173,0.00022844473414372203,3.0556257051540435e-07,2.764082029110953e-05,0.0158785990653736,148
Gad1-F-800342,488,182,306,3072,182,306,0.0021564815633259185,4.003412355451389e-05,5.070509535136439e-05,0.024521380835133912,293
Gad1-F-800343,224,191,33,787,191,33,0.0003349281361189504,6.442262897233014e-08,5.1178139015481564e-05,0.011255715793176222,150
Gad1-F-800344,110,40,70,758,40,70,0.00038099774182473293,1.0961766182839276e-06,1.187712380373497e-05,0.005527360434149038,93
Gad1-F-800345,155,154,1,650,154,1,0.00037264646887740947,4.0061375507509106e-07,5.8434628257724195e-05,0.007788553339028189,109
Gad1-F-800346,115,46,69,659,46,69,0.0004649002895826296,1.236189519529342e-06,1.236878466984041e-05,0.005778604090246721,101
Gad1-F-800347,578,211,367,4666,211,367,0.009788504975575462,6.976249934840862e-05,3.623326006286837e-05,0.029043766644892218,352
Gad1-F-800348,179,60,119,670,60,119,0.00025525952647393853,1.4060720417487216e-07,3.712067129315025e-05,0.008994522888297071,143
Gad1-F-800349,231,68,163,848,68,163,8.419747488835879e-05,1.5495725840517104e-08,2.0434768892353112e-05,0.01160745691171298,150
Gad1-F-800350,210,134,76,757,134,76,0.0005362970450752936,8.099353041007215e-07,7.341830334847012e-05,0.010552233556102708,116
Gad1-F-800351,144,83,61,829,83,61,0.0002333452316225454,2.2758948520918887e-07,3.1533366505754325e-05,0.007235817295613286,111
Gad1-F-800352,280,39,241,3709,39,241,0.00027083500692636506,1.6436583998670115e-06,9.689245463689019e-06,0.014069644741470278,241
Gad1-F-800353,373,261,112,2507,261,112,0.0024600304152573534,2.9192962181308303e-05,6.452505615501319e-05,0.018742776744887193,231
Gad1-F-800354,167,90,77,1003,90,77,0.0004358441130618033,1.908905606978649e-06,1.0834379135590214e-05,0.00839153811366263,167
Gad1-F-800355,83,41,42,482,41,42,9.303343035986331e-05,4.825999813464096e-08,2.0932450355663934e-05,0.004170644691221546,66
Gad1-F-800357,108,105,3,711,105,3,0.000244476617790335,8.100216299292856e-07,4.849676464164717e-05,0.005426862971709964,98
Gad1-F-800358,57,44,13,194,44,13,8.404789631655736e-05,2.5725455617238705e-08,1.8589332339070846e-05,0.0028641776795135924,55
Gad1-F-800359,248,51,197,1031,51,197,0.00017801251173510713,1.6700988185513286e-07,2.291973759013843e-05,0.012461685342445104,148
Gad1-F-800360,516,281,235,4712,281,235,0.013798283601217048,5.343716613835302e-05,5.2531354384835377e-05,0.02592834530928094,352
Gad1-F-800361,48,45,3,124,45,3,0.0001504631767735729,3.809825209541783e-08,1.929367557848018e-05,0.002411939098537762,45
Gad1-F-800362,229,143,86,1794,143,86,0.0005835055690061449,2.8684205702211563e-06,4.548319855457616e-05,0.011506959449273905,175
Gad1-F-800363,135,36,99,678,36,99,0.00015364446491878016,1.0283238258683181e-07,3.936754928312244e-05,0.006783578714637455,114
Gad1-F-800364,95,49,46,379,49,46,0.00014066752799942283,1.0413505326370951e-07,2.399335108996082e-05,0.004773629465855987,72
Gad1-F-800365,18,6,12,45,6,12,1.0417776632742802e-05,1.065267179481195e-08,9.809478850222072e-06,0.0009044771619516607,18
Gad1-F-800366,69,62,7,310,62,7,0.0010920058863873275,3.1327295862353205e-05,2.0693969122079685e-05,0.0034671624541480327,67
Gad1-F-800367,624,267,357,3941,267,357,0.012082856882359447,6.068845606474571e-05,4.451340849680816e-05,0.03135520828099091,352
Gad1-F-800368,111,57,54,518,57,54,0.0001939850148825981,3.4201221941517355e-07,1.3765914353972576e-05,0.005577609165368575,94
Gad1-F-800369,361,76,285,2363,76,285,0.0018618952390243293,8.442027717919021e-06,1.8985140109128244e-05,0.018139791970252752,202
Gad1-F-800370,314,170,144,1142,170,144,0.00032640317389798706,1.873200984847969e-07,4.6818571294233855e-05,0.015778101602934524,148
Gad1-F-800371,403,195,208,2639,195,208,0.004908801634776191,0.0002687831211093056,3.457067158144658e-05,0.02025023868147329,236
Gad1-F-800373,774,8,766,8435,8,766,0.0002796449197519642,1.4812290315431381e-07,8.031489679092966e-06,0.03889251796392141,352
Gad1-F-800374,28,26,2,109,26,2,8.771109906239739e-05,9.61227072541248e-08,1.784958553978796e-05,0.0014069644741470278,27
Gad1-F-800375,126,81,45,364,81,45,0.0011029372554236657,8.216405884096795e-06,1.085582427212955e-05,0.006331340133661625,122
Gad1-F-800376,106,26,80,690,26,80,0.00018176768888942768,2.918355844285465e-07,9.060835397800247e-06,0.005326365509270891,92
Gad1-F-800377,234,104,130,783,104,130,0.002081974404193912,1.4997713858036763e-05,1.5189858296152368e-05,0.01175820310537159,183
Gad1-F-800378,819,18,801,6297,18,801,0.0003721431385418097,1.4646441111058903e-07,8.474276357239187e-06,0.04115371086880056,352
Gad1-F-800379,189,148,41,986,148,41,0.0004955264246246742,8.022634886976255e-07,7.754660880512147e-05,0.009497010200492437,109
Gad1-F-800380,69,58,11,250,58,11,0.00010376036040887525,6.684896914232747e-08,4.10649341419057e-05,0.0034671624541480327,63
Gad1-F-800381,673,211,462,4340,211,462,0.00987604449161432,9.730436529925108e-05,3.032532703925455e-05,0.0338173961107482,352
Gad1-F-800382,54,32,22,202,32,22,0.00019827405810977973,9.242044635747224e-08,1.5154401547137793e-05,0.002713431485854982,53
Gad1-F-800383,627,257,370,3236,257,370,0.004093902264053891,1.998442288959058e-05,2.09961276711697e-05,0.03150595447464952,352
Gad1-F-800384,19,18,1,76,18,1,2.9522438494190363e-05,2.3531172785276886e-08,1.3322175374414286e-05,0.0009547258931711974,19
Gad1-F-800385,263,163,100,2103,163,100,0.0005772142224248576,9.9274159216512e-07,0.00013819584451336552,0.013215416310738155,142
Gad1-F-800386,36,25,11,251,25,11,1.4224767562295512e-05,4.806318378852392e-09,9.855988873240982e-05,0.0018089543239033215,27
Gad1-F-800387,232,119,113,1313,119,113,0.002195048816845568,1.2116669279010502e-05,1.7817401842930102e-05,0.011657705642932515,148
Gad1-F-800388,88,71,17,312,71,17,0.0007509020944133674,9.630566060307878e-07,2.0004230347456116e-05,0.00442188834731923,79
Gad1-F-800391,176,33,143,556,33,143,9.852037385512351e-05,4.510168143755117e-08,1.7399792297672288e-05,0.00884377669463846,141
Gad1-F-800392,83,38,45,343,38,45,0.0003856742709133894,4.469622064433338e-07,9.275281711798822e-06,0.004170644691221546,74
Gad1-F-800395,938,285,653,7682,285,653,0.004787673331977309,2.547240799853064e-05,2.6957131016172134e-05,0.04713330988392543,352
Gad1-F-800396,231,94,137,1499,94,137,0.001244192361666732,2.757148103327588e-06,2.3316664426892393e-05,0.01160745691171298,146
Gad1-F-800397,112,67,45,519,67,45,0.0004598445837161483,2.5301226785916085e-06,1.538057173037876e-05,0.005627857896588111,97
Gad1-F-800398,240,118,122,1146,118,122,0.0005091997513290809,5.69324592616239e-07,6.158137328018227e-05,0.01205969549268881,145
Gad1-F-800399,297,232,65,1490,232,65,0.0016061144708288968,1.3139492162168288e-05,3.082998152560496e-05,0.014923873172202402,205
Gad1-F-800400,132,71,61,479,71,61,0.001268177130813543,1.0929140050429728e-06,3.218621163672998e-05,0.006632832520978845,116
Gad1-F-800401,211,183,28,1107,183,28,0.0032537086362428545,2.29070716028158e-05,5.0632658096203494e-05,0.010602482287322246,186
Gad1-F-800402,431,243,188,3645,243,188,0.01203038081968962,0.00015761946964917113,4.154482674919379e-05,0.021657203155620322,352
Gad1-F-800403,164,97,67,876,97,67,0.00024302566783960248,1.7727651512553393e-07,3.540211371767337e-05,0.00824079192000402,127
Gad1-F-800405,34,16,18,102,16,18,4.985771337356326e-05,4.9209268268419136e-08,9.34610678597864e-06,0.001708456861464248,30
Gad1-F-800406,362,131,231,2761,131,231,0.006619174566129283,9.95839639150949e-05,2.4879267891040196e-05,0.018190040701472288,331
Gad1-F-800407,426,132,294,2055,132,294,0.001754716309940075,5.992082856113882e-05,1.874048711103553e-05,0.021405959499522637,211
Gad1-F-800408,46,39,7,190,39,7,7.952964645140374e-05,3.907328291975912e-08,3.7200063099605276e-05,0.0023114416360986885,44
Gad1-F-800409,200,42,158,782,42,158,0.00010688380712006085,5.5856304224575154e-08,2.2128006346342087e-05,0.01004974624390734,148
Gad1-F-800410,24,12,12,99,12,12,0.0003188656861437766,8.299821197856303e-07,1.2150418271876672e-05,0.001205969549268881,24
Gad1-F-800411,178,27,151,555,27,151,4.360191262248161e-05,1.878330452325468e-08,2.0080119779357667e-05,0.008944274157077534,137
Gad1-F-800412,910,38,872,10555,38,872,0.0015067132674178305,2.36727948210678e-06,9.081843957379532e-06,0.0457263454097784,352
Gad1-F-800413,126,81,45,1292,81,45,0.0002810546930767146,6.28400418610005e-06,7.399057152701755e-05,0.006331340133661625,94
Gad1-F-800414,279,186,93,1552,186,93,0.0020232755122218393,9.6871058026012e-06,2.6223485664140085e-05,0.014019396010250741,216
Gad1-F-800417,206,73,133,843,73,133,0.0009913730828403152,1.6116867111759308e-06,2.357316249046153e-05,0.010351238631224561,185
Gad1-F-800418,26,18,8,86,18,8,4.336370969342885e-05,1.8734818652614574e-08,1.2311261825270226e-05,0.0013064670117079544,25
Gad1-F-800419,94,38,56,387,38,56,0.0003290818072864283,9.711875900313053e-07,1.3093075875794171e-05,0.004723380734636451,80
Gad1-F-800420,450,297,153,2857,297,153,0.006754387417321464,1.5250276617726505e-05,2.4356937999181625e-05,0.02261192904879152,352
Gad1-F-800421,291,239,52,1194,239,52,0.0003975396437553043,2.2895363332520733e-07,7.080673028188439e-05,0.014622380784885182,148
Gad1-F-800422,451,163,288,2410,163,288,0.0021788483347681387,5.588019148611536e-06,7.224291987207762e-05,0.022662177780011054,287
Gad1-F-800423,194,125,69,1499,125,69,0.0003891539548170186,7.676341807607702e-07,7.656471731163534e-05,0.009748253856590122,133
Gad1-F-800424,182,125,57,711,125,57,0.0002774917056613533,2.0707438222289744e-07,4.865695044948244e-05,0.009145269081955681,138
Gad1-F-800425,239,14,225,1231,14,225,5.735729296480815e-05,5.248037920345659e-08,8.965044282041902e-06,0.012009446761469273,140
Gad1-F-800426,44,19,25,151,19,25,2.3554579656725195e-05,6.9550986437551264e-09,1.590730778451323e-05,0.002210944173659615,43
Gad1-F-800427,199,80,119,823,80,119,0.0004942461116699467,8.469610361657168e-06,1.1861046974891113e-05,0.009999497512687805,139
Gad1-F-800428,74,60,14,345,60,14,0.00022758034059976756,1.7347400291193403e-07,2.462225698828539e-05,0.0037184061102457163,72
Gad1-F-800429,534,238,296,3392,238,296,0.010969004975012754,2.544698268581236e-05,3.0354462449234828e-05,0.0268328224712326,352
Gad1-F-800430,80,78,2,371,78,2,0.0003891996591918846,3.2489719886401146e-07,4.7340779676949357e-05,0.004019898497562936,74
Gad1-F-800431,324,296,28,1425,296,28,0.0006723511779192112,8.461677839192675e-07,9.87209692502252e-05,0.016280588915129894,150
Gad1-F-800432,49,41,8,319,41,8,7.632449005483816e-05,4.228769216288573e-06,5.799916815194876e-05,0.0024621878297572987,34
Gad1-F-800433,572,235,337,3064,235,337,0.006206938802852282,1.73855862652132e-05,2.1755970508215863e-05,0.028742274257574998,352
Gad1-F-800434,399,294,105,2100,294,105,0.0006015813937779117,5.331416892969444e-07,0.00010847427477697886,0.020049243756595145,148
Gad1-F-800435,399,147,252,2283,147,252,0.004015509277758752,1.3313610856072317e-05,2.167516272124527e-05,0.020049243756595145,349
Gad1-F-800436,112,50,62,770,50,62,0.0005091572426439735,7.0583091966188505e-06,1.8949282339795306e-05,0.005627857896588111,87
Gad1-F-800437,249,148,101,1337,148,101,0.0006143807582146723,6.094109136194387e-06,3.2421704108355097e-05,0.01251193407366464,156
Gad1-F-800438,204,126,78,1131,126,78,0.0012782424891057485,7.085213297678399e-06,1.665229270073794e-05,0.010250741168785488,196
Gad1-F-800439,456,46,410,3729,46,410,0.0033734519436272765,1.9129373316414186e-06,1.2569308936309934e-05,0.02291342143610874,352
Gad1-F-800440,518,211,307,3444,211,307,0.00991247129229671,7.760597544006292e-05,3.522800929099445e-05,0.026028842771720014,352
Gad1-F-800441,468,255,213,4262,255,213,0.01289862368248294,8.759128295471224e-05,4.4618351990123896e-05,0.02351640621074318,352
Gad1-F-800442,296,247,49,2723,247,49,0.0008601530727980284,2.6910645219247142e-06,0.0001628646284118859,0.014873624440982865,138
Gad1-F-800443,326,119,207,1380,119,207,0.0013741565002724952,5.246155283283173e-05,2.4887462814122503e-05,0.016381086377568965,211
Gad1-F-800444,155,22,133,731,22,133,0.0005370914162858935,3.514690238420145e-07,8.605831062958044e-06,0.007788553339028189,100
Gad1-F-800446,184,118,66,1003,118,66,0.00039376096081232396,7.736230931014365e-07,3.927562164765314e-05,0.009245766544394754,110
Gad1-F-800447,170,17,153,807,17,153,6.623533989246882e-05,3.699415098595366e-08,1.333988800407382e-05,0.00854228430732124,138
Gad1-F-800448,176,112,64,701,112,64,0.0007063263000008156,2.3379854716768022e-05,1.6794454792383202e-05,0.00884377669463846,138
Gad1-F-800449,432,241,191,3674,241,191,0.012977746221571227,9.28834564488903e-05,5.02860253175903e-05,0.021707451886839858,352
Gad1-F-800450,258,100,158,1473,100,158,0.00033240725737805133,3.575598085139777e-07,6.517111434277229e-05,0.01296417265464047,148
Gad1-F-800451,456,215,241,5346,215,241,0.011273848231237223,3.9945245013291094e-05,4.3828950418775766e-05,0.02291342143610874,352
Gad1-F-800452,130,34,96,730,34,96,0.0004223796953781801,3.5064136499994306e-06,1.0491554925971912e-05,0.006532335058539772,96
Gad1-F-800454,68,11,57,202,11,57,0.00011267786582891557,5.4461433591398506e-08,7.912632897693873e-06,0.003416913722928496,65
Gad1-F-800455,210,208,2,861,208,2,0.0006104121684138478,4.6688278445913855e-07,6.13583871962225e-05,0.010552233556102708,147
Gad1-F-800456,66,23,43,290,23,43,0.00045339994090703073,5.005347654324077e-07,1.1692460259746268e-05,0.0033164162604894225,64
Gad1-F-800457,97,59,38,627,59,38,0.00025245327239919183,3.1894936858870883e-07,3.097617325118075e-05,0.004874126928295061,90
Gad1-F-800458,49,18,31,178,18,31,0.00012866286678780886,5.082602105007693e-07,8.638860388270427e-06,0.0024621878297572987,48
Gad1-F-800459,510,263,247,3777,263,247,0.0128668952041754,5.5957555377999306e-05,4.443518922177853e-05,0.02562685292196372,352
Gad1-F-800460,240,217,23,844,217,23,0.0003287403342032016,6.150886693564157e-08,5.5087206027512545e-05,0.01205969549268881,150
Gad1-F-800461,330,313,17,1714,313,17,0.008021792804099358,1.2492723538166994e-05,2.9528369891229343e-05,0.016582081302447114,297
Gad1-F-800462,263,213,50,948,213,50,0.0003317734076586942,1.0646617579581837e-07,5.778457828715936e-05,0.013215416310738155,148
Gad1-F-800463,30,14,16,88,14,16,4.486189340119535e-05,3.362059954676351e-08,1.1301126395973131e-05,0.0015074619365861013,29
Gad1-F-800464,461,227,234,3214,227,234,0.01354419516391929,5.11652588164844e-05,4.132467344056693e-05,0.02316466509220642,352
Gad1-F-800465,107,43,64,789,43,64,0.0001720440674702714,2.067230210283064e-07,1.4571535962147403e-05,0.005376614240490428,83
Gad1-F-800467,389,73,316,2732,73,316,0.0037759287786065035,6.257522029458454e-06,1.1829616895601327e-05,0.01954675644439978,348
Gad1-F-800468,3,1,2,3,1,2,4.09945697315298e-09,5.2942868643625984e-14,7.541194024499588e-06,0.0001507461936586101,3
Gad1-F-800469,28,10,18,82,10,18,4.791771604055547e-05,1.2719707948648003e-08,1.1816465806898992e-05,0.0014069644741470278,28
Gad1-F-800470,6,2,4,13,2,4,5.739225045642092e-07,1.2377509514126829e-10,1.1575959095823713e-05,0.0003014923873172202,6
Gad1-F-800471,132,59,73,1003,59,73,0.0007405025412935874,2.9718915234610563e-06,2.4123074790064088e-05,0.006632832520978845,99
Gad1-F-800472,159,65,94,838,65,94,0.0010125441573782504,8.919862098785665e-06,1.4447163114800938e-05,0.007989548263906337,125
Gad1-F-800473,149,71,78,936,71,78,0.0006562914427810806,9.667606351523002e-06,2.7118960039686573e-05,0.007487060951710969,119
Gad1-F-800474,440,232,208,3212,232,208,0.012584707687083627,5.8353309579412265e-05,4.499521629968508e-05,0.022109441736596153,352
Gad1-F-800475,456,201,255,2572,201,255,0.002538863544841329,1.1084902594037276e-05,4.876905905434687e-05,0.02291342143610874,195
Gad1-F-800476,594,251,343,4342,251,343,0.012914269081509404,0.00019057483531916878,5.1913569443190764e-05,0.029847746344404805,352
Gad1-F-800477,1012,422,590,5357,422,590,0.0032078188962830585,5.5839185975241566e-05,0.00010601526000001381,0.05085171599417115,214
Gad1-F-800478,76,60,16,322,60,16,0.00017939792666942555,2.7755950085759597e-07,2.03728795075678e-05,0.0038189035726847896,71
Gad1-F-800479,243,160,83,1242,160,83,0.0005993228680095904,1.5559414089448857e-06,5.1402530928365786e-05,0.01221044168634742,145
Gad1-F-800480,437,224,213,3708,224,213,0.012288780142322875,8.134061600212839e-05,4.30828425648399e-05,0.021958695542937542,352
Gad1-F-800481,408,203,205,3317,203,205,0.011874412905110437,9.160025807996628e-05,4.62889643568431e-05,0.020501482337570976,334
Gad1-F-800483,885,29,856,10606,29,856,0.0013837470631698,1.193053270852146e-06,9.280841224024427e-06,0.04447012712928999,352
Gad1-F-800484,194,98,96,873,98,96,0.00023749662267283638,2.2877918596097293e-07,3.984679884492134e-05,0.009748253856590122,138
Gad1-F-800485,215,163,52,785,163,52,0.00019077044809363332,5.6012818311402215e-08,3.976186440003392e-05,0.010803477212200392,148
Gad1-F-800486,1101,716,385,9374,716,385,0.016973662410107664,3.067728957264658e-05,0.00011025209809434074,0.055323853072709914,352
Gad1-F-800487,55,39,16,225,39,16,9.55391534344441e-05,1.3646132800318476e-07,2.6346087511245132e-05,0.002763680217074519,52
Gad1-F-800488,212,96,116,885,96,116,0.0003100929452941159,3.332741810154877e-07,3.774150687678447e-05,0.010652731018541781,142
Gad1-F-800489,554,210,344,4513,210,344,0.005155965343673523,5.184867486774767e-05,3.062454909484676e-05,0.027837797095623337,352
Gad1-F-800490,25,22,3,56,22,3,8.589503451217132e-05,2.068509894667455e-08,1.2005685909978349e-05,0.0012562182804884176,25
Gad1-F-800491,419,221,198,2269,221,198,0.010967033934383794,9.501918944359756e-05,3.128103704410784e-05,0.02105421838098588,348
Gad1-F-800492,421,231,190,2870,231,190,0.012701529036800269,9.742578325912077e-05,4.583029303623633e-05,0.021154715843424952,351
Gad1-F-800495,205,18,187,1798,18,187,9.039310795019601e-05,4.9880335772694065e-08,1.1599130328728687e-05,0.010300989900005025,122
Gad1-F-800497,257,171,86,902,171,86,0.00030105516525766736,1.682932685177275e-07,4.177611055947825e-05,0.012913923923420934,150
Gad1-F-800498,17,7,10,47,7,10,1.0265517771359652e-05,5.830170066618402e-09,9.733239123119582e-06,0.000854228430732124,17
Gad1-F-800499,249,195,54,921,195,54,0.0004220209239908172,2.1617442670774327e-07,6.336761080861809e-05,0.01251193407366464,148
Gad1-F-800500,681,129,552,3691,129,552,0.0020466631869763487,3.852740155383613e-05,1.4849737893185244e-05,0.0342193859605045,352
Gad1-F-800501,116,54,62,825,54,62,0.0005074772831157255,1.942202166587832e-06,1.644959679754091e-05,0.005828852821466258,93
Gad1-F-800502,550,303,247,4191,303,247,0.012578747246308388,0.00013879234375797165,5.113367855217415e-05,0.027636802170745187,352
Gad1-F-800503,108,77,31,490,77,31,0.00014797996244552593,9.211408914473391e-08,2.3380672004119614e-05,0.005426862971709964,102
Gad1-F-800504,209,147,62,885,147,62,0.0008536987804457713,1.043953509296794e-05,1.9947426908820697e-05,0.010501984824883171,150
Gad1-F-800505,227,96,131,951,96,131,0.0003792823790442112,4.3024162276312425e-07,3.9364877451392684e-05,0.011406461986834832,148
Gad1-F-800506,362,171,191,1889,171,191,0.0076730167941070244,7.282825387106774e-05,2.8684983683174153e-05,0.018190040701472288,316
Gad1-F-800507,120,42,78,1037,42,78,8.667288997151714e-05,2.851499652658924e-07,1.6177062136578073e-05,0.006029847746344405,85
Gad1-F-800508,488,252,236,3325,252,236,0.01286363777115991,5.776316378395893e-05,4.2961391310862725e-05,0.024521380835133912,352
Gad1-F-800510,671,131,540,3157,131,540,0.002096913606960205,7.301892542348108e-06,1.333772813828208e-05,0.03371689864830913,352
Gad1-F-800511,24,12,12,64,12,12,9.504927057970835e-06,1.259586458583357e-09,1.1506289116168912e-05,0.001205969549268881,22
Gad1-F-800512,200,143,57,1657,143,57,0.0009692250732612484,2.4383326602459376e-06,6.0387815041949584e-05,0.01004974624390734,123
Gad1-F-800513,150,78,72,693,78,72,0.0006716321952232592,4.372508297492607e-06,2.114082655998314e-05,0.007537309682930506,118
Gad1-F-800514,162,67,95,821,67,95,0.00026880766516175145,2.382745251183438e-07,2.6380796847349428e-05,0.008140294457564947,122
Gad1-F-800516,246,117,129,1435,117,129,0.0014906433343455168,1.2290722078101695e-05,2.466205828352973e-05,0.012361187880006029,148
Gad1-F-800517,126,68,58,522,68,58,0.0004599258467963165,1.0052111402667983e-06,1.8795730102133107e-05,0.006331340133661625,89
Gad1-F-800518,239,71,168,725,71,168,8.548132499872592e-05,1.4762935734126824e-08,1.7617279728328673e-05,0.012009446761469273,150
Gad1-F-800519,28,11,17,84,11,17,4.243649781633373e-05,3.9417562384072626e-08,1.213593915833758e-05,0.0014069644741470278,28
Gad1-F-800520,261,97,164,1262,97,164,0.0004438478898946667,8.234134643011014e-07,3.962008158960637e-05,0.01311491884829908,148
Gad1-F-800521,247,154,93,1327,154,93,0.0016856793326550021,1.2155844174145005e-05,2.5785214200923747e-05,0.012411436611225566,193
Gad1-F-800522,135,47,88,689,47,88,0.0006046088463528249,9.647294768970616e-06,2.4666101336716698e-05,0.006783578714637455,95
Gad1-F-800523,288,164,124,1623,164,124,0.0011766462575120316,1.2475103972276186e-05,3.6448460969918894e-05,0.014471634591226572,186
Gad1-F-800524,190,114,76,1271,114,76,0.0011389499000247986,3.471126909907324e-06,2.6054637179763913e-05,0.009547258931711974,132
Gad1-F-800526,43,23,20,146,23,20,0.00012370852383960655,7.931335784139997e-08,1.5442923640244643e-05,0.0021606954424400783,43
Gad1-F-800527,192,180,12,777,180,12,0.004694864782342577,8.169677195553986e-06,1.6492610174820227e-05,0.009647756394151047,190
Gad1-F-800528,98,42,56,435,42,56,0.00023640042914727593,1.505913808475658e-07,1.725328732637927e-05,0.004924375659514597,88
Gad1-F-800529,352,327,25,1119,327,25,0.009643710063182633,1.4009433772346148e-05,2.8345884101466858e-05,0.01768755338927692,297
Gad1-F-800530,79,50,29,286,50,29,0.0001990298949902251,1.1104128624350535e-07,1.9844221186494588e-05,0.0039696497663434,70
Gad1-F-800531,203,111,92,1111,111,92,0.000394580085311406,2.401671920857953e-06,2.2453577290679368e-05,0.01020049243756595,145
Gad1-F-800532,201,133,68,872,133,68,0.0006476306830796352,9.577117490490565e-07,2.8090504145563502e-05,0.010099994975126878,142
Gad1-F-800533,222,107,115,927,107,115,0.0005143344090348903,5.174352921574873e-07,2.1482480158107917e-05,0.01115521833073715,139
Gad1-F-800534,534,380,154,2455,380,154,0.013269163541264496,2.8200417035319968e-05,3.258722925249688e-05,0.0268328224712326,352
Gad1-F-800535,40,17,23,240,17,23,0.0001406761085789972,3.238130124145016e-07,1.4001411816757924e-05,0.002009949248781468,39
Gad1-F-800536,117,62,55,494,62,55,0.00068672429212447,1.034039906783119e-05,1.573139655650875e-05,0.005879101552685795,90
Gad1-F-800537,447,234,213,2938,234,213,0.011598984045867573,0.000201859587049785,5.095208588854995e-05,0.02246118285513291,347
Gad1-F-800538,324,203,121,2378,203,121,0.0006772380632962728,1.7599913055174975e-06,0.0001075653689548526,0.016280588915129894,145
Gad1-F-800539,391,221,170,2451,221,170,0.0096668785977058,8.004643713008803e-05,3.4704641289893216e-05,0.019647253906838854,339
Gad1-F-800540,135,47,88,888,47,88,0.00033019515071502665,3.4413513014521133e-07,1.3030376442128055e-05,0.006783578714637455,108
Gad1-F-800541,1059,1045,14,5347,1045,14,0.03187048519584642,0.00016383383664083062,9.33935933813032e-05,0.05321340636148937,352
Gad1-F-800542,206,88,118,1090,88,118,0.0003335477419554578,5.331543447230181e-07,3.7081527240151474e-05,0.010351238631224561,135
Gad1-F-800543,14,4,10,40,4,10,5.152192877915518e-06,3.7053728872970987e-09,8.336527775041475e-06,0.0007034822370735139,14
Gad1-F-800544,463,281,182,2915,281,182,0.010571276199515188,6.624692115666327e-05,4.675844164968637e-05,0.023265162554645495,338
Gad1-F-800545,490,235,255,4113,235,255,0.012579271572231366,5.450025854105138e-05,5.1694591354290714e-05,0.024621878297572987,352
Gad1-F-800546,589,215,374,3834,215,374,0.0007861467608985466,2.4511951076716244e-06,4.007082136695516e-05,0.02959650268830712,186
Gad1-F-800547,6,3,3,13,3,3,1.832065620695676e-05,8.757923635478921e-09,7.838523772547293e-06,0.0003014923873172202,6
Gad1-F-800548,225,22,203,1208,22,203,0.00012065939399801237,3.520289400436532e-07,8.071739442277155e-06,0.01130596452439576,189
Gad1-F-800549,48,31,17,181,31,17,0.0001693185517103468,1.8954111756794527e-07,1.5523159623301722e-05,0.002411939098537762,48
Gad1-F-800550,59,56,3,201,56,3,0.00021728007474305949,1.0991171382515218e-07,2.0499440926982265e-05,0.0029646751419526657,58
Gad1-F-800551,884,21,863,8826,21,863,0.0004898583484738024,3.8619094659345244e-07,8.560661587358916e-06,0.04441987839807045,352
Gad1-F-800552,7,3,4,14,3,4,7.518424563420672e-07,2.938470954920615e-11,7.947536232209883e-06,0.00035174111853675694,7
Gad1-F-800553,21,14,7,51,14,7,2.8081141028144425e-05,6.428232965691457e-09,1.0508853485569741e-05,0.001055223355610271,21
Gad1-F-800554,143,57,86,729,57,86,0.00032676714181893333,3.178621561093739e-07,2.8873898752943968e-05,0.0071855685643937494,129
Gad1-F-800555,36,3,33,115,3,33,2.1598456785783714e-06,9.199311849133482e-11,8.993276443210229e-06,0.0018089543239033215,36
Gad1-F-800556,409,203,206,2683,203,206,0.012266193691503604,0.00011454097137525593,4.2519219519543064e-05,0.02055173106879051,343
Gad1-F-800557,40,36,4,97,36,4,0.00013282841998824482,4.73968923060089e-08,1.6174697936648408e-05,0.002009949248781468,37
Gad1-F-800558,81,57,24,302,57,24,0.00012455287548065352,7.25367319226759e-07,2.6762101596184982e-05,0.0040701472287824735,75
Gad1-F-800559,121,59,62,512,59,62,0.0003904333560745468,4.334108280682314e-07,1.4029665483328351e-05,0.006080096477563942,102
Gad1-F-800560,214,113,101,908,113,101,0.00048296963716303406,5.73501474518333e-07,3.817347115471791e-05,0.010753228480980856,138
Gad1-F-800561,77,48,29,331,48,29,0.0002065948423275091,1.780329012349126e-07,2.8002861925177513e-05,0.0038691523039043265,69
Gad1-F-800562,270,118,152,2099,118,152,0.0008142956309187812,5.445115460846682e-06,2.84770362922045e-05,0.01356715742927491,181
Gad1-F-800564,100,58,42,359,58,42,0.0002583324716868905,1.770162601765949e-07,2.081534503768302e-05,0.00502487312195367,88
Gad1-F-800565,408,88,320,3706,88,320,0.0006369252448429099,2.6913933753342244e-06,1.238300670683215e-05,0.020501482337570976,205
Gad1-F-800566,1012,309,703,5735,309,703,0.004398846997516266,0.00019358239036917435,2.7233145119609494e-05,0.05085171599417115,352
Gad1-F-800567,111,95,16,375,95,16,0.0002660800826560625,3.591832415329198e-07,4.197982696983091e-05,0.005577609165368575,86
Gad1-F-800569,443,377,66,2836,377,66,0.0026338020884229896,1.3648372724008545e-05,0.00010206348851220228,0.02226018793025476,205
Gad1-F-800571,696,98,598,4685,98,598,0.004874795409197857,1.1588331052761557e-05,1.3210064062664079e-05,0.03497311692879755,352
Gad1-F-800572,437,108,329,2236,108,329,0.0011850998991770735,2.725576821316801e-06,3.175066785337148e-05,0.021958695542937542,205
Gad1-F-800573,479,211,268,3666,211,268,0.010943505599107279,0.00020228523781720667,4.3483378483818475e-05,0.02406914225415808,352
Gad1-F-800574,134,84,50,958,84,50,0.00028642476247421996,2.0840428771556155e-06,3.8333380078778895e-05,0.006733329983417919,87
Gad1-F-800575,137,84,53,569,84,53,0.000859075628972397,1.4460446259545525e-06,4.681180823867376e-05,0.006884076177076529,108
Gad1-F-800576,111,74,37,578,74,37,0.00046863551473709053,3.0051064038648417e-06,2.15777744788402e-05,0.005577609165368575,100
Gad1-F-800577,328,215,113,1316,215,113,0.0004947454491946625,2.837062081014079e-07,9.053886099594416e-05,0.01648158384000804,148
Gad1-F-800578,242,83,159,983,83,159,0.0002777420621371656,2.9685500946129105e-07,2.8492547020937517e-05,0.012160192955127883,141
Gad1-F-800580,1254,1234,20,9374,1234,20,0.03590489471403154,7.265936634400142e-05,0.0013642620069231057,0.06301190894929903,352
Gad1-F-800581,24,18,6,55,18,6,5.3607575551494095e-05,1.8124447222947536e-08,1.01918580370217e-05,0.001205969549268881,24
Gad1-F-800583,296,41,255,1463,41,255,0.00012276954668047842,1.936547553547972e-07,8.427558042494508e-06,0.014873624440982865,211
Gad1-F-800584,101,40,61,708,40,61,0.0003628792078251891,9.134583688675533e-07,1.1632359812504247e-05,0.005075121853173208,92
Gad1-F-800585,142,125,17,839,125,17,0.0007074705232473615,2.139058978286495e-05,5.406789996850044e-05,0.007135319833174212,99
Gad1-F-800586,148,95,53,623,95,53,0.00047954383616940355,2.455929755814927e-07,3.406989592996156e-05,0.0074368122204914325,111
Gad1-F-800587,192,97,95,1112,97,95,0.0003188513938504355,2.8546855689959063e-06,1.5610329592945196e-05,0.009647756394151047,145
Gad1-F-800588,301,171,130,1417,171,130,0.0005246914905443082,8.404881422628947e-07,2.8298810976263112e-05,0.015124868097080548,186
Gad1-F-800591,82,66,16,207,66,16,0.0014317669149891633,2.4227284641217475e-06,1.2892783071681676e-05,0.00412039596000201,82
Gad1-F-800592,261,117,144,1266,117,144,0.006157821971043881,1.5042820035452719e-05,1.6343807286099022e-05,0.01311491884829908,244
Gad1-F-800594,93,9,84,439,9,84,1.5437163265223137e-05,5.168746614420223e-08,9.245093988573335e-06,0.0046731320034169134,79
Gad1-F-800595,214,163,51,1162,163,51,0.0003409132958523468,4.167523638831956e-07,5.76833842761626e-05,0.010753228480980856,121
Gad1-F-800596,34,17,17,164,17,17,0.00014693188624856886,8.67271733359747e-07,1.0730102605296203e-05,0.001708456861464248,33
Gad1-F-800597,178,113,65,869,113,65,0.0004962137968900392,4.597832653954928e-06,1.963960243323156e-05,0.008944274157077534,144
Gad1-F-800598,405,154,251,2283,154,251,0.0005627723106008052,2.0079587787141507e-06,1.8370746702988197e-05,0.020350736143912366,211
Gad1-F-800599,343,264,79,1628,264,79,0.0035339524415567486,2.9827894774269364e-05,3.6182638512810096e-05,0.01723531480830109,211
Gad1-F-800600,141,94,47,896,94,47,0.0004895846099585945,1.9504311754654913e-06,4.571152837734561e-05,0.007085071101954676,97
Gad1-F-800601,37,32,5,148,32,5,0.00015318166791929228,3.633492615702847e-08,1.4269687493027903e-05,0.0018592030551228581,34
Gad1-F-800602,72,35,37,484,35,37,4.303494330438449e-05,3.454251617580795e-08,2.1876072670341145e-05,0.003617908647806643,61
Gad1-F-800603,278,68,210,1277,68,210,0.0006588928080861559,4.145281989584264e-06,1.9564467661255398e-05,0.013969147279031204,180
Gad1-F-800604,30,25,5,103,25,5,3.393864799471405e-05,2.3791348855366973e-08,2.1381737113290027e-05,0.0015074619365861013,30
Gad1-F-800605,375,371,4,1640,371,4,0.0006941299115954532,6.461125957119345e-07,0.00012187090789633912,0.018843274207326264,148
Gad1-F-800608,146,59,87,720,59,87,0.000584084032105904,6.962133189697671e-07,1.5842493969949466e-05,0.007336314758052359,109
Gad1-F-800609,96,60,36,450,60,36,0.00019286179785772938,1.5177995992147447e-07,1.640732339146658e-05,0.004823878197075524,85
Gad1-F-800610,48,16,32,148,16,32,9.223449478208038e-05,5.136135077231768e-08,1.1129011870838017e-05,0.002411939098537762,48
Gad1-F-800613,114,91,23,500,91,23,0.00029675198403229845,3.503607730551583e-07,3.40245783811636e-05,0.005728355359027185,93
Gad1-F-800614,194,24,170,943,24,170,2.757023304654133e-05,1.0998451329041433e-08,1.6968055492738457e-05,0.009748253856590122,98
Gad1-F-800615,198,76,122,789,76,122,0.00027697390901535097,2.5912208410783237e-07,2.375432193359094e-05,0.009949248781468268,107
Gad1-F-800616,188,60,128,557,60,128,0.00012167928767515198,3.9355469153253795e-08,1.4206781836179825e-05,0.009446761469272901,149
Gad1-F-800620,486,306,180,2196,306,180,0.001143655360137053,4.194446889992458e-06,6.607860752524707e-05,0.02442088337269484,186
Gad1-F-800621,41,21,20,102,21,20,8.176445131797019e-05,4.374170178722612e-08,1.0531773249140837e-05,0.002060197980001005,41
Gad1-F-800622,151,59,92,697,59,92,0.0005669145865686421,1.2878748170194557e-06,2.0971217506911126e-05,0.007587558414150043,102
Gad1-F-800623,41,35,6,124,35,6,8.512848274270653e-05,3.891536775678071e-08,2.0955806088048255e-05,0.002060197980001005,41
Gad1-F-800624,17,13,4,48,13,4,9.347630149702561e-05,1.64417607727606e-07,1.0263869518835766e-05,0.000854228430732124,17
Gad1-F-800625,18,1,17,44,1,17,1.3729333139337205e-06,3.067933852033835e-10,7.669690145484695e-06,0.0009044771619516607,18
Gad1-F-800626,352,172,180,3341,172,180,0.0007636029848152269,6.633445813323952e-06,2.9465969891480605e-05,0.01768755338927692,211
Gad1-F-800628,182,87,95,935,87,95,0.00033351361737660905,4.0149526694176836e-07,2.084102940992371e-05,0.009145269081955681,120
Gad1-F-800629,32,28,4,69,28,4,8.67680592577676e-05,3.7827485102763226e-08,1.7010122599500587e-05,0.0016079593990251746,31
Gad1-F-800630,39,36,3,120,36,3,0.00014916349533377016,4.8415590987175114e-08,2.813577131707824e-05,0.0019597005175619317,37
Gad1-F-800631,94,81,13,319,81,13,0.0004251546624050157,2.011129938957442e-06,3.875718112086837e-05,0.004723380734636451,84
Gad1-F-800632,39,33,6,110,33,6,0.00012329745523714528,2.158537130200694e-07,1.4337431608578679e-05,0.0019597005175619317,39
Gad1-F-800637,44,12,32,133,12,32,1.0797176858904497e-05,2.242175939500084e-09,2.0293737150379305e-05,0.002210944173659615,39
Gad1-F-800639,129,20,109,936,20,109,0.00020848684150570867,3.103679754984702e-07,2.1503306337312204e-05,0.006482086327320235,95
Gad1-F-800640,454,198,256,2563,198,256,0.0006477055821838091,1.6866510543614383e-06,4.4057097738601645e-05,0.022812923973669665,180
Gad1-F-800642,613,446,167,7874,446,167,0.005481633109920402,0.01597370184698578,0.00010123859191195251,0.030802472237576,348
Gad1-F-800643,22,7,15,57,7,15,9.042232844326603e-06,3.734979604393228e-09,1.8415978528139785e-05,0.0011054720868298076,22
Gad1-F-800644,110,82,28,389,82,28,0.0004302203650503369,3.5756754924432003e-07,3.565873639536475e-05,0.005527360434149038,92
Gad1-F-800645,11,8,3,42,8,3,2.584653428088045e-06,3.665958106207721e-10,1.0470185257827387e-05,0.0005527360434149038,11
Gad1-F-800646,249,89,160,798,89,160,0.00019525551385877687,1.514495308688505e-07,1.6870029918087623e-05,0.01251193407366464,150
Gad1-F-900000,117,57,60,368,57,60,0.00042130750073678596,8.964863312237988e-06,9.987606358632761e-06,0.005879101552685795,115
Gad1-F-900001,276,33,243,1112,33,243,0.00048042360227797516,4.6350665721791934e-07,8.50363696160603e-06,0.013868649816592131,176
Gad1-F-900002,442,229,213,2271,229,213,0.0007317590216353999,1.8204797050012286e-06,4.328573892621804e-05,0.022209939199035224,182
Gad1-F-900003,46,28,18,163,28,18,0.0001375524359615648,1.9273029895652593e-06,8.34819075245583e-06,0.0023114416360986885,46
Gad1-F-900004,118,34,84,312,34,84,0.00027242887042898476,7.562756125379283e-07,8.944627084231468e-06,0.0059293502839053314,110
Gad1-F-900005,79,69,10,267,69,10,0.0008951787894840712,3.2494795519698498e-06,1.2192826083377404e-05,0.0039696497663434,78
Gad1-F-900007,190,18,172,510,18,172,8.335059389603938e-05,1.0830400262859593e-07,7.923162959771369e-06,0.009547258931711974,139
Gad1-F-900008,213,94,119,786,94,119,0.0006951912228111755,5.072129509149586e-06,2.2863961134338853e-05,0.010702979749761319,159
Gad1-F-900009,121,74,47,673,74,47,0.00025699409703459805,3.2958585269629863e-07,3.670120719643333e-05,0.006080096477563942,104
Gad1-F-900010,241,234,7,851,234,7,0.002325663128828277,8.428640269357441e-06,5.271206245368686e-05,0.012109944223908346,143
Gad1-F-900011,421,209,212,2924,209,212,0.010662726556494828,8.181051563914074e-05,3.281880406256694e-05,0.021154715843424952,352
Gad1-F-900012,110,74,36,543,74,36,0.00022692440668848303,3.8796119795205883e-07,2.5959976412324827e-05,0.005527360434149038,93
Gad1-F-900013,77,51,26,258,51,26,0.0005592797078564093,5.451444772351781e-07,1.767999800489342e-05,0.0038691523039043265,72
Gad1-F-900015,144,116,28,447,116,28,0.0017905790721897857,4.5513497128542375e-05,1.2896316755226576e-05,0.007235817295613286,139
Gad1-F-900016,36,18,18,71,18,18,4.439210663461419e-05,4.252557268297027e-08,8.399542751103774e-06,0.0018089543239033215,36
Gad1-F-900018,24,21,3,52,21,3,0.0002716965724468981,1.1342269286295427e-07,8.153103675976602e-06,0.001205969549268881,24
Gad1-F-900019,306,64,242,1244,64,242,0.003162465955373302,2.7893763463064428e-05,2.77710592575193e-05,0.015376111753178233,256
Gad1-F-900020,176,84,92,542,84,92,0.0008188939247794427,1.4520551889143858e-05,1.3551360882799338e-05,0.00884377669463846,156
Gad1-F-900021,41,26,15,102,26,15,0.0001859150372545373,1.340092026254567e-06,8.426750374974635e-06,0.002060197980001005,41
Gad1-F-900022,294,172,122,1694,172,122,0.00048523623216222456,8.252159825308807e-07,7.045312626086381e-05,0.014773126978543792,135
Gad1-F-900024,257,255,2,792,255,2,0.0038442936306508128,0.00011078065721347332,3.536683630581635e-05,0.012913923923420934,150
Gad1-F-900025,66,57,9,202,57,9,0.00018924099780375056,1.5463761642751515e-07,2.183329608217715e-05,0.0033164162604894225,60
Gad1-F-900026,89,43,46,226,43,46,0.00030776007802342677,3.243794628927435e-07,9.305646124957448e-06,0.004472137078538767,89
Gad1-F-900027,311,111,200,2160,111,200,0.0009145013029336386,1.1762864301688926e-05,1.3555149571705105e-05,0.015627355409275914,224
Gad1-F-900029,685,440,245,7638,440,245,0.0056676509400005815,0.011762095087122016,8.245791142058627e-05,0.03442038088538264,348
Gad1-F-900030,363,239,124,1505,239,124,0.005149852936152998,7.57176669765787e-05,2.767360839979241e-05,0.018240289432691823,224
Gad1-F-900031,163,121,42,474,121,42,0.0019946198883322806,1.1717082544589573e-05,1.3195264798269881e-05,0.008190543188784483,142
Gad1-F-900032,383,181,202,2015,181,202,0.0020595833952985563,1.3176289358876563e-05,4.0719558842808056e-05,0.01924526405708256,234
Gad1-F-900034,133,76,57,550,76,57,0.0003795530179098412,4.413504864414301e-07,2.1026865592181392e-05,0.006683081252198382,111
Gad1-F-900035,142,118,24,551,118,24,0.0005568195470448895,1.5122162507801798e-06,1.5096474337952135e-05,0.007135319833174212,132
Gad1-F-900036,312,267,45,1028,267,45,0.004353007876221073,5.3416889796973954e-05,3.5967616179374813e-05,0.015677604140495453,190
Gad1-F-900037,549,276,273,3559,276,273,0.0040280501360952185,5.2866798382834845e-05,5.4296676192690826e-05,0.027586553439525652,230
Gad1-F-900038,877,481,396,6321,481,396,0.00970951520621018,0.00026598325852098003,7.692307540069111e-05,0.044068137279533695,294
Gad1-F-900039,593,312,281,6797,312,281,0.0052741021142344345,8.724498758402273e-05,0.00012868362213285003,0.029797497613185266,325
Gad1-F-900040,261,49,212,1483,49,212,0.0002827888677447743,7.17376175929696e-07,1.712615060573276e-05,0.01311491884829908,207
Gad1-F-900041,522,136,386,2358,136,386,0.009082187644546233,1.587167109340016e-05,2.0199329847815413e-05,0.02622983769659816,312
Gad1-F-900042,862,639,223,5966,639,223,0.01440975838941654,2.2482128736510465e-05,8.147163461125788e-05,0.043314406311240644,352
Gad1-F-900043,179,77,102,839,77,102,0.0005620742020851901,1.6358023571936742e-05,1.3598788816234846e-05,0.008994522888297071,127
Gad1-F-900044,67,43,24,234,43,24,0.0003585870567688345,1.459007939921974e-06,1.0490218941252424e-05,0.0033666649917089594,67
Gad1-F-900045,328,317,11,1229,317,11,0.007526273991463744,8.90301011553461e-06,2.7617453156744158e-05,0.01648158384000804,306
Gad1-F-900046,222,43,179,1165,43,179,0.0006004000689897156,1.1788645284315969e-06,1.1391501452982473e-05,0.01115521833073715,190
Gad1-F-900047,234,103,131,1146,103,131,0.00016682314389822843,8.424252225208895e-08,5.6868023003741495e-05,0.01175820310537159,140
Gad1-F-900048,180,172,8,571,172,8,0.0012312624555681456,2.9631614440850236e-06,2.916573805111952e-05,0.009044771619516606,126
Gad1-F-900049,44,42,2,107,42,2,4.6867398482413635e-05,3.91048227229438e-08,1.5191027361729142e-05,0.002210944173659615,44
Gad1-F-900050,986,887,99,9292,887,99,0.022468304616937523,3.805392149926316e-05,0.0001152533662479041,0.049545248982463194,352
Gad1-F-900051,168,26,142,496,26,142,0.0001408827244003321,1.032124472587124e-07,8.885642808352317e-06,0.008441786844882167,123
Gad1-F-900052,350,45,305,1867,45,305,0.0004461088376336496,3.349718365252234e-06,1.5023870168609584e-05,0.017587055926837847,205
Gad1-F-900053,814,213,601,4619,213,601,0.003241424378413229,2.1914711294650076e-05,1.7828450678967804e-05,0.04090246721270288,352
Gad1-F-900054,542,229,313,4857,229,313,0.0014557652401808714,3.098393002397213e-05,3.301502262494245e-05,0.027234812320988896,205
Gad1-F-900055,286,183,103,859,183,103,0.0006064015594623641,6.711682457206201e-07,2.9313878692008334e-05,0.014371137128787499,148
Gad1-F-900056,179,118,61,717,118,61,0.00014846155470335062,1.609219095533756e-07,0.00011803017786461569,0.008994522888297071,98
Gad1-F-900057,31,15,16,164,15,16,2.273782626711591e-05,3.121510836186704e-08,1.4826975184476953e-05,0.001557710667805638,31
Gad1-F-900059,75,73,2,311,73,2,0.00020770605489798722,1.4475030252897033e-07,3.690793016114842e-05,0.003768654841465253,65
Gad1-F-900060,510,284,226,4880,284,226,0.0018785903681336222,5.178354852826612e-05,8.283313994875442e-05,0.02562685292196372,194
Gad1-F-900061,117,107,10,348,107,10,0.0025979190891147015,5.98420164542771e-06,1.8937866478490878e-05,0.005879101552685795,110
Gad1-F-900062,26,12,14,94,12,14,3.010984722132156e-05,1.5258465827647936e-08,1.6560045016564712e-05,0.0013064670117079544,26
Gad1-F-900063,530,250,280,2733,250,280,0.0032801974364720255,1.7029086319845375e-05,6.22191068460844e-05,0.026631827546354455,293
Gad1-F-900064,409,67,342,2302,67,342,0.0006720075751841375,1.5111381779334034e-05,1.4290284841759533e-05,0.02055173106879051,212
Gad1-F-900065,239,62,177,1445,62,177,0.005639053043350927,3.906676009836643e-06,1.7251119528155946e-05,0.012009446761469273,231
Gad1-F-900066,99,72,27,643,72,27,0.0004758297103910002,9.025675894009883e-05,3.412694836244924e-05,0.004974624390734134,94
Gad1-F-900067,461,130,331,2488,130,331,0.007208413572244331,3.803638403600791e-05,2.072532534863901e-05,0.02316466509220642,352
Gad1-F-900068,226,79,147,916,79,147,0.00022915347294402772,1.6983926052412806e-07,1.2812401737763131e-05,0.011356213255615295,175
Gad1-F-900069,388,284,104,1954,284,104,0.004875649988561755,6.136301593574251e-05,4.133467471672865e-05,0.019496507713180244,266
Gad1-F-900070,128,55,73,608,55,73,0.0004890186684636708,8.581369380374627e-06,1.5235729440042483e-05,0.0064318375961006985,107
Gad1-F-900071,397,235,162,1836,235,162,0.0010518820259231244,7.047412226497309e-06,3.7201988945071096e-05,0.01994874629415607,183
Gad1-F-900072,220,140,80,1026,140,80,0.0007567821720486236,5.983808875761365e-06,2.140029437279632e-05,0.011054720868298076,148
Gad1-F-900073,178,106,72,1072,106,72,0.0018853276326252651,1.3819255964984555e-05,2.116116866652894e-05,0.008944274157077534,143
Gad1-F-900074,965,114,851,6281,114,851,0.006650675112795258,3.692098974822139e-05,3.1483421680842754e-05,0.04849002562685292,352
Gad1-F-900075,283,101,182,1583,101,182,0.0013536098580071024,2.088835797450784e-05,2.071243993247873e-05,0.014220390935128889,193
Gad1-F-900077,1539,1081,458,10067,1081,458,0.026499165461851947,4.647490014447624e-05,0.00012591532090175893,0.07733279734686699,352
Gad1-F-900078,453,241,212,3372,241,212,0.01317151062381355,5.1093480711613683e-05,4.451263981504269e-05,0.02276267524245013,352
Gad1-F-900079,203,166,37,631,166,37,0.004677793641586021,1.736678183676262e-05,1.7899242159508635e-05,0.01020049243756595,189
Gad1-F-900080,2308,2157,151,15688,2157,151,0.059112385481779904,0.0001342473081822171,0.0002412665838678786,0.11597407165469072,352
Gad1-F-900081,2880,1952,928,23579,1952,928,0.05418030607293665,7.411868728815733e-05,0.00017083001139494544,0.1447163459122657,352
Gad1-F-900082,1038,532,506,9041,532,506,0.010383818124813374,1.1285833167691099e-05,6.572737452924918e-05,0.0521581830058791,352
Gad1-F-900083,351,195,156,2862,195,156,0.0007864529367879609,2.4793145253991945e-06,2.126625340399861e-05,0.017637304658057382,211
Gad1-F-900084,390,210,180,3044,210,180,0.01310405950717496,6.013076366892103e-05,4.158363896963847e-05,0.019597005175619315,346
Gad1-F-900085,521,145,376,2319,145,376,0.0005683540248481695,1.0751254367575475e-06,2.9075865924358e-05,0.026179588965378624,186
Gad1-F-900086,108,58,50,351,58,50,0.0005830864746500369,1.210827537562758e-06,1.7571085188056602e-05,0.005426862971709964,92
Gad1-F-900087,378,230,148,2444,230,148,0.010737160831645024,9.910241209374907e-05,3.548599198507878e-05,0.018994020400984874,341
Gad1-F-900088,475,179,296,2947,179,296,0.0035938921871994994,2.05014823331387e-05,2.4882436933276472e-05,0.023868147329279936,352
Gad1-F-900089,420,258,162,2074,258,162,0.0011895601607332326,9.608807509342735e-06,5.0885148698953654e-05,0.021104467112205417,182
Gad1-F-900090,853,248,605,4413,248,605,0.0032920549007836525,0.00022686517193281142,2.2380640876982745e-05,0.042862167730264814,352
Gad1-F-900091,248,72,176,1033,72,176,0.001119541325352788,4.404707578285726e-06,1.5944656969124818e-05,0.012461685342445104,143
Gad1-F-900092,421,251,170,2462,251,170,0.010861227121472061,8.73817962223111e-05,4.01360608384656e-05,0.021154715843424952,348
Gad1-F-900093,311,238,73,2113,238,73,0.001784341386738112,2.7230905495982857e-05,3.3287870010068465e-05,0.015627355409275914,205
Gad1-F-900094,880,30,850,7589,30,850,0.0010655102250610351,3.539829334965661e-06,1.4681806499440223e-05,0.044218883473192305,352
Gad1-F-900095,301,269,32,1221,269,32,0.00046094732577021003,1.8264389612617066e-07,8.280393333061615e-05,0.015124868097080548,150
Gad1-F-900096,184,98,86,955,98,86,0.0006228340009585173,9.583247697164625e-06,1.4915701273613471e-05,0.009245766544394754,135
Gad1-F-900097,254,109,145,1417,109,145,0.001458461563298709,8.806396522280046e-06,1.4714111085520646e-05,0.012763177729762324,208
Gad1-F-900098,379,80,299,2554,80,299,0.001279131528852285,1.3509354257322347e-06,1.631695292480654e-05,0.019044269132204413,211
Gad1-F-900099,431,244,187,3346,244,187,0.010901552795468174,0.0001961445027260649,3.960268197979842e-05,0.021657203155620322,352
Gad1-F-900100,691,210,481,4407,210,481,0.012233080567703223,6.258502662413131e-05,4.1128654672873296e-05,0.03472187327269986,352
Gad1-F-900101,109,54,55,800,54,55,0.0005674574354823931,2.211317634099298e-06,1.3742999745165278e-05,0.005477111702929501,93
Gad1-F-900102,412,220,192,3437,220,192,0.011958390686312076,3.3094057260520305e-05,3.767930194758666e-05,0.020702477262449122,352
Gad1-F-900103,170,124,46,733,124,46,0.0004827462893205187,4.5286242578265924e-07,3.19766379013943e-05,0.00854228430732124,139
Gad1-F-900104,426,218,208,3036,218,208,0.010529516991961783,6.544329047170958e-05,2.889965070512186e-05,0.021405959499522637,352
Gad1-F-900106,437,246,191,3586,246,191,0.013680040612318532,4.7872179015099854e-05,4.4624733221115176e-05,0.021958695542937542,352
Gad1-F-900107,96,55,41,526,55,41,0.0003778775069146801,2.1523775780714757e-06,1.9752218515709426e-05,0.004823878197075524,83
Gad1-F-900108,461,246,215,2207,246,215,0.004364295243461701,1.8671039741514497e-05,2.0588863475910514e-05,0.02316466509220642,352
Gad1-F-900109,249,33,216,1261,33,216,0.0002738568651601825,4.811381512129107e-07,1.1369304808344993e-05,0.01251193407366464,168
Gad1-F-900110,853,835,18,7837,835,18,0.03009439668062612,0.00016616422736981411,0.00014125412289908102,0.042862167730264814,352
Gad1-F-900111,741,105,636,3737,105,636,0.0019336863039427464,8.819365289794984e-06,1.2661669185638354e-05,0.0372343098336767,352
Gad1-F-900112,899,656,243,32224,656,243,0.007805750274796864,0.06922890763147986,0.000428507995429393,0.0451736093663635,348
Gad1-F-900113,434,217,217,2745,217,217,0.010815618320903914,0.00012060232724633224,3.152399165710643e-05,0.021807949349278932,352
Gad1-F-900114,53,17,36,187,17,36,0.00038659682234255403,1.2141283238433361e-05,1.0181101379790704e-05,0.0026631827546354453,53
Gad1-F-900116,108,70,38,740,70,38,0.0006566131966855392,2.1480572462510347e-06,1.6341428858881768e-05,0.005426862971709964,92
Gad1-F-900117,471,233,238,3406,233,238,0.010977871442183273,0.00020248332945697886,4.639535434175413e-05,0.02366715240440179,352
Gad1-F-900118,547,204,343,3466,204,343,0.009555558733609802,6.289950885600967e-05,3.526273693791532e-05,0.027486055977086577,352
Gad1-F-900119,62,30,32,372,30,32,0.0002821148657258108,3.267826672301086e-07,1.0686225411101525e-05,0.003115421335611276,61
Gad1-F-900120,352,337,15,1752,337,15,0.011046100110219927,3.384409703220535e-05,3.617700768283943e-05,0.01768755338927692,325
Gad1-F-900121,587,193,394,5034,193,394,0.004701572627994831,2.1424617142205568e-05,2.6594687430593392e-05,0.029496005225868045,352
Gad1-F-900122,824,43,781,7749,43,781,0.0015889388208179917,2.077171642300635e-06,1.1412058551002024e-05,0.041404954524898244,352
Gad1-F-900123,141,36,105,716,36,105,8.37936495197491e-05,1.2133249842149908e-07,2.6032851678719432e-05,0.007085071101954676,102
Gad1-F-900124,102,47,55,576,47,55,0.0006168602801881949,9.073575885806382e-07,1.2843250463164915e-05,0.005125370584392744,93
Gad1-F-900125,576,280,296,3363,280,296,0.005594137378829382,3.0020203034648746e-05,2.0891074328605774e-05,0.028943269182453144,352
Gad1-F-900126,434,257,177,2813,257,177,0.014372555223008206,3.863198364589541e-05,5.383239989992516e-05,0.021807949349278932,352
Gad1-F-900127,173,134,39,938,134,39,0.0004438232017110964,5.892339541987256e-07,5.901678866184875e-05,0.00869303050097985,114
Gad1-F-900128,112,93,19,320,93,19,0.0023448380041030427,2.171501727758728e-05,2.0341461052292956e-05,0.005627857896588111,109
Gad1-F-900129,443,219,224,2289,219,224,0.0025030530150003945,2.461096804681898e-05,2.890173424685768e-05,0.02226018793025476,214
Gad1-F-900130,482,203,279,2961,203,279,0.011899960920194722,2.4133770591740084e-05,3.171377524628808e-05,0.024219888447816692,352
Gad1-F-900131,283,38,245,1186,38,245,0.0015020260195087389,8.402191274520787e-06,1.066719632135188e-05,0.014220390935128889,260
Gad1-F-900132,400,370,30,1373,370,30,0.009151807319177824,1.0552654422178743e-05,2.7279185503361344e-05,0.02009949248781468,346
Gad1-F-900133,535,412,123,5192,412,123,0.0057067063224613,0.009682784095965203,8.516745719228072e-05,0.02688307120245214,344
Gad1-F-900134,355,165,190,2166,165,190,0.0011756915738105785,3.5225810779162974e-05,2.5427462513819784e-05,0.01783829958293553,183
Gad1-F-900135,801,14,787,6328,14,787,0.0006405769083724763,3.1790148671036937e-07,8.250657075501543e-06,0.0402492337068489,352
Gad1-F-900136,100,14,86,524,14,86,6.028046014348565e-05,1.2476346447515812e-07,8.593612880494047e-06,0.00502487312195367,82
Gad1-F-900137,382,106,276,2553,106,276,0.0022560783567653186,3.600999108310849e-05,2.0548631015224584e-05,0.019195015325863023,211
Gad1-F-900138,407,177,230,2442,177,230,0.0033955524709938746,1.6472582255301937e-05,2.3008450716644427e-05,0.02045123360635144,340
Gad1-F-900139,219,23,196,1037,23,196,0.00016931364254126535,4.636310476326072e-07,9.751814223211148e-06,0.011004472137078539,171
Gad1-F-900140,161,113,48,491,113,48,0.0001942424522115057,8.731553916093756e-08,2.3425344006096545e-05,0.00809004572634541,134
Gad1-F-900141,12,5,7,53,5,7,1.775822754202483e-06,9.293365286957473e-11,9.325635552738207e-06,0.0006029847746344405,12
Gad1-F-900142,597,213,384,3944,213,384,0.011042073681212955,0.00021731525192404094,4.352541501390112e-05,0.029998492538063415,352
Gad1-F-900143,109,58,51,484,58,51,0.00020059837293837419,2.0223673199130954e-07,2.179001649564765e-05,0.005477111702929501,90
Gad1-F-900144,397,244,153,2478,244,153,0.013619605677945509,3.911327417389892e-05,4.576072371253537e-05,0.01994874629415607,349
Gad1-F-900145,480,259,221,3612,259,221,0.013896497576017285,7.294166334147252e-05,4.643052267578624e-05,0.02411939098537762,352
Gad1-F-900146,432,238,194,3378,238,194,0.011555167920611295,0.00015191779252287835,4.050109596980064e-05,0.021707451886839858,352
Gad1-F-900147,367,194,173,2053,194,173,0.004762666869171278,5.794295714985578e-06,1.7339169292615867e-05,0.018441284357569972,347
Gad1-F-900148,394,229,165,2928,229,165,0.012946156188256659,5.274466004987721e-05,3.926841486624719e-05,0.019798000100497464,344
Gad1-F-900149,423,243,180,3223,243,180,0.011682747039640845,0.00013825078811059634,4.115132754955008e-05,0.021255213305864027,352
Gad1-F-900150,19,5,14,94,5,14,9.041412801850929e-05,6.299732376448916e-08,4.931072851482518e-05,0.0009547258931711974,19
Gad1-F-900151,515,173,342,4115,173,342,0.004188444125601607,2.1204922492718192e-05,3.130275595226912e-05,0.025878096578061404,352
Gad1-F-900152,612,295,317,3108,295,317,0.005511078556070721,2.7924178386426418e-05,2.247368609207752e-05,0.030752223506356466,352
Gad1-F-900153,487,171,316,3109,171,316,0.005757334731497996,2.134902266229324e-05,2.787363338074918e-05,0.024471132103914377,352
Gad1-F-900154,436,234,202,3587,234,202,0.013028997974426292,4.8873433991346974e-05,5.667997205996987e-05,0.021908446811718003,352
Gad1-F-900155,364,156,208,1955,156,208,0.0017778388136793577,1.454754799508837e-05,4.223299274771192e-05,0.018290538163911362,185
Gad1-F-900156,698,135,563,3245,135,563,0.0033553517867242863,3.2298231884283884e-05,1.4713501268662783e-05,0.03507361439123662,352
Gad1-F-900158,54,21,33,184,21,33,4.982751533479657e-05,2.537229716054465e-08,1.6492521570583984e-05,0.002713431485854982,51
Gad1-F-900159,420,223,197,3733,223,197,0.010323521997192315,9.760338571161008e-05,3.537121127258665e-05,0.021104467112205417,352
Gad1-F-900160,806,236,570,5267,236,570,0.003266062888234896,7.35796493752844e-05,3.818719261380418e-05,0.04050047736294658,246
Gad1-F-900161,284,190,94,1253,190,94,0.0027416520356175673,1.330017337300108e-05,6.0800777073327635e-05,0.014270639666348424,175
Gad1-F-900162,327,185,142,2264,185,142,0.0010558048037209466,7.508723267257883e-06,1.8729488906796436e-05,0.016431335108788504,211
Gad1-F-900163,400,218,182,2837,218,182,0.011162483311093166,0.00012315354926853122,3.9534430674299186e-05,0.02009949248781468,348
Gad1-F-900164,870,51,819,8862,51,819,0.0021408900895981786,2.602798181375038e-06,1.0606858564532675e-05,0.043716396160996936,352
Gad1-F-900165,106,52,54,648,52,54,0.0001646730797952402,6.294111736610164e-07,1.8066555659515334e-05,0.005326365509270891,83
Gad1-F-900166,14,10,4,41,10,4,8.031813656784403e-05,2.2244672494872203e-08,8.495248283294961e-06,0.0007034822370735139,14
Gad1-F-900168,6,3,3,17,3,3,1.437878330782823e-05,8.908584393472164e-09,7.777995192889933e-06,0.0003014923873172202,6
Gad1-F-900169,735,104,631,4444,104,631,0.0018124829324544553,7.775046842328377e-06,1.2728932005748982e-05,0.03693281744635948,352
Gad1-F-900170,569,338,231,4419,338,231,0.013525562553376625,0.00010438234248282627,4.662636577741195e-05,0.028591528063916388,352
Gad1-F-900171,641,240,401,3777,240,401,0.013164538534064862,7.052589358562026e-05,5.2073330430180106e-05,0.03220943671172303,352
Gad1-F-900172,185,174,11,547,174,11,0.003637111456293968,9.313796249027862e-06,1.5214642487266365e-05,0.009296015275614291,181
Gad1-F-900173,756,18,738,7715,18,738,0.000541594268109087,3.372175868158079e-07,8.651630934961302e-06,0.03798804080196975,352
Gad1-F-900174,513,395,118,2181,395,118,0.010717307902154376,1.1461547766362446e-05,2.808093462491582e-05,0.02577759911562233,350
Gad1-F-900175,457,242,215,3347,242,215,0.01202564494567608,0.0001535125910910492,3.4940853909081025e-05,0.022963670167328275,352
Gad1-F-900176,406,204,202,3103,204,202,0.010563033134635793,0.00011222674666029841,3.280552243866641e-05,0.0204009848751319,352
Gad1-F-900177,98,19,79,564,19,79,0.00010800222266442156,4.9484229403181746e-08,9.268822085429073e-06,0.004924375659514597,79
Gad1-F-900178,265,129,136,1056,129,136,0.0021240774031543036,7.324011990368888e-06,1.5675984419351087e-05,0.013315913773177228,175
Gad1-F-900180,504,165,339,3975,165,339,0.0031042208138017074,1.5503401341006602e-05,2.443169826830957e-05,0.0253253605346465,352
Gad1-F-900182,428,235,193,3378,235,193,0.01083091964159328,6.918320646040879e-05,3.8720811286031324e-05,0.021506456961961712,352
Gad1-F-900183,652,183,469,3514,183,469,0.009318867367213043,7.857906485713502e-05,2.5695673585090317e-05,0.03276217275513793,352
Gad1-F-900184,419,239,180,3484,239,180,0.011029021350039135,0.00010136150643640734,4.067691857799495e-05,0.02105421838098588,352
Gad1-F-900185,805,141,664,4198,141,664,0.006074676953909675,1.8446240580260194e-05,2.3772404749300135e-05,0.04045022863172705,352
Gad1-F-900187,466,159,307,2678,159,307,0.004595312513725334,1.3744149576449177e-05,1.8698999686847588e-05,0.023415908748304105,352
Gad1-F-900188,51,14,37,145,14,37,4.6256185577426445e-05,1.5829533998032892e-08,9.579450600218358e-06,0.002562685292196372,51
Gad1-F-900190,37,17,20,106,17,20,4.741291989199533e-05,2.288889882830215e-08,9.84123468109202e-06,0.0018592030551228581,37
Gad1-F-900191,299,254,45,1287,254,45,0.001860905191370721,4.5515008890290224e-05,0.00010134980491666058,0.015024370634641475,188
Gad1-F-900192,361,194,167,1918,194,167,0.011757860592205573,2.5597459359046036e-05,3.081591928373842e-05,0.018139791970252752,331
Gad1-F-900193,532,186,346,3786,186,346,0.004817422389851744,3.039921644615654e-06,2.340226608253454e-05,0.02673232500879353,352
Gad1-F-900194,379,50,329,1502,50,329,0.000806523658793674,4.748457576177978e-06,1.0377864317471878e-05,0.019044269132204413,199
Gad1-F-900195,69,6,63,423,6,63,1.5335617007789934e-05,2.640440961211077e-08,8.157784242794284e-06,0.0034671624541480327,66
Gad1-F-900196,70,10,60,285,10,60,0.0001788736459739071,3.931770959918983e-06,8.393710112134599e-06,0.0035174111853675696,70
Gad1-F-900198,30,11,19,89,11,19,0.0002838782751986516,3.302310524094026e-05,8.095025556047666e-06,0.0015074619365861013,30
Gad1-F-900200,427,170,257,3964,170,257,0.002429779169717523,0.0017494319695259258,4.172678301165893e-05,0.021456208230742173,346
Gad1-F-900201,603,181,422,3638,181,422,0.00562302588445977,1.9953132267259215e-05,2.8868457363170068e-05,0.030299984925380635,352
Gad1-F-900203,57,32,25,158,32,25,9.874828542440791e-05,7.427436811347301e-08,1.0496637535900647e-05,0.0028641776795135924,56
Gad1-F-900204,36,31,5,93,31,5,9.466698059313157e-05,7.030315778321846e-08,1.0585180078278106e-05,0.0018089543239033215,36
Gad1-F-900205,309,56,253,1750,56,253,0.00045589471224116333,1.4337844600234574e-06,1.0755080353069848e-05,0.015526857946836843,205
Gad1-F-900206,358,200,158,2165,200,158,0.012458879986178416,2.781976763226201e-05,3.4209887405757e-05,0.017989045776594142,333
Gad1-F-900207,495,148,347,3756,148,347,0.002750895148285143,1.3299394889508734e-05,2.064616819894574e-05,0.024873121953670668,352
Gad1-F-900208,102,87,15,388,87,15,0.0002206902498837302,2.75833921513667e-07,5.467995231228953e-05,0.005125370584392744,81
Gad1-F-900209,151,102,49,885,102,49,0.00033439655076127886,2.0038449892957405e-06,0.000114893702225284,0.007587558414150043,90
Gad1-F-900210,575,255,320,3071,255,320,0.0038577953870187753,2.0807136447168447e-05,1.997358018643591e-05,0.028893020451233608,352
Gad1-F-900212,207,71,136,946,71,136,0.0002423687900821547,2.2550317774810523e-07,4.026400502565701e-05,0.010401487362444098,148
Gad1-F-900213,147,68,79,757,68,79,0.000958793618044981,5.2201543543858835e-06,2.427052646475166e-05,0.007386563489271896,107
Gad1-F-900214,75,13,62,466,13,62,3.12328196220777e-05,1.5026156300932493e-07,1.3466468805316734e-05,0.003768654841465253,71
Gad1-F-900215,125,70,55,449,70,55,0.00015681272709161873,1.0161768240980877e-07,3.463369367913102e-05,0.006281091402442088,89
Gad1-F-900217,329,32,297,1375,32,297,0.0001129048416027877,2.04585520051336e-07,8.163448041824012e-06,0.016531832571227575,211
Gad1-F-900218,251,129,122,1401,129,122,0.00045989511028342176,7.306991969101158e-07,7.447732485225817e-05,0.012612431536103714,148
Gad1-F-900219,203,150,53,1074,150,53,0.00045359138196124734,6.852920142800627e-07,7.586163024832517e-05,0.01020049243756595,138
Gad1-F-900220,498,268,230,4703,268,230,0.014286677654783182,4.9354554728033605e-05,5.4449096366384334e-05,0.02502386814732928,352
Gad1-F-900221,108,67,41,505,67,41,0.0005693261323363171,4.3896273142095924e-06,2.274507955278287e-05,0.005426862971709964,98
Gad1-F-900222,425,218,207,3343,218,207,0.013641710243546287,4.224670959576459e-05,4.596572943548751e-05,0.0213557107683031,352
Gad1-F-900223,161,56,105,1128,56,105,0.0006179659517382202,5.567926995998504e-06,2.67057385354774e-05,0.00809004572634541,109
Gad1-F-900224,152,95,57,793,95,57,0.00031358819185073366,3.290629257883919e-07,3.094205505221715e-05,0.007637807145369579,104
Gad1-F-900225,448,274,174,2385,274,174,0.013367383904280508,5.7043815446854995e-05,5.29597790122918e-05,0.022511431586352444,349
Gad1-F-900226,499,188,311,3510,188,311,0.006750668218650224,2.5299944979712542e-05,2.0544218024899724e-05,0.025074116878548817,352
Gad1-F-900227,190,126,64,1225,126,64,0.0003807252585020417,5.691637350614374e-07,7.578851361051829e-05,0.009547258931711974,131
Gad1-F-900228,363,117,246,1999,117,246,0.0007778958179302509,9.569764952217864e-06,1.746658872118497e-05,0.018240289432691823,211
Gad1-F-900229,128,94,34,454,94,34,0.00045247149729468836,7.223388847500129e-07,2.2178209344237817e-05,0.0064318375961006985,118
Gad1-F-900230,392,168,224,1749,168,224,0.0007534133957255489,1.2377351464601342e-06,4.425248749722551e-05,0.01969750263805839,186
Gad1-F-900231,424,252,172,3283,252,172,0.013192584721382659,4.850680968894749e-05,4.367384551532241e-05,0.021305462037083563,352
Gad1-F-900232,368,276,92,3834,276,92,0.002516815980809266,7.5491725198261e-05,5.9875247545159926e-05,0.018491533088789508,211
Gad1-F-900234,233,27,206,986,27,206,0.00012194921122298841,7.234795473341706e-08,1.9057006965605394e-05,0.011707954374152053,148
Gad1-F-900235,98,48,50,695,48,50,0.0004115839648494701,1.5756703915688574e-06,1.4492810694828372e-05,0.004924375659514597,83
Gad1-F-900236,346,55,291,1898,55,291,0.00029124132854782027,4.2207044461924137e-07,9.301103201959427e-06,0.0173860610019597,210
Gad1-F-900237,406,235,171,2662,235,171,0.01175367877966121,0.0001321120921327539,4.294753312516863e-05,0.0204009848751319,337
Gad1-F-900238,263,151,112,1390,151,112,0.0009591390354363841,2.593313316025737e-06,6.0889943160531926e-05,0.013215416310738155,148
Gad1-F-900239,499,437,62,3169,437,62,0.0013176265110051454,2.8046761362024043e-06,0.00017604957750674046,0.025074116878548817,150
Gad1-F-900240,49,35,14,220,35,14,0.0006387041035913677,2.9316114666943047e-05,1.4561673200283244e-05,0.0024621878297572987,47
Gad1-F-900241,93,52,41,345,52,41,0.0005546864286743493,1.674331195549046e-06,1.1985824498851786e-05,0.0046731320034169134,86
Gad1-F-900242,371,191,180,2761,191,180,0.011404953963649447,6.0168665943205545e-05,3.4869116073921085e-05,0.018642279282448118,326
Gad1-F-900243,537,252,285,2927,252,285,0.003957776407021741,2.437403636112733e-05,2.3112218402468062e-05,0.02698356866489121,352
Gad1-F-900244,146,70,76,738,70,76,0.0001894480168582492,1.3278149825324097e-07,1.9929517002906088e-05,0.007336314758052359,110
Gad1-F-900245,570,165,405,4896,165,405,0.0032789514753079015,1.2992339837406444e-05,2.1226273448005212e-05,0.028641776795135923,352
Gad1-F-900247,27,9,18,55,9,18,6.974317036017727e-05,1.006558716197431e-08,9.000078799415268e-06,0.001356715742927491,27
Gad1-F-900248,462,268,194,3037,268,194,0.013206511245394325,3.2647555422252124e-05,4.437242507222083e-05,0.02321491382342596,352
Gad1-F-900249,306,278,28,999,278,28,0.006824086966792463,9.65442276260416e-06,2.0827559723024432e-05,0.015376111753178233,292
Gad1-F-900250,231,34,197,985,34,197,0.00035192640625007695,8.868301454276888e-07,9.980863223792215e-06,0.01160745691171298,186
Gad1-F-900251,268,172,96,854,172,96,0.0003486646085341561,1.7644025923809476e-07,6.171550529025944e-05,0.013466659966835838,150
Gad1-F-900252,147,102,45,832,102,45,0.0003685021574614707,4.003924547350161e-07,4.417536184252065e-05,0.007386563489271896,109
Gad1-F-900253,248,167,81,616,167,81,0.003493336487527876,3.572401809240258e-05,1.4558026675079583e-05,0.012461685342445104,246
Gad1-F-900254,394,222,172,3072,222,172,0.012068383909894663,3.1940392322059465e-05,3.721210964407174e-05,0.019798000100497464,352
Gad1-F-900255,499,258,241,3107,258,241,0.012982808554434191,4.102944468865571e-05,3.9521730086701744e-05,0.025074116878548817,352
Gad1-F-900256,496,191,305,3499,191,305,0.004795676402713392,2.055281669556038e-05,2.9132381414716188e-05,0.024923370684890207,352
Gad1-F-900257,132,85,47,670,85,47,0.0001811110494300156,1.8209245634279093e-07,3.3793213590585356e-05,0.006632832520978845,108
Gad1-F-900258,123,41,82,910,41,82,0.00038704864201296555,1.4438965552560106e-06,1.4231607525671632e-05,0.0061805939400030145,88
Gad1-F-900259,346,192,154,1627,192,154,0.009997854714107555,0.00010432237879000493,3.170967814196747e-05,0.0173860610019597,306
Gad1-F-900261,461,292,169,3120,292,169,0.013313228833909892,0.00013977684156499495,4.7733819937267156e-05,0.02316466509220642,352
Gad1-F-900263,263,133,130,1629,133,130,0.0009437770334374724,5.688133755737941e-07,2.2426682151391216e-05,0.013215416310738155,144
Gad1-F-900264,507,284,223,4200,284,223,0.013231762421634253,0.00024516106908321417,5.688942174618159e-05,0.02547610672830511,352
Gad1-F-900265,559,196,363,4536,196,363,0.006730506956373562,2.8536018238676956e-05,3.0030905713322065e-05,0.028089040751721018,352
Gad1-F-900266,269,68,201,1230,68,201,0.00028213813627294576,2.308251004394295e-07,1.9937245713699932e-05,0.013516908698055373,148
Gad1-F-900267,250,129,121,1344,129,121,0.000481239280394601,7.610820600479449e-07,2.0365884197598252e-05,0.012562182804884177,150
Gad1-F-900268,242,101,141,1283,101,141,0.001228528388848667,1.610684950409782e-05,2.6588733738004976e-05,0.012160192955127883,147
Gad1-F-900269,1057,170,887,14305,170,887,0.004044989392172856,1.1074131659439223e-05,2.0719394442921924e-05,0.0531129088990503,352
Gad1-F-900270,273,88,185,1334,88,185,0.0002974046788425146,3.843115244317373e-07,5.200750277762252e-05,0.01371790362293352,148
Gad1-F-900271,180,121,59,706,121,59,0.0008315541265897924,1.2499593828592566e-05,1.887337143784352e-05,0.009044771619516606,141
Gad1-F-900273,115,64,51,584,64,51,0.00043393624544641737,2.0982667395856077e-06,1.8395177146822096e-05,0.005778604090246721,104
Gad1-F-900275,834,217,617,4785,217,617,0.011714035493653623,3.091768781669345e-05,3.798752605305023e-05,0.04190744183709361,352
Gad1-F-900276,482,229,253,2735,229,253,0.0031852586791808013,1.4683981962724809e-05,2.152524834127167e-05,0.024219888447816692,352
Gad1-F-900277,582,567,15,4042,567,15,0.02140448660377439,0.00011326872195782494,7.183400195960594e-05,0.029244761569770364,352
Gad1-F-900278,616,285,331,4670,285,331,0.01307142647454684,0.00015413536125622392,5.827580311835936e-05,0.03095321843123461,352
Gad1-F-900279,54,42,12,198,42,12,0.00011307404468010952,1.5548493880908625e-07,1.5452739627807792e-05,0.002713431485854982,52
Gad1-F-900280,448,234,214,3863,234,214,0.011434648108261426,0.00025154114963522325,4.566616607406162e-05,0.022511431586352444,352
Gad1-F-900281,259,174,85,1830,174,85,0.0005016373738706564,1.002670099145106e-06,9.932660533361416e-05,0.013014421385860007,138
Gad1-F-900282,430,193,237,3130,193,237,0.010424130591370843,8.314020128854438e-05,3.3774360077330046e-05,0.021606954424400783,352
Gad1-F-900283,308,71,237,1377,71,237,0.00038724491685525813,3.359692633559218e-06,1.324755720732026e-05,0.015476609215617306,179
Gad1-F-900284,376,370,6,3063,370,6,0.011740704062135994,2.5825171708753252e-05,6.537392469107573e-05,0.018893522938545803,331
Gad1-F-900285,288,53,235,1205,53,235,0.0003285802677193203,1.9096897709708167e-06,1.1531668262528408e-05,0.014471634591226572,178
Gad1-F-900286,521,266,255,3219,266,255,0.011461145576525346,0.0001442485448130689,4.1827898025084346e-05,0.026179588965378624,352
Gad1-F-900287,79,62,17,225,62,17,0.0011553345720504069,1.4832884850562965e-06,2.0782047890971708e-05,0.0039696497663434,77
Gad1-F-900289,244,132,112,1612,132,112,0.0004200937196799362,8.550854172501219e-07,6.473745512580239e-05,0.012260690417566956,138
Gad1-F-900291,1342,1327,15,18114,1327,15,0.04113820968913797,0.00027435318480642263,0.00031546235192192413,0.06743379729661826,352
Gad1-F-900292,236,125,111,1345,125,111,0.00043581028967600347,5.768478050194822e-07,5.743052914692579e-05,0.011858700567810663,135
Gad1-F-900293,254,205,49,1004,205,49,0.0003715613061265708,2.7780640701181787e-07,6.563699498817386e-05,0.012763177729762324,147
Gad1-F-900294,36,28,8,93,28,8,8.734388748902837e-05,2.200939854531167e-08,1.29389342684192e-05,0.0018089543239033215,36
Gad1-F-900295,191,87,104,957,87,104,0.0003508178967761706,3.852508706618855e-07,2.9714604169524906e-05,0.009597507662931512,122
Gad1-F-900296,49,40,9,152,40,9,0.00011198636674692768,5.524890298988185e-08,1.8294538253667255e-05,0.0024621878297572987,46
Gad1-F-900297,239,89,150,1132,89,150,0.0003553252883365462,4.2630351265664194e-07,5.7275786682604756e-05,0.012009446761469273,150
Gad1-F-900300,354,143,211,1791,143,211,0.0005548595327720979,1.9267960394187782e-06,3.13496145449437e-05,0.017788050851715993,183
Gad1-F-900301,258,179,79,774,179,79,0.00039675392897797046,2.3737083353775845e-07,5.625468089632841e-05,0.01296417265464047,148
Gad1-F-900302,23,14,9,59,14,9,7.526817188906328e-05,1.6201576063103257e-07,1.2509663404544123e-05,0.0011557208180493442,22
Gad1-F-900303,60,43,17,230,43,17,0.00015948295716416695,6.410515903414036e-08,1.5784266608513258e-05,0.0030149238731722026,60
Gad1-F-900304,162,91,71,707,91,71,0.00045906706884128924,4.706833307056434e-06,1.4219767969555469e-05,0.008140294457564947,123
Gad1-F-900306,116,46,70,529,46,70,0.0005528913316520088,3.242056026842767e-06,1.3285585099030558e-05,0.005828852821466258,94
Gad1-F-900308,1213,1019,194,8667,1019,194,0.031200222687435886,0.0001948473374079405,0.00014112015685688775,0.06095171096929802,352
Gad1-F-900309,64,40,24,265,40,24,0.00014236599429732523,1.0677168343184655e-07,2.8491274770265933e-05,0.0032159187980503492,61
Gad1-F-900310,290,237,53,2003,237,53,0.0012311339273205584,8.950166597419973e-06,3.6562171785448334e-05,0.014572132053665645,197
Gad1-F-900311,349,184,165,2850,184,165,0.0008807029529217184,3.4718432069710417e-06,2.0842625851916103e-05,0.01753680719561831,211
Gad1-F-900312,288,218,70,1533,218,70,0.0005237241424653969,6.307496884700285e-07,0.0001770581544559417,0.014471634591226572,146
Gad1-F-900313,427,217,210,2434,217,210,0.0012312566941491633,2.223637408675315e-05,4.023723134354976e-05,0.021456208230742173,186
Gad1-F-900314,132,74,58,575,74,58,0.0006101543417283784,4.954237416805688e-06,1.8863207294383592e-05,0.006632832520978845,111
Gad1-F-900315,198,145,53,659,145,53,0.00022251628945865217,9.206703949947821e-08,3.0884870347529044e-05,0.009949248781468268,146
Gad1-F-900317,95,50,45,519,50,45,0.00048825890496060584,1.0077609295211793e-06,1.468417086887155e-05,0.004773629465855987,85
Gad1-F-900319,36,34,2,147,34,2,0.00011649523664309814,1.696425938005533e-07,3.837833871986524e-05,0.0018089543239033215,31
Gad1-F-900320,447,217,230,4736,217,230,0.010985120385611304,0.00010716414910036379,4.616382391495489e-05,0.02246118285513291,352
Gad1-F-900321,102,40,62,671,40,62,0.00035678786183834663,1.2653750737138456e-06,1.3181580807296678e-05,0.005125370584392744,89
Gad1-F-900322,198,64,134,887,64,134,0.0003621344388761209,4.5068873360604353e-07,3.211612787543501e-05,0.009949248781468268,150
Gad1-F-900323,620,510,110,9964,510,110,0.006491455862301691,0.01921012720164422,0.00012708948279473,0.031154213356112757,348
Gad1-F-900324,146,81,65,718,81,65,0.0007813072860078572,2.2080713795040793e-05,1.4839947142596877e-05,0.007336314758052359,116
Gad1-F-900325,75,15,60,378,15,60,0.00011508274474305043,1.3137124211501823e-07,2.5960574970777684e-05,0.003768654841465253,63
Gad1-F-900326,120,69,51,685,69,51,0.0003018409917222243,0.00012756122360899462,2.7985973131236373e-05,0.006029847746344405,89
Gad1-F-900327,122,93,29,440,93,29,0.001726357576409643,3.885301406696667e-05,1.3754361389791455e-05,0.006130345208783478,117
Gad1-F-900328,78,75,3,166,75,3,0.0019342867144209034,5.618676048894951e-06,1.147643599124749e-05,0.003919401035123863,78
Gad1-F-900330,67,31,36,350,31,36,0.00011792484460995252,2.207610002287614e-07,1.1726432664480977e-05,0.0033666649917089594,67
Gad1-F-900331,389,189,200,3612,189,200,0.01035758764774328,7.029970813197263e-05,3.262840818646368e-05,0.01954675644439978,346
Gad1-F-900332,118,83,35,439,83,35,0.0014813614993266398,1.0224025494706072e-05,1.2250761447372053e-05,0.0059293502839053314,118
Gad1-F-900333,252,147,105,1948,147,105,0.0006004363255490396,1.7708803739488973e-06,9.992359141729865e-05,0.01266268026732325,138
Gad1-F-900335,451,214,237,4134,214,237,0.010984404862121318,0.00013403830167820892,4.2514223825069196e-05,0.022662177780011054,352
Gad1-F-900336,27,9,18,76,9,18,3.605008095986778e-05,4.261394631396085e-08,8.410188136731252e-06,0.001356715742927491,27
Gad1-F-900337,277,198,79,1146,198,79,0.00024122109547581634,1.0094592754045601e-07,5.027124221342617e-05,0.013918898547811668,148
Gad1-F-900338,168,86,82,751,86,82,0.0005916291800686442,8.15547954145713e-06,1.566347485636393e-05,0.008441786844882167,106
Gad1-F-900339,145,58,87,1217,58,87,0.0007008385679896598,2.6089910258771203e-06,2.1752765796246763e-05,0.007286066026832822,106
Gad1-F-900340,167,37,130,804,37,130,0.00033379019089917016,1.1615749883623343e-05,1.0565484150643431e-05,0.00839153811366263,110
Gad1-F-900341,437,235,202,2909,235,202,0.012266882228812885,3.712851741917858e-05,4.154344821286899e-05,0.021958695542937542,351
Gad1-F-900342,52,41,11,151,41,11,0.0001371815951305978,9.243257731381633e-08,1.388216091479678e-05,0.002612934023415909,51
Gad1-F-900343,98,19,79,500,19,79,8.939960203909229e-05,1.3848804067708876e-07,9.493310501313585e-06,0.004924375659514597,84
Gad1-F-900344,57,38,19,376,38,19,0.00012830407099211885,2.8614779812431395e-07,2.9274724718816854e-05,0.0028641776795135924,49
Gad1-F-900345,46,42,4,119,42,4,7.90457397789276e-05,3.110073228058793e-08,1.9897957262384966e-05,0.0023114416360986885,45
Gad1-F-900346,432,106,326,2320,106,326,0.001458731012552632,9.158433613290569e-06,2.230364178164838e-05,0.021707451886839858,205
Gad1-F-900347,289,206,83,1053,206,83,0.00042975804427126485,3.6728802534859264e-07,4.3499935112927926e-05,0.014521883322446109,148
Gad1-F-900348,100,42,58,652,42,58,0.00040374957145049685,1.764336548590012e-06,1.1999317616650765e-05,0.00502487312195367,92
Gad1-F-900349,211,67,144,797,67,144,0.0003018095283269655,2.1070112198685868e-07,2.3295796094079757e-05,0.010602482287322246,148
Gad1-F-900350,118,115,3,496,115,3,0.00032608805105579814,2.012490393253469e-07,4.1599449000906855e-05,0.0059293502839053314,92
Gad1-F-900351,122,23,99,693,23,99,5.3636335559562985e-05,3.683498381836261e-08,1.1439564254678682e-05,0.006130345208783478,97
Gad1-F-900352,369,206,163,2514,206,163,0.009677511547054965,7.649094204737905e-05,3.240347054488626e-05,0.018541781820009044,345
Gad1-F-900353,259,104,155,1472,104,155,0.0007967690784487111,5.746052903358279e-06,2.05748489495444e-05,0.013014421385860007,150
Gad1-F-900354,27,20,7,86,20,7,2.2497255807456436e-05,9.955888257209221e-09,1.0893813646756177e-05,0.001356715742927491,26
Gad1-F-900355,203,118,85,1079,118,85,0.0003651573509620902,4.3017837240617107e-07,1.6976996102868275e-05,0.01020049243756595,149
Gad1-F-900356,782,451,331,4312,451,331,0.015446207984687762,4.196931194692893e-05,5.892835341327041e-05,0.03929450781367771,352
Gad1-F-900357,555,257,298,3467,257,298,0.0051448735064327554,3.0540979112318724e-05,2.261943101053923e-05,0.027888045826842872,352
Gad1-F-900358,781,147,634,4572,147,634,0.0022975777962280764,1.3195635707911201e-05,1.656635219502384e-05,0.03924425908245817,352
Gad1-F-900359,124,64,60,527,64,60,0.0004862857794893423,1.273250267115792e-05,1.1385075998491483e-05,0.006230842671222552,95
Gad1-F-900360,107,48,59,687,48,59,0.00029625291199978943,1.1521633201449274e-06,1.4106092296469831e-05,0.005376614240490428,89
Gad1-F-900362,408,25,383,4812,25,383,0.000454602709122911,8.973356976002991e-07,1.7034709025268662e-05,0.020501482337570976,158
Gad1-F-900364,70,29,41,262,29,41,0.000222520168320166,1.734934969637099e-07,1.3546605519924717e-05,0.0035174111853675696,62
Gad1-F-900365,191,47,144,701,47,144,0.00012027033307214129,5.788565601530108e-08,2.040253812484662e-05,0.009597507662931512,138
Gad1-F-900367,85,49,36,401,49,36,0.00013730140582574906,2.6039500586113177e-07,2.2810870111698655e-05,0.00427114215366062,78
Gad1-F-900368,134,80,54,583,80,54,7.727169850792706e-05,4.9590243232789215e-08,6.223535240057148e-05,0.006733329983417919,76
Gad1-F-900369,95,54,41,714,54,41,0.0007050697071694556,1.9277341885087243e-06,1.6908922094083223e-05,0.004773629465855987,85
Gad1-F-900370,82,29,53,263,29,53,0.0001414754039978059,3.326231643037774e-07,1.4831657608811163e-05,0.00412039596000201,77
Gad1-F-900371,89,31,58,463,31,58,0.00030461025959137257,7.334265505302243e-07,1.0569639836597415e-05,0.004472137078538767,80
Gad1-F-900372,116,68,48,633,68,48,0.0001905845289666914,2.711837796301595e-07,2.3196830096654947e-05,0.005828852821466258,86
Gad1-F-900373,54,43,11,193,43,11,0.00016919648886861178,1.6709574622408586e-07,1.6723652081145952e-05,0.002713431485854982,53
Gad1-F-900374,17,10,7,46,10,7,3.613115077807271e-05,2.44554789770034e-08,1.006909909982808e-05,0.000854228430732124,16
Gad1-F-900375,125,76,49,965,76,49,0.00023953658533731512,5.364403048008951e-07,7.091522731897183e-05,0.006281091402442088,88
Gad1-F-900377,101,43,58,798,43,58,0.0006147041018804211,1.3440567006146116e-06,1.2232648914097892e-05,0.005075121853173208,89
Gad1-F-900378,79,47,32,259,47,32,0.0001631001547338287,1.482477192413562e-07,1.1807987585800851e-05,0.0039696497663434,71
Gad1-F-900379,113,47,66,827,47,66,0.0004025307679866874,1.6449938156875134e-06,1.5849040231604283e-05,0.0056781066278076475,96
Gad1-F-900380,111,81,30,554,81,30,0.0004547909905410276,4.862176191334558e-07,2.9687354865474014e-05,0.005577609165368575,92
Gad1-F-900381,77,45,32,260,45,32,0.0001829025296717341,1.0836630702261726e-07,1.2565726033323291e-05,0.0038691523039043265,72
Gad1-F-900383,598,187,411,5235,187,411,0.003870448284619554,2.599462872431766e-05,2.909183785063565e-05,0.03004874126928295,352
Gad1-F-900384,412,171,241,2523,171,241,0.0009338372184303333,5.2131893709826816e-06,2.1459525529845534e-05,0.020702477262449122,211
Gad1-F-900386,46,40,6,153,40,6,0.0001262408006751254,1.970306300092649e-07,2.0648546567048486e-05,0.0023114416360986885,41
Gad1-F-900387,637,181,456,4899,181,456,0.011496487564037431,6.411458401223135e-05,3.847789996253494e-05,0.03200844178684488,352
Gad1-F-900388,253,88,165,1192,88,165,0.00039371672189061083,5.54770066232609e-07,4.1842884732555084e-05,0.012712928998542787,150
Gad1-F-900389,370,200,170,1978,200,170,0.0027389916506621345,4.2402178693269754e-05,3.4491893415256576e-05,0.018592030551228583,222
Gad1-F-900390,130,86,44,1135,86,44,0.00015608875299857406,1.6274033543956901e-06,8.959640369232199e-05,0.006532335058539772,89
Gad1-F-900391,472,199,273,3333,199,273,0.010857055202737973,2.9742387976842823e-05,3.5804863304394014e-05,0.023717401135621326,352
Gad1-F-900392,336,286,50,2094,286,50,0.0013444823707290366,9.436262766261587e-06,3.8942254854175253e-05,0.016883573689764335,204
Gad1-F-900393,493,174,319,3542,174,319,0.0030819221376711115,1.8602801006388147e-05,2.5188457996720623e-05,0.024772624491231597,352
Gad1-F-900394,384,264,120,2691,264,120,0.001347057707897716,1.7812585830312058e-05,6.121708151715092e-05,0.019295512788302095,186
Gad1-F-900395,635,215,420,5243,215,420,0.010427230258317249,3.207149078413404e-05,7.031095655094905e-05,0.03190794432440581,266
Gad1-F-900396,103,39,64,623,39,64,0.0003598269823491972,8.431548231954328e-07,1.4033749735313308e-05,0.0051756193156122805,88
Gad1-F-900397,87,34,53,527,34,53,0.00032817709128103343,7.030348609171746e-07,1.19355738520458e-05,0.004371639616099694,76
Gad1-F-900398,180,104,76,1017,104,76,0.0003144262817734518,6.609364980728401e-07,4.261216670935186e-05,0.009044771619516606,126
Gad1-F-900399,199,86,113,1075,86,113,0.000376912985563719,8.085918619515413e-07,5.2799935776484533e-05,0.009999497512687805,138
Gad1-F-900400,584,227,357,3765,227,357,0.011697090697919351,0.00024738493204987127,4.030593113644642e-05,0.029345259032209435,352
Gad1-F-900401,426,235,191,3764,235,191,0.012588124601036354,4.797152633174159e-05,4.5620200699813424e-05,0.021405959499522637,352
Gad1-F-900402,399,221,178,2522,221,178,0.011250672754206735,8.59326902573278e-05,3.4941116117371445e-05,0.020049243756595145,348
Gad1-F-900403,191,77,114,849,77,114,0.00027820025767535554,3.0090903617044416e-07,3.1931615935832655e-05,0.009597507662931512,141
Gad1-F-900404,1165,859,306,63064,859,306,0.011071467873627071,0.1293442873814873,0.0010256796492737897,0.05853977187076026,348
Gad1-F-900405,244,135,109,1318,135,109,0.000720595679241686,2.6843627341760077e-06,2.255669501995289e-05,0.012260690417566956,150
Gad1-F-900406,179,71,108,928,71,108,0.0003021547941879945,4.440953938322047e-07,4.078785324892122e-05,0.008994522888297071,136
Gad1-F-900407,502,108,394,2270,108,394,0.0012346958384211939,4.7794712211799744e-06,3.2753562654223915e-05,0.025224863072207428,269
Gad1-F-900409,248,98,150,1327,98,150,0.00040947133025726306,5.411187715814822e-07,4.1938416917882024e-05,0.012461685342445104,150
Gad1-F-900410,715,144,571,4200,144,571,0.002587802487519268,1.0285976804641127e-05,1.5804786887914897e-05,0.035927842821968745,352
Gad1-F-900411,742,353,389,14123,353,389,0.004576089822496796,0.003342268826896225,0.00010011915248472608,0.037284558564896236,348
Gad1-F-900412,22,17,5,66,17,5,6.397771911911021e-05,2.8178376583272886e-08,1.2346682513340122e-05,0.0011054720868298076,21
Gad1-F-900413,461,217,244,5091,217,244,0.012518374256208883,9.776078548715913e-05,4.5112254877586306e-05,0.02316466509220642,352
Gad1-F-900414,468,253,215,2189,253,215,0.011375689886938494,7.444741877928572e-05,3.3660588082619825e-05,0.02351640621074318,352
Gad1-F-900415,284,124,160,1578,124,160,0.0005399560190259536,1.1389015999024151e-06,6.378300003948938e-05,0.014270639666348424,150
Gad1-F-900416,455,246,209,3736,246,209,0.012924345952536189,2.851345493908545e-05,3.809587872481689e-05,0.0228631727048892,352
Gad1-F-900417,161,74,87,738,74,87,0.0010713031503044748,6.845386598481691e-06,1.561496795311848e-05,0.00809004572634541,129
Gad1-F-900418,473,270,203,3078,270,203,0.014157781300006247,5.025382298754878e-05,5.339028216527454e-05,0.02376764986684086,352
Gad1-F-900419,120,53,67,486,53,67,0.00030326493310414617,2.5402545726275104e-07,1.2291503020098175e-05,0.006029847746344405,100
Gad1-F-900422,167,107,60,713,107,60,0.0005994186153927127,9.138191643272362e-06,1.5000206652504322e-05,0.00839153811366263,139
Gad1-F-900423,124,70,54,619,70,54,0.0005936106819996238,2.41905796560781e-05,4.084810247671858e-05,0.006230842671222552,102
Gad1-F-900424,153,92,61,726,92,61,0.0006054034280686834,2.0077212999432644e-05,1.775360251072743e-05,0.0076880558765891165,127
Gad1-F-900425,104,24,80,558,24,80,0.00024997537162738673,2.208762706760905e-07,8.874619914959636e-06,0.005225868046831818,102
Gad1-F-900426,31,26,5,71,26,5,3.528834042040756e-05,9.896211895266323e-09,1.1007883905911992e-05,0.001557710667805638,30
Gad1-F-900427,378,209,169,2477,209,169,0.011979626307177745,5.76396635632668e-05,3.552936524377162e-05,0.018994020400984874,343
Gad1-F-900429,138,87,51,617,87,51,0.0006269425979467468,3.263884523756972e-06,2.3396186476557643e-05,0.0069343249082960655,106
Gad1-F-900430,67,24,43,289,24,43,7.471259118796414e-05,7.884232492401699e-08,1.2807947151495415e-05,0.0033666649917089594,56
Gad1-F-900431,289,123,166,1464,123,166,0.0003851483197973013,4.5199831761143153e-07,6.472531885643792e-05,0.014521883322446109,148
Gad1-F-900432,304,271,33,4043,271,33,0.001777241678045957,4.4290374863196566e-05,4.761302703940557e-05,0.015275614290739158,205
Gad1-F-900433,156,151,5,1307,151,5,0.0005481703134117182,4.011060607850315e-06,0.00010831934997632508,0.007838802070247727,95
Gad1-F-900434,299,168,131,1016,168,131,0.0002991567270122537,5.474444009431759e-07,4.182612563988736e-05,0.015024370634641475,148
Gad1-F-900435,169,124,45,548,124,45,0.0019852084439545784,1.0984816557835635e-06,1.336193683407115e-05,0.008492035576101703,163
Gad1-F-900436,201,84,117,723,84,117,0.00037023302018324665,2.307829606412145e-07,2.3166103424962427e-05,0.010099994975126878,150
Gad1-F-900437,66,24,42,240,24,42,0.00018900747746284505,3.6525788387245364e-06,1.0822727702087773e-05,0.0033164162604894225,63
Gad1-F-900438,789,28,761,8091,28,761,0.0010759502003083454,5.908273943403334e-07,9.548017904412288e-06,0.03964624893221446,352
Gad1-F-900439,400,331,69,1935,331,69,0.0008357300406331762,1.055874760262689e-06,0.00010273350432690835,0.02009949248781468,150
Gad1-F-900440,106,37,69,561,37,69,0.00034145535967421576,3.177527719037018e-06,1.277958638347375e-05,0.005326365509270891,92
Gad1-F-900441,348,257,91,1249,257,91,0.0006202406972591719,4.0147006479656474e-07,7.652925617606856e-05,0.017486558464398776,150
Gad1-F-900442,18,12,6,54,12,6,2.447614291897194e-05,1.5312013798603308e-08,1.4662960626424218e-05,0.0009044771619516607,16
Gad1-F-900443,234,93,141,925,93,141,0.0003303214744894001,2.3722211618224187e-07,3.238791557488598e-05,0.01175820310537159,148
Gad1-F-900444,171,85,86,913,85,86,0.0003087774543478463,3.0786736232944534e-07,2.8403492437892566e-05,0.008592533038540778,127
Gad1-F-900445,462,273,189,2824,273,189,0.011013170206187754,8.219256941330965e-05,3.990739080682969e-05,0.02321491382342596,349
Gad1-F-900446,487,173,314,2334,173,314,0.002138514690996442,8.606835626374583e-05,3.5549169262014616e-05,0.024471132103914377,203
Gad1-F-900447,116,60,56,592,60,56,0.0006709010217107229,8.528483677605466e-07,2.3010566830961463e-05,0.005828852821466258,95
Gad1-F-900448,202,97,105,1179,97,105,0.001105117716390522,9.817920689035466e-06,3.819422655721409e-05,0.010150243706346415,135
Gad1-F-900449,61,41,20,208,41,20,0.00013897239557427178,6.235910424391117e-08,1.3326989185686301e-05,0.003065172604391739,59
Gad1-F-900450,236,51,185,943,51,185,0.0001837515628806121,1.378841334294694e-07,2.005601267894877e-05,0.011858700567810663,148
Gad1-F-900451,149,83,66,1085,83,66,0.0013816546536967675,2.827219433836872e-06,2.3855756828085514e-05,0.007487060951710969,108
Gad1-F-900452,58,36,22,169,36,22,0.00029782991020175495,2.115293525570424e-07,1.3865035330623742e-05,0.002914426410733129,55
Gad1-F-900453,460,269,191,3441,269,191,0.012158485505453684,0.0001923339624493296,4.5326407882650004e-05,0.023114416360986885,350
Gad1-F-900454,245,169,76,1177,169,76,0.0004581789861507997,6.835963421558373e-07,5.772539563602659e-05,0.012310939148786493,135
Gad1-F-900455,39,3,36,150,3,36,7.212410831709987e-06,1.0987332272885114e-09,1.0532675976482446e-05,0.0019597005175619317,37
Gad1-F-900456,427,212,215,2546,212,215,0.011596748740456773,6.81510690585033e-05,4.170467445167502e-05,0.021456208230742173,331
Gad1-F-900457,255,18,237,1072,18,237,0.00018607001630200658,2.469141156379914e-07,1.0009722263535806e-05,0.01281342646098186,150
Gad1-F-900458,224,68,156,853,68,156,0.00024587969436589547,1.4282729457780635e-07,2.4393904658803396e-05,0.011255715793176222,148
Gad1-F-900459,156,98,58,563,98,58,0.000811527010148792,1.587495089171833e-05,1.4820305891928009e-05,0.007838802070247727,128
Gad1-F-900460,196,145,51,1014,145,51,0.002252070346707311,5.637931554827767e-06,3.708399904648535e-05,0.009848751319029195,150
Gad1-F-900461,397,352,45,3055,352,45,0.007818820705691242,9.833800897284143e-06,0.00032320132667594146,0.01994874629415607,309
Gad1-F-900463,134,44,90,865,44,90,0.0005924520561337377,1.61229768330629e-06,1.883528556675123e-05,0.006733329983417919,96
Gad1-F-900464,131,121,10,460,121,10,0.003038385028415373,1.399842170530194e-05,1.802249667426633e-05,0.006582583789759309,130
Gad1-F-900465,25,21,4,73,21,4,5.487906364266115e-05,2.8343414046691643e-08,2.3204899148846673e-05,0.0012562182804884176,24
Gad1-F-900467,452,251,201,3285,251,201,0.012765525515643394,3.751037623312792e-05,5.172076431595967e-05,0.02271242651123059,352
Gad1-F-900468,59,35,24,230,35,24,0.00010062980168206675,1.0906024747572113e-07,1.614267603566144e-05,0.0029646751419526657,55
Gad1-F-900469,23,8,15,73,8,15,1.3522523351005813e-05,5.567555897839038e-09,1.4487730532384747e-05,0.0011557208180493442,23
Gad1-F-900470,142,93,49,630,93,49,0.0002571084019101437,3.624537219897523e-07,3.382930204284844e-05,0.007135319833174212,99
Gad1-F-900471,188,116,72,1113,116,72,0.00042633361238379166,6.053023914008818e-07,4.2528706476258445e-05,0.009446761469272901,126
Gad1-F-900472,107,69,38,583,69,38,0.0005379834140803163,2.6083597920724155e-06,2.80762909805649e-05,0.005376614240490428,99
Gad1-F-900473,392,274,118,2016,274,118,0.006763888127946507,1.1370778925328815e-05,2.0495989859914565e-05,0.01969750263805839,352
Gad1-F-900474,74,52,22,237,52,22,0.0003017127470603386,2.8088082504975624e-07,1.3876957025340451e-05,0.0037184061102457163,73
Gad1-F-900475,41,33,8,160,33,8,0.00016939480121075772,6.548594542976402e-08,1.864398959871504e-05,0.002060197980001005,39
Gad1-F-900478,406,240,166,3381,240,166,0.0015865373341772595,3.4348085909201963e-05,4.391890383400046e-05,0.0204009848751319,205
Gad1-F-900479,11,4,7,23,4,7,1.1713373832122926e-06,1.5581507980964857e-10,8.132481136852645e-06,0.0005527360434149038,11
Gad1-F-900480,108,24,84,452,24,84,0.00023352335714685137,3.586623612946555e-07,1.0892654695624462e-05,0.005426862971709964,85
Gad1-F-900481,12,7,5,38,7,5,4.369814641941993e-06,1.0706226218606316e-09,1.0939922737634722e-05,0.0006029847746344405,12
Gad1-F-900482,54,32,22,136,32,22,0.00011995688597622044,7.720579620691748e-08,1.1969498456097636e-05,0.002713431485854982,54
Gad1-F-900483,269,87,182,1365,87,182,0.005599583575884279,5.759608941755277e-06,1.7818542791985334e-05,0.013516908698055373,251
Gad1-F-900484,177,88,89,664,88,89,0.0013120732797024489,3.87328879582768e-06,1.864235489926095e-05,0.008894025425857996,169
Gad1-F-900485,1018,625,393,21455,625,393,0.007903379538962599,0.014421323065777203,0.0003469094618263574,0.05115320838148837,348
Gad1-F-900486,434,7,427,2434,7,427,0.00022887205365316421,2.106005597571983e-08,7.883645385744191e-06,0.021807949349278932,352
Gad1-F-900487,263,142,121,1797,142,121,0.0012455187826249951,1.5458853304299626e-05,2.3957559016132176e-05,0.013215416310738155,204
Gad1-F-900488,838,137,701,4430,137,701,0.0021787948630688455,1.5230060635696139e-05,1.529380863369209e-05,0.04210843676197176,352
Gad1-F-900489,229,48,181,864,48,181,0.00024321209548978332,1.682015994321302e-07,1.980273256897856e-05,0.011506959449273905,143
Gad1-F-900491,455,181,274,4444,181,274,0.00044768795652397,2.050685882016052e-06,8.515090397813787e-05,0.0228631727048892,129
Gad1-F-900493,1014,687,327,5961,687,327,0.0168441732586138,2.7157205652110407e-05,6.765944495867655e-05,0.05095221345661022,352
Gad1-F-900495,29,17,12,85,17,12,5.944654276136932e-05,1.2119204276782119e-08,2.8836366524613038e-05,0.0014572132053665644,27
Gad1-F-900496,8,2,6,28,2,6,6.694813508208445e-07,1.693694626664978e-11,7.901971683923396e-06,0.00040198984975629365,8
Gad1-F-900497,351,264,87,1625,264,87,0.0039911473563510064,0.000576178247358725,4.406249714890118e-05,0.017637304658057382,246
Gad1-F-900501,168,112,56,729,112,56,0.0013119459465875296,1.6254680699718293e-06,2.539211028870177e-05,0.008441786844882167,138
Gad1-F-900502,125,52,73,614,52,73,0.00015870062931126682,2.105858704732651e-07,1.6750645637129765e-05,0.006281091402442088,94
Gad1-F-900503,212,129,83,1058,129,83,0.00043869995988792194,4.4765165055297187e-07,2.170938487768738e-05,0.010652731018541781,148
Gad1-F-900504,21,1,20,67,1,20,3.7704136594796817e-07,1.965655445195981e-11,7.696897139297144e-06,0.001055223355610271,21
Gad1-F-900505,202,127,75,1145,127,75,0.00043460551040683823,4.641545783334617e-07,4.5499181517764957e-05,0.010150243706346415,131
Gad1-F-900506,17,13,4,54,13,4,1.8217336002245052e-05,1.1934882783006881e-08,1.0379259611760886e-05,0.000854228430732124,17
Gad1-F-900508,257,190,67,1155,190,67,0.001492101708494955,2.775630420991059e-06,2.6158290761447308e-05,0.012913923923420934,198
Gad1-F-900509,95,75,20,337,75,20,0.00027208038675678747,1.8071004928719923e-07,3.455011001388332e-05,0.004773629465855987,84
Gad1-F-900511,152,84,68,460,84,68,0.000300483618043639,6.987403200366722e-07,2.6463653184358768e-05,0.007637807145369579,113
Gad1-F-900512,84,48,36,445,48,36,0.0001562808063944788,2.904561745463842e-07,2.162896479587086e-05,0.004220893422441084,77
Gad1-F-900513,263,175,88,1274,175,88,0.011307926584104523,2.7233057720000463e-05,2.9140821722999197e-05,0.013215416310738155,222
Gad1-F-900514,83,40,43,459,40,43,0.00039565967936927213,9.583975387731854e-07,1.1382777194571153e-05,0.004170644691221546,75
Gad1-F-900515,298,128,170,2533,128,170,0.0014459609327425844,2.425950461907061e-05,1.93961220361689e-05,0.014974121903421938,213
Gad1-F-900516,100,18,82,544,18,82,0.0001466147621824531,3.0766374637406857e-07,8.910544455846743e-06,0.00502487312195367,80
Gad1-F-900517,150,17,133,370,17,133,0.00022028383562118373,7.01405481626645e-07,9.608856804719005e-06,0.007537309682930506,148
Gad1-F-900518,188,95,93,1243,95,93,0.0012828431609445152,1.1854488854927252e-05,2.2957467802598413e-05,0.009446761469272901,127
Gad1-F-900519,93,46,47,433,46,47,0.00046365679037592335,6.304426373999632e-07,2.0814477934442752e-05,0.0046731320034169134,83
Gad1-F-900521,71,54,17,216,54,17,0.00024208073654055116,1.5890736417993794e-07,1.726000850511769e-05,0.003567659916587106,63
Gad1-F-900522,37,26,11,99,26,11,0.00013691783869369754,8.795241584271042e-08,1.1462979805580169e-05,0.0018592030551228581,37
Gad1-F-900525,31,14,17,107,14,17,4.701918502325604e-05,1.1034114364559178e-08,1.1107074263391129e-05,0.001557710667805638,31
Gad1-F-900526,268,128,140,1475,128,140,0.00014542536769843786,1.9378561780183717e-07,9.005585605942809e-05,0.013466659966835838,107
Gad1-F-900528,199,107,92,1239,107,92,0.00040921607343265406,6.136014717917749e-07,4.481008514560414e-05,0.009999497512687805,133
Gad1-F-900529,133,72,61,756,72,61,0.00014214903973855646,9.296213716347365e-07,3.4690773593269475e-05,0.006683081252198382,89
Gad1-F-900530,50,44,6,140,44,6,0.00016254475957638533,7.769140088364696e-08,1.7399872083836945e-05,0.002512436560976835,49
Gad1-F-900531,499,235,264,4747,235,264,0.0035736309139444843,6.227114463608836e-05,8.615091975746667e-05,0.025074116878548817,299
Gad1-F-900532,213,141,72,594,141,72,0.0003725776482038517,6.679660602898066e-07,2.711300997172742e-05,0.010702979749761319,150
Gad1-F-900533,62,40,22,169,40,22,0.00014925391496690402,7.715127985488041e-08,1.3402127298773236e-05,0.003115421335611276,59
Gad1-F-900535,231,142,89,792,142,89,0.001691715940233487,4.564611443265038e-06,1.823835047181514e-05,0.01160745691171298,165
Gad1-F-900536,376,319,57,2034,319,57,0.000458038337586137,3.3129479322896134e-07,0.00010997800368624026,0.018893522938545803,148
Gad1-F-900537,4,3,1,6,3,1,8.498742153970045e-06,3.961525807168676e-09,9.293834318425328e-06,0.00020099492487814683,4
Gad1-F-900538,207,65,142,705,65,142,0.00031333218138887353,5.120182937473114e-07,2.3526269457807116e-05,0.010401487362444098,148
Gad1-F-900539,23,21,2,46,21,2,6.679387143644466e-05,2.2080462727722207e-08,9.253377591131174e-06,0.0011557208180493442,23
Gad1-F-900541,252,50,202,1382,50,202,0.0001464848360910192,1.4193855268311225e-07,3.6806933678582975e-05,0.01266268026732325,117
Gad1-F-900542,14,3,11,29,3,11,2.5913702149366605e-06,8.214211875292903e-10,8.539835099950072e-06,0.0007034822370735139,14
Gad1-F-900543,77,57,20,358,57,20,0.00018565796673015756,5.479185177719367e-07,2.7381249795713713e-05,0.0038691523039043265,73
Gad1-F-900544,55,35,20,121,35,20,0.0001192164040340651,2.1873662697415505e-08,1.4103387428157542e-05,0.002763680217074519,54
Gad1-F-900545,47,43,4,156,43,4,0.00020828660096135356,2.4118349126248344e-07,1.8876615846510632e-05,0.0023616903673182254,41
Gad1-F-900546,48,29,19,158,29,19,0.00015962358775338184,5.0416145228526335e-08,1.0115345287129913e-05,0.002411939098537762,46
Gad1-F-900547,297,70,227,897,70,227,0.0016412918301432521,9.265388932682039e-07,1.000431885050861e-05,0.014923873172202402,280
Gad1-F-900548,72,70,2,198,70,2,0.00022064342385836694,8.588763583141262e-08,3.511143127582754e-05,0.003617908647806643,65
Gad1-F-900549,107,23,84,474,23,84,8.365546365979874e-05,1.2425556472176385e-07,1.1484226620365401e-05,0.005376614240490428,82
Gad1-F-900552,77,51,26,294,51,26,0.00021802929248725147,1.83351114247127e-07,1.84488274027535e-05,0.0038691523039043265,67
Gad1-F-900555,107,91,16,403,91,16,0.000876477788822417,0.00012464845950791662,3.5132422573557053e-05,0.005376614240490428,94
Gad1-F-900557,50,40,10,180,40,10,0.000779953855357851,9.200463644236676e-07,1.0976989398126503e-05,0.002512436560976835,50
Gad1-F-900558,218,207,11,641,207,11,0.002063262606946707,6.007390050872708e-05,4.411706103408264e-05,0.010954223405859002,142
Gad1-F-900559,92,54,38,646,54,38,0.0002457264905493282,8.130539395520206e-06,7.502786029380052e-05,0.004622883272197377,69
Gad1-F-900560,27,17,10,93,17,10,7.600361309249539e-05,3.427196915055244e-08,8.918831006470571e-06,0.001356715742927491,26
Gad1-F-900562,45,33,12,143,33,12,0.00021013218470615646,1.622997120785738e-07,8.60565874842732e-06,0.0022611929048791516,45
Gad1-F-900563,144,126,18,1068,126,18,0.00035568756297008964,1.1774434480984341e-06,6.755118597191365e-05,0.007235817295613286,105
Gad1-F-900564,145,117,28,723,117,28,0.0003995072892771345,5.761320019621183e-07,5.3300564442474336e-05,0.007286066026832822,102
Gad1-F-900566,7,3,4,17,3,4,6.114835826926896e-06,2.355123241379294e-09,8.530591160618646e-06,0.00035174111853675694,6
Gad1-F-900567,31,6,25,94,6,25,3.1679378984875606e-05,3.455707970733061e-08,8.15288452488801e-06,0.001557710667805638,31
Gad1-F-900568,143,96,47,678,96,47,0.0007865810381645068,9.373977851604514e-07,3.8988263324749924e-05,0.0071855685643937494,110
Gad1-F-900569,105,51,54,586,51,54,0.0003741227336461392,7.699529896152212e-07,2.1157108964201883e-05,0.005276116778051354,90
Gad1-F-900570,582,302,280,6565,302,280,0.00457621174770752,0.004147566382042038,4.7577117713794816e-05,0.029244761569770364,348
Gad1-F-900571,54,38,16,188,38,16,0.00018658519762029387,8.459924346389034e-08,1.7337671806053787e-05,0.002713431485854982,52
Gad1-F-900572,76,64,12,261,64,12,0.00024806229234064915,1.8081759596768904e-07,1.909461300317977e-05,0.0038189035726847896,66
Gad1-F-900575,47,29,18,147,29,18,0.0001272673346737224,9.141053920077024e-08,1.2741273395885816e-05,0.0023616903673182254,45
Gad1-F-900576,700,346,354,8956,346,354,0.003106000159469842,3.5902884686083346e-05,0.00011621756872323601,0.035174111853675694,330
Gad1-F-900579,29,20,9,107,20,9,3.5689521752227696e-05,3.006201706566835e-08,1.2786040251240059e-05,0.0014572132053665644,28
Gad1-F-900580,86,67,19,419,67,19,0.0002294561623227698,4.963403510421348e-07,2.9159809164898005e-05,0.004321390884880157,71
Gad1-F-900581,217,126,91,1293,126,91,0.00039060787821665175,9.06540587566929e-07,2.34162942113382e-05,0.010903974674639466,148
Gad1-F-900582,39,27,12,157,27,12,6.462537306337048e-05,4.191907126186738e-08,1.9100273969311386e-05,0.0019597005175619317,38
Gad1-F-900583,120,85,35,613,85,35,0.00029241749003476445,4.84949578611497e-07,3.42959097152661e-05,0.006029847746344405,99
Gad1-F-900585,118,93,25,355,93,25,0.0011675984484530225,8.409856542938318e-06,1.4183527872952492e-05,0.0059293502839053314,113
Gad1-F-900586,69,48,21,297,48,21,0.00016714605082013363,1.3892376827426552e-07,1.4788784447099635e-05,0.0034671624541480327,66
Gad1-F-900587,86,83,3,300,83,3,0.00017564099125297268,1.4909591330275989e-07,4.333761214680607e-05,0.004321390884880157,71
Gad1-F-900589,139,95,44,464,95,44,0.0018123654736286283,5.003187625472231e-05,1.4226257144577354e-05,0.006984573639515602,136
Gad1-F-900590,122,50,72,541,50,72,0.000433814193774733,6.3393824281823865e-06,1.3378989158871946e-05,0.006130345208783478,98
Gad1-F-900591,48,10,38,349,10,38,2.3134845709277798e-05,3.1632943935330065e-08,9.93982916842557e-06,0.002411939098537762,44
Gad1-F-900593,66,64,2,290,64,2,0.0008030400707112999,1.7777126153272057e-06,5.9694805122303396e-05,0.0033164162604894225,63
Gad1-F-900594,99,63,36,515,63,36,0.00017991298505854242,2.4512885592475886e-07,1.8487533747239448e-05,0.004974624390734134,87
Gad1-F-900595,825,41,784,7477,41,784,0.0011364410845879707,1.0097204329206787e-06,9.611332456920568e-06,0.04145520325611778,352
Gad1-F-900597,70,28,42,353,28,42,5.731119897605744e-05,1.8547719175386988e-08,1.664759293741806e-05,0.0035174111853675696,60
Gad1-F-900598,152,125,27,1084,125,27,0.00030315807420531945,4.6928694899031935e-07,0.00011742807714685885,0.007637807145369579,113
Gad1-F-900599,531,168,363,2926,168,363,0.0009784008611831772,4.687078267881932e-06,3.0766873117865784e-05,0.02668207627757399,203
Gad1-F-900601,85,51,34,232,51,34,0.0001944886731434295,3.0949725027853486e-07,2.016847144751326e-05,0.00427114215366062,77
Gad1-F-900602,46,4,42,199,4,42,7.757002819653549e-07,5.645720605149992e-11,8.927224971860823e-06,0.0023114416360986885,43
Gad1-F-900603,39,19,20,107,19,20,7.657764601588259e-05,3.560931574473738e-08,9.363697191638892e-06,0.0019597005175619317,39
Gad1-F-900604,56,47,9,195,47,9,0.00012522381936286964,3.4336920322110516e-08,3.226677146842833e-05,0.0028139289482940555,51
Gad1-F-900605,139,131,8,458,131,8,0.0007109350765461071,1.3145015697420753e-05,2.721686975214695e-05,0.006984573639515602,126
Gad1-F-900606,190,98,92,1097,98,92,0.00048722935945626043,3.966277439930864e-06,1.7168465355436964e-05,0.009547258931711974,139
Gad1-F-900607,171,62,109,501,62,109,0.0002540741167550815,3.057434956859165e-06,9.499482501951965e-06,0.008592533038540778,142
Gad1-F-900608,41,20,21,155,20,21,7.064057963269857e-05,3.059952394927151e-08,1.2573473362031098e-05,0.002060197980001005,40
Gad1-F-900609,198,128,70,654,128,70,0.002374237017118287,7.722573435841196e-05,1.5867641363255513e-05,0.009949248781468268,174
Gad1-F-900610,91,49,42,496,49,42,0.00045758214595000224,8.519195230267192e-07,1.3633252697599992e-05,0.0045726345409778405,79
Gad1-F-900611,41,20,21,205,20,21,4.3462833688258814e-05,2.4073467268986486e-08,1.7826301782849878e-05,0.002060197980001005,39
Gad1-F-900612,230,90,140,971,90,140,0.0003031870802254014,3.390047024752722e-07,3.9956351672545016e-05,0.011557208180493442,148
Gad1-F-900614,274,112,162,1529,112,162,0.0035700425095176783,3.660671685114926e-06,1.7364121313189832e-05,0.013768152354153058,163
Gad1-F-900615,88,44,44,267,44,44,0.00013519736969011084,2.6011670430885255e-07,8.598731407220426e-06,0.00442188834731923,88
Gad1-F-900616,64,18,46,269,18,46,0.0001326685106758218,1.0169727150735076e-07,8.559261526039649e-06,0.0032159187980503492,64
Gad1-F-900617,235,58,177,1151,58,177,0.000894136302888597,4.748459897517633e-05,1.1862298075601581e-05,0.011808451836591126,185
Gad1-F-900618,91,80,11,407,80,11,0.0003057435827708784,4.558320420782101e-07,3.219406769046271e-05,0.0045726345409778405,76
Gad1-F-900622,6,4,2,15,4,2,1.6003643560604224e-05,1.7453627682547562e-09,7.652715713506599e-06,0.0003014923873172202,5
Gad1-F-900623,92,91,1,306,91,1,0.00023464390197342012,2.8209441016287243e-07,2.7042481675697056e-05,0.004622883272197377,78
Gad1-F-900625,6,5,1,14,5,1,7.452600846236906e-06,2.0505836257077983e-09,9.18645044713585e-06,0.0003014923873172202,6
Gad1-F-900626,60,42,18,188,42,18,0.0002035462911796986,7.474071374201149e-08,1.41401511736417e-05,0.0030149238731722026,59
Gad1-F-900627,199,109,90,999,109,90,0.000435408804840969,5.105661606687554e-07,3.73982457728088e-05,0.009999497512687805,138
Gad1-F-900629,169,117,52,1223,117,52,0.00037257942497192993,4.1578850727169675e-07,8.292746801402069e-05,0.008492035576101703,117
Gad1-F-900630,26,17,9,71,17,9,0.00010160223592717696,1.2977745746183265e-07,1.3856157252324681e-05,0.0013064670117079544,25
Gad1-F-900632,23,17,6,77,17,6,4.553058730808528e-05,1.5619807342998916e-08,1.151778717150026e-05,0.0011557208180493442,22
Gad1-F-900633,483,183,300,2300,183,300,0.004131929180547018,9.851780026827014e-06,1.87006055415581e-05,0.02427013717903623,352
Gad1-F-900634,128,83,45,1031,83,45,0.00014988330566103038,2.043447445158714e-07,7.074300769165807e-05,0.0064318375961006985,78
Gad1-F-900635,596,312,284,4421,312,284,0.0033221660352091647,3.124584722007862e-05,0.00011278365195990038,0.029948243806843876,245
Gad1-F-900636,62,54,8,267,54,8,0.0002133371542497401,1.1807173582739128e-07,2.5262898379319575e-05,0.003115421335611276,59
Gad1-F-900637,110,58,52,398,58,52,0.0004936571105443812,3.554939770625272e-07,1.685034391023157e-05,0.005527360434149038,94
Gad1-F-900638,109,90,19,386,90,19,0.0004985495138482901,1.0105021177839631e-06,1.9674012391176916e-05,0.005477111702929501,94
Gad1-F-900639,435,207,228,2499,207,228,0.0011388682174872783,1.2634441906626256e-05,2.1451681090832582e-05,0.021858198080498468,211
Gad1-F-900640,27,20,7,50,20,7,9.878975047161263e-05,6.55691851188266e-08,1.2736255085086874e-05,0.001356715742927491,26
Gad1-F-900641,37,28,9,93,28,9,7.04386852492443e-05,3.3155211546681145e-08,1.2672804612376116e-05,0.0018592030551228581,37
GH146-F-300000,761,343,418,15300,343,418,0.007396560637062026,0.00018757166714725602,6.109962931810931e-05,0.03823928445806744,348
GH298-F-100000,606,202,404,17038,202,404,0.002898133006623601,0.0014691922837103979,4.0996139010787146e-05,0.030450731119039245,348
GH298-F-100001,451,37,414,20564,37,414,0.000614154949451729,0.0005594073930244914,1.0126341234770549e-05,0.022662177780011054,348
GH298-F-100002,667,249,418,21050,249,418,0.003507771943133,0.006908490536906157,3.81222863120076e-05,0.03351590372343098,348
GH298-F-100003,902,485,417,30157,485,417,0.006351735990731247,0.027600803758863212,0.000181373833921591,0.04532435556002211,348
GH298-F-100004,1037,738,299,40261,738,299,0.00847252565273607,0.040865772639500676,0.0008314511151456633,0.05210793427465957,348
GH298-F-200000,518,92,426,19480,92,426,0.0011390863261851664,0.0011143154137369232,1.2585221795505406e-05,0.026028842771720014,348
GH298-F-200001,408,31,377,13116,31,377,0.0003944891957677445,8.22658948263167e-05,9.619705234406784e-06,0.020501482337570976,339
GH298-F-200002,1006,711,295,65561,711,295,0.00783518393969064,0.13211838145386545,0.0008061273697628431,0.050550223606853927,348
GH298-F-200003,692,317,375,19083,317,375,0.004428022881294188,0.01697124006448804,9.904156257825754e-05,0.0347721220039194,348
GH298-F-200004,560,183,377,11132,183,377,0.0025057546201914228,0.0010502304861215494,2.8732841359925756e-05,0.028139289482940557,348
GH298-F-200005,653,267,386,15177,267,386,0.0038982140229932875,0.004416504972479715,3.755902930245108e-05,0.03281242148635747,348
GH298-F-200006,1050,795,255,51303,795,255,0.008646370637240067,0.11225001109022556,0.00070581246336268,0.05276116778051354,348
GH298-F-200008,1021,656,365,39519,656,365,0.007927657651299035,0.06236730813582385,0.0004938817052812038,0.05130395457514698,348
GH298-F-200009,481,58,423,18687,58,423,0.0007104157481647146,0.0005442175537831454,1.0366971241115663e-05,0.024169639716597156,348
GH298-F-200010,568,176,392,12379,176,392,0.0025383387591210995,0.0010146993386630882,2.8618988387655828e-05,0.02854127933269685,348
GH298-F-200014,801,401,400,21208,401,400,0.005376125976530011,0.008852896498098416,9.586582284683218e-05,0.0402492337068489,348
GH298-F-200015,433,57,376,11001,57,376,0.0007473136390526144,0.00029546573444716066,1.7392757452369702e-05,0.021757700618059393,344
GH298-F-200016,827,438,389,19383,438,389,0.00604881030793278,0.00831594076455192,0.00019833866043260603,0.041555700718556854,348
GH298-F-200017,433,58,375,12203,58,375,0.0008146585991825394,0.0004301624945632846,1.429772778366474e-05,0.021757700618059393,344
GH298-F-200018,602,221,381,12238,221,381,0.0032302800706962356,0.0020165588932420024,4.478978564003274e-05,0.030249736194161096,348
GH298-F-200019,433,44,389,18093,44,389,0.0005928171356531993,0.000499896653000274,9.879982397688165e-06,0.021757700618059393,348
GH298-F-200020,850,453,397,19803,453,397,0.00614091488578687,0.006779106290842854,0.00020219466517790375,0.0427114215366062,348
GH298-F-200021,433,20,413,13661,20,413,0.0003722014697848375,0.00021510998568553295,1.1947060616826074e-05,0.021757700618059393,339
GH298-F-200023,1076,783,293,41734,783,293,0.00847090195302152,0.08036281123530593,0.000541809635296993,0.05406763479222149,348
GH298-F-200025,572,167,405,10366,167,405,0.002399680885499043,0.00089394928449166,3.076119282950563e-05,0.028742274257574998,348
GH298-F-200026,1059,751,308,46557,751,308,0.009710377090415216,0.05118785446692458,0.0010250245844394424,0.05321340636148937,348
GH298-F-200027,879,499,380,15897,499,380,0.006386352227898443,0.007507798945157761,0.0001485554170532207,0.044168634741972766,348
GH298-F-200028,970,563,407,25919,563,407,0.00721786673291683,0.028878790110986208,0.00021763404820608232,0.048741269282950604,348
GH298-F-200029,406,32,374,12249,32,374,0.0004319452320576517,0.0002827601106329686,1.0246752827584702e-05,0.0204009848751319,343
GH298-F-200030,991,626,365,48767,626,365,0.007332263803830527,0.1038496241672994,0.0005763764741074142,0.049796492638560876,348
GH298-F-200032,475,98,377,11808,98,377,0.0014644555148691106,0.0006345882536912058,1.569457706209158e-05,0.023868147329279936,347
GH298-F-200033,735,326,409,21847,326,409,0.004518330954095407,0.0048438550736762806,4.81633283109442e-05,0.03693281744635948,348
GH298-F-200034,425,51,374,12992,51,374,0.0007459141984067855,0.0004492912344028105,1.3453129510622206e-05,0.0213557107683031,344
GH298-F-200036,574,170,404,19834,170,404,0.002268299260354649,0.002795957514457827,2.8635751176916472e-05,0.02884277172001407,348
GH298-F-200038,433,33,400,20829,33,400,0.00048451897582772887,0.00041677448834127363,1.0038492889728814e-05,0.021757700618059393,348
GH298-F-200039,698,314,384,14289,314,384,0.004570367055595385,0.003386042419537627,8.263156931822871e-05,0.03507361439123662,348
GH298-F-200040,855,460,395,16336,460,395,0.006178851266535833,0.009787949244497303,0.00021135858218456217,0.042962665192703885,348
GH298-F-200041,480,75,405,11756,75,405,0.0010687685750637684,0.0004632782180825211,1.268166751444143e-05,0.02411939098537762,346
GH298-F-200042,498,63,435,15563,63,435,0.0008833803236511141,0.0006415738994187514,1.048799047667837e-05,0.02502386814732928,348
GH298-F-200043,490,140,350,12945,140,350,0.002109969606127369,0.0013036656140051873,3.751943205815345e-05,0.024621878297572987,348
GH298-F-200044,1006,743,263,48308,743,263,0.008388837597709255,0.10139395430534093,0.0006539310647668227,0.050550223606853927,348
GH298-F-200045,945,574,371,20781,574,371,0.006771601541134622,0.014469450562293531,0.0002903093459019182,0.04748505100246219,348
GH298-F-200046,552,159,393,18153,159,393,0.0023160101108864084,0.001751944958870955,2.2011617627615287e-05,0.027737299633184262,348
GH298-F-200047,861,402,459,22718,402,459,0.005240436657054804,0.017584173594486507,0.0001028792766253886,0.043264157580021105,348
GH298-F-200048,1098,820,278,57867,820,278,0.009589473719286081,0.06877560186513856,0.0013511299875925548,0.055173106879051304,348
GH298-F-200049,404,6,398,11016,6,398,8.989993471930552e-05,1.1729873182720062e-05,7.660163849763885e-06,0.02030048741269283,336
GH298-F-200051,612,218,394,17184,218,394,0.0029893310482444675,0.0033530696564013926,2.7158975847611742e-05,0.030752223506356466,348
GH298-F-200052,438,44,394,12618,44,394,0.0007064983834251533,0.0003008491264910121,1.0897731996767026e-05,0.022008944274157078,343
GH298-F-200054,767,336,431,16241,336,431,0.0042787302314049565,0.0039737030556356795,4.287248213112533e-05,0.03854077684538466,348
GH298-F-200055,460,55,405,17382,55,405,0.0006882270358673897,0.0004919619964076545,9.815624336274398e-06,0.023114416360986885,348
GH298-F-200057,598,151,447,17810,151,447,0.002013520814649545,0.001820416875110425,1.6906373765667194e-05,0.03004874126928295,348
GH298-F-200058,903,508,395,21777,508,395,0.006611769580030769,0.012316462978101139,0.00033272524173339445,0.04537460429124165,348
GH298-F-200059,446,61,385,16770,61,385,0.0009077873046799101,0.0011308056597826275,1.2102617806948968e-05,0.02241093412391337,348
GH298-F-200060,437,44,393,11935,44,393,0.0006756429139836329,0.00040948953888934317,2.168572857545417e-05,0.021958695542937542,344
GH298-F-200061,1190,901,289,79664,901,289,0.010626357232309824,0.0964340184395818,0.002013014790601518,0.05979599015124868,348
GH298-F-200063,511,128,383,11924,128,383,0.0018454986748705328,0.000982202567877811,2.4497773941978846e-05,0.02567710165318326,348
GH298-F-200066,516,124,392,12709,124,392,0.0017714207787452325,0.0006086490335821671,1.711348746950114e-05,0.02592834530928094,348
GH298-F-300003,551,186,365,15220,186,365,0.002689093472014114,0.003789670713262885,3.2918527852561464e-05,0.027687050901964726,348
GH298-F-300004,895,608,287,32039,608,287,0.00715804554461878,0.06304020736713006,0.0003517623370251833,0.04497261444148535,348
GH298-F-300005,546,187,359,15527,187,359,0.002580062843060439,0.002025137091471015,2.11900378046331e-05,0.02743580724586704,348
GH298-F-300006,965,570,395,22411,570,395,0.007185078685691509,0.022681360293103883,0.00018511256045201582,0.04849002562685292,348
GH298-F-300009,805,423,382,21319,423,382,0.00534270288379856,0.011704744314494293,0.0001109346988745173,0.04045022863172705,348
GH298-F-300010,699,338,361,11595,338,361,0.004754764103313364,0.004748732585838657,8.130652212921744e-05,0.035123863122456155,348
GH298-F-300011,580,188,392,14588,188,392,0.002942678045921972,0.0018796806081202127,2.145162001461468e-05,0.02914426410733129,348
GH298-F-300012,1075,773,302,88164,773,302,0.00917367832822355,0.21498849504850287,0.001333168381260559,0.05401738606100196,348
GH298-F-300014,455,95,360,12391,95,360,0.0016275753915666379,0.0005519595389678838,2.0398986057991132e-05,0.0228631727048892,345
GH298-F-300015,652,249,403,14315,249,403,0.0032940063276004693,0.003294869833761935,3.26812202409892e-05,0.03276217275513793,348
GH298-F-300016,828,445,383,15439,445,383,0.005691047941688277,0.003835432572657822,0.0001396234295461399,0.04160594944977639,348
GH298-F-300017,561,249,312,15408,249,312,0.002970486103835042,0.004885847685192711,8.264983295160247e-05,0.028189538214160093,348
GH298-F-300018,1044,728,316,60509,728,316,0.008888352706734591,0.1420627823106192,0.0009252969065634486,0.05245967539319632,348
GH298-F-300019,782,396,386,26196,396,386,0.005672708383134867,0.03236904709078192,0.00018695621820005444,0.03929450781367771,348
GH298-F-300020,650,279,371,12504,279,371,0.003993085885508212,0.003943104357980234,7.894526755883023e-05,0.03266167529269886,348
GH298-F-300022,396,11,385,12393,11,385,0.0001319797029348373,2.0126306014143885e-05,7.747555170838479e-06,0.019898497562936535,336
GH298-F-300023,462,61,401,17459,61,401,0.0009873717336753348,0.0007310932792155412,1.1511934598440199e-05,0.02321491382342596,348
GH298-F-300024,1035,768,267,47096,768,267,0.008283280666752284,0.10296479269984717,0.0006414328180166094,0.05200743681222049,348
GH298-F-300025,1020,663,357,30399,663,357,0.007805019833134763,0.02550468468644964,0.0006505409345150638,0.05125370584392744,348
GH298-F-300026,440,33,407,20143,33,407,0.0003845823145385647,0.0005353709212363179,1.0093984164370457e-05,0.022109441736596153,348
GH298-F-300027,455,58,397,16500,58,397,0.0007867980178295019,0.0003934080680721794,1.0904008599455725e-05,0.0228631727048892,348
GH298-F-300028,548,166,382,16467,166,382,0.002387778012515255,0.0029174227825916554,2.0882805231415052e-05,0.027536304708306116,348
GH298-F-300029,600,273,327,11233,273,327,0.0038359177922893295,0.0024543431989723303,4.940496233307932e-05,0.030149238731722025,348
GH298-F-300031,398,24,374,17978,24,374,0.00035599177768309197,0.00024006969143373357,8.451612761712731e-06,0.01999899502537561,348
Kra-F-200000,758,510,248,27739,510,248,0.006849007329054036,0.06041439920570821,0.0003562647242182688,0.038088538264408826,348
Kra-F-200001,667,355,312,8865,355,312,0.00476659658291119,0.0017888080800640119,5.1709329902212355e-05,0.03351590372343098,348
Kra-F-200002,929,554,375,34123,554,375,0.006822891118496552,0.06400402617417697,0.00034219339854532356,0.0466810713029496,348
Kra-F-200003,884,501,383,25244,501,383,0.006325379036944043,0.02045833328132941,0.00035347228865460713,0.04441987839807045,348
Kra-F-200004,444,34,410,12840,34,410,0.0004586881403637101,9.116011669267508e-05,1.1099596335493837e-05,0.0223104366614743,337
npf-F-000000,369,337,32,1453,337,32,0.0016068901771343624,9.626417016214518e-06,5.674642910567131e-05,0.018541781820009044,202
npf-F-000001,329,276,53,1273,276,53,0.0017455995248298365,1.746738291844265e-05,5.298682343338507e-05,0.016531832571227575,199
npf-F-000003,446,363,83,1780,363,83,0.0015055074037541671,1.3063143667039016e-05,7.523623572145017e-05,0.02241093412391337,211
npf-F-000004,170,110,60,1270,110,60,0.001060081042614667,6.292293554189949e-05,0.00011224620692310759,0.00854228430732124,126
npf-F-000006,305,222,83,1779,222,83,0.0011413399431639897,1.307156614969547e-05,2.434856802269127e-05,0.015325863021958696,211
npf-F-000007,230,159,71,1292,159,71,0.0020415702206513036,0.0006163482923532308,4.223864963111702e-05,0.011557208180493442,190
npf-F-000009,638,422,216,5585,422,216,0.00321574974934793,6.441563566212167e-05,0.00012620077791287946,0.03205869051806442,207
npf-F-100000,384,316,68,2154,316,68,0.0012988001821931025,7.296863425487406e-06,5.245949682068316e-05,0.019295512788302095,211
npf-F-100001,339,287,52,1416,287,52,0.0012038090687655275,5.417478254746471e-06,5.441984376073539e-05,0.017034319883422945,191
npf-F-100002,415,339,76,2391,339,76,0.0014129467701163828,1.0494431433127234e-05,6.360881268550047e-05,0.020853223456107732,211
npf-F-100003,418,323,95,1739,323,95,0.0017643218018266419,1.5658357339334295e-05,5.469503414526222e-05,0.021003969649766342,205
npf-F-100004,431,313,118,2196,313,118,0.001762348759342561,1.213563782683045e-05,5.47102047322411e-05,0.021657203155620322,205
npf-F-100005,502,362,140,2900,362,140,0.008904688072248174,1.079182291968614e-05,3.64841074254587e-05,0.025224863072207428,352
npf-F-100006,443,331,112,2378,331,112,0.0013713560825219199,6.522130915151484e-06,7.824288548713864e-05,0.02226018793025476,211
npf-F-100007,401,330,71,1633,330,71,0.0014849892135948644,7.403857128239559e-06,6.812525905987272e-05,0.02014974121903422,202
npf-F-100008,421,368,53,1715,368,53,0.0017345344821827061,9.4494539361952e-06,7.803485546981859e-05,0.021154715843424952,202
npf-F-100009,410,301,109,1582,301,109,0.0013747772486003076,4.896868521361296e-06,5.0558154433992544e-05,0.02060197980001005,202
npf-F-100010,447,374,73,2002,374,73,0.0018637566634735422,1.2320370579917615e-05,6.727037884023101e-05,0.02246118285513291,205
npf-F-100011,563,334,229,2394,334,229,0.0015083311084318621,9.912527237689996e-06,5.9195122852813316e-05,0.028290035676599167,214
npf-F-100012,1180,303,877,6254,303,877,0.0012296701164300563,8.888117139961709e-06,4.47746492530997e-05,0.05929350283905331,352
npf-F-100013,900,535,365,7266,535,365,0.010990103048965447,1.3867341965220438e-05,6.908190721163859e-05,0.04522385809758304,352
npf-F-200000,447,354,93,2222,354,93,0.001442854259683799,1.2424977560415185e-05,8.501614498488189e-05,0.02246118285513291,211
npf-F-200001,397,325,72,1831,325,72,0.0014848445422234254,8.752898101842395e-06,5.876596901739036e-05,0.01994874629415607,203
npf-F-200002,389,204,185,2260,204,185,0.00546744333430422,6.250917199019446e-06,2.066432144304618e-05,0.01954675644439978,352
npf-F-200003,339,313,26,1565,313,26,0.0013642818501240135,7.1390633203010015e-06,4.690021015134443e-05,0.017034319883422945,193
npf-F-200004,428,203,225,2827,203,225,0.005171520286147075,4.75353789252334e-06,2.141618956733279e-05,0.021506456961961712,352
npf-F-200005,429,363,66,2366,363,66,0.0014929745055314717,7.244067198040202e-06,7.826300810323864e-05,0.021556705693181247,211
npf-F-200006,638,336,302,3338,336,302,0.007772225947733623,5.456076972683368e-06,3.4221224494254325e-05,0.03205869051806442,352
npf-F-200007,517,317,200,2815,317,200,0.0014167301396745715,1.526251131593468e-05,4.309905863294462e-05,0.02597859404050048,224
npf-F-200008,405,331,74,1766,331,74,0.0020908695729836943,2.2650241119732008e-05,6.0326332105416225e-05,0.020350736143912366,205
npf-F-200009,452,340,112,2211,340,112,0.0013336857791741092,1.2402291431595337e-05,6.217638232228522e-05,0.02271242651123059,211
npf-F-200010,425,225,200,2560,225,200,0.005707781731230063,7.569509073277165e-06,2.193636164118715e-05,0.0213557107683031,352
npf-F-200011,253,84,169,1043,84,169,0.0012394212443092377,1.2320889659893192e-06,3.167934799297513e-05,0.012712928998542787,186
npf-F-200012,535,384,151,2198,384,151,0.0017985325504471113,1.3648756488273503e-05,7.84662400732455e-05,0.02688307120245214,211
npf-F-200013,476,354,122,2461,354,122,0.0014945766845860316,8.420089001191395e-06,5.883069575968708e-05,0.02391839606049947,211
npf-F-200014,386,191,195,2091,191,195,0.004533650836080932,5.010095421594354e-06,2.3241074865717134e-05,0.01939601025074117,335
npf-F-200015,701,489,212,4462,489,212,0.010455358569934344,2.3552679204489483e-05,5.0942909759822104e-05,0.03522436058489523,352
npf-F-200016,949,556,393,5250,556,393,0.011719544508458272,7.642863354641441e-06,4.77642794549089e-05,0.04768604592734033,352
npf-F-200018,483,350,133,2294,350,133,0.002163271016304867,2.1235979038120193e-05,6.736449875277764e-05,0.02427013717903623,205
npf-F-200019,452,327,125,2090,327,125,0.001655700803812618,1.0135308117773771e-05,7.424240118808458e-05,0.02271242651123059,205
npf-F-200020,393,299,94,1735,299,94,0.0017266407311885043,1.155404525260499e-05,4.0096478282422704e-05,0.019747751369277925,205
npf-F-200021,237,34,203,784,34,203,0.0005760635852793002,2.2231715461638586e-06,9.341138435381967e-06,0.0119089492990302,231
npf-F-200022,314,241,73,1365,241,73,0.0011908547270173544,7.98197294514017e-06,5.6378142225622035e-05,0.015778101602934524,192
npf-F-200023,381,315,66,1827,315,66,0.0015719485993775486,9.69707777181097e-06,5.3993281677611286e-05,0.019144766594643484,203
npf-F-200024,529,409,120,2767,409,120,0.011413241867296474,1.8337442525593285e-05,4.1788024167870525e-05,0.02658157881513492,352
npf-F-200025,70,17,53,367,17,53,9.215731817884183e-05,1.4794338959419585e-05,9.125761305661554e-06,0.0035174111853675696,67
npf-F-200026,410,305,105,1750,305,105,0.0016824176006451008,1.0582115658452924e-05,5.23831101051228e-05,0.02060197980001005,205
npf-F-200027,373,292,81,1635,292,81,0.0018541568440695422,1.4132288027493982e-05,5.316908105289249e-05,0.018742776744887193,203
npf-F-200028,368,311,57,1556,311,57,0.0014733106959504804,7.400547297734301e-06,4.8474187745062305e-05,0.018491533088789508,197
npf-F-200029,388,328,60,1669,328,60,0.0018763476948726273,1.4210522466022256e-05,7.36905109479228e-05,0.019496507713180244,202
npf-F-200030,339,320,19,1426,320,19,0.0016647133191185959,1.0349362643673388e-05,5.2048365167535e-05,0.017034319883422945,187
npf-F-200031,412,329,83,1974,329,83,0.0013673282949723713,8.80702627398453e-06,7.262417858697056e-05,0.020702477262449122,211
npf-F-200032,419,347,72,1728,347,72,0.001993959846256696,1.5128111626628988e-05,6.089090257923678e-05,0.02105421838098588,205
npf-F-200033,830,513,317,4495,513,317,0.012087721096306363,2.74471485255884e-05,4.601714276946547e-05,0.041706446912215464,352
npf-F-200034,383,316,67,1616,316,67,0.0012322525877806476,8.337017853902294e-06,6.056727165622889e-05,0.01924526405708256,200
npf-F-200035,409,336,73,1826,336,73,0.001241590008755172,5.775920377336204e-06,8.645836725469906e-05,0.02055173106879051,204
npf-F-200036,657,497,160,3540,497,160,0.010657945169005978,1.0092199336110014e-05,4.003811771940455e-05,0.03301341641123562,352
npf-F-200037,383,150,233,1909,150,233,0.0031377934795581374,1.6981719350424976e-06,1.787695527062885e-05,0.01924526405708256,322
npf-F-200038,335,165,170,1614,165,170,0.004195406227457332,2.992906255032906e-06,1.9003929692316523e-05,0.016833324958544796,308
npf-F-200039,487,215,272,2479,215,272,0.005122048150302077,1.4752492725744007e-05,1.8260674849836455e-05,0.024471132103914377,352
npf-F-200040,376,162,214,1705,162,214,0.003972218771299353,4.1762775679814475e-06,1.7228938561477945e-05,0.018893522938545803,315
npf-F-200041,411,353,58,2056,353,58,0.0014214151309175716,8.833420727364428e-06,7.146494315166853e-05,0.020652228531229586,211
npf-F-200042,339,260,79,1600,260,79,0.0009495067775098915,3.140014369079366e-06,5.1845076925134756e-05,0.017034319883422945,182
npf-F-200043,309,273,36,1369,273,36,0.001355408296490163,1.5335665707084236e-05,4.567663461224318e-05,0.015526857946836843,184
npf-F-200044,398,350,48,1660,350,48,0.0019096208191921496,1.2453312826007424e-05,8.390581705178836e-05,0.01999899502537561,197
npf-F-300000,345,214,131,1493,214,131,0.005313968212468507,5.875763031735708e-06,2.516938530242323e-05,0.017335812270740165,296
npf-F-300001,362,308,54,1493,308,54,0.0014530927815999144,1.0235239264221326e-05,5.1053526642246957e-05,0.018190040701472288,197
npf-F-300002,407,267,140,1906,267,140,0.0065618732122312215,7.209984692136322e-06,2.5219976017859842e-05,0.02045123360635144,330
npf-F-300003,376,342,34,1625,342,34,0.0018329538771375297,1.01360632570029e-05,7.358540533417126e-05,0.018893522938545803,193
npf-F-300004,265,88,177,1255,88,177,0.0008519679816952101,8.681125105016402e-07,1.5048535796344096e-05,0.013315913773177228,198
npf-F-300005,383,113,270,1562,113,270,0.0013920008727913232,1.1062181581683727e-06,2.047706185034594e-05,0.01924526405708256,202
npf-F-300006,255,65,190,1064,65,190,0.0003931245522263323,5.24186392201573e-07,1.7536482139618495e-05,0.01281342646098186,194
npf-F-300007,274,101,173,1250,101,173,0.001149092103877503,2.0345801836498777e-06,1.7057468549364553e-05,0.013768152354153058,198
npf-F-300008,275,61,214,1389,61,214,0.0009683165544992508,5.26968404270284e-07,2.019490447027032e-05,0.013818401085372594,191
npf-F-300009,58,1,57,142,1,57,2.14359680671052e-05,2.2315267120555307e-06,7.5444939908114795e-06,0.002914426410733129,49
npf-F-300010,227,46,181,1190,46,181,0.0014175895414772852,4.972238654742803e-07,1.570174976723017e-05,0.011406461986834832,180
npf-F-300011,341,108,233,1420,108,233,0.0011524190223298316,3.0667879795110465e-06,2.145407891033016e-05,0.017134817345862016,202
npf-F-300012,371,309,62,1824,309,62,0.0016055781032751361,1.1240719099215479e-05,5.306731988656054e-05,0.018642279282448118,205
npf-F-300014,273,101,172,1219,101,172,0.0013683146597573044,1.2667985179695896e-06,1.5026942800534379e-05,0.01371790362293352,201
npf-F-300015,195,144,51,1552,144,51,0.00046688439213682815,2.963539012710143e-06,9.375857676292375e-05,0.009798502587809657,94
npf-F-300016,79,14,65,515,14,65,0.00010465212098877159,1.5723968685685302e-07,8.281581560315686e-06,0.0039696497663434,74
npf-F-300018,406,222,184,2066,222,184,0.005261675773204435,3.132708427532739e-05,2.489150782100075e-05,0.0204009848751319,350
npf-F-300019,106,56,50,722,56,50,0.0001863115920007649,1.0892184035145562e-06,2.773278893505048e-05,0.005326365509270891,89
npf-F-300020,303,286,17,1385,286,17,0.0016328463522641643,1.060684368605332e-05,3.3350532789200546e-05,0.015225365559519623,195
npf-F-300021,315,108,207,1368,108,207,0.0017010100412263576,1.126309371154418e-06,1.6017322610937912e-05,0.015828350334154064,200
npf-F-300022,124,77,47,686,77,47,0.00032263210069973755,2.0384404518685155e-06,2.2907386685412138e-05,0.006230842671222552,88
npf-F-300023,107,41,66,462,41,66,0.00026052278637789727,5.042657678393663e-07,2.162913016896629e-05,0.005376614240490428,89
npf-F-300025,311,71,240,1435,71,240,0.0012193875192317999,1.0025708604049147e-06,1.743782368197411e-05,0.015627355409275914,199
npf-F-300026,236,7,229,1367,7,229,1.021074768206239e-05,3.9092101324635256e-08,8.50436759138823e-06,0.011858700567810663,210
npf-F-300027,226,63,163,904,63,163,0.0011837352237616912,4.1529793082201115e-06,1.4169687270098024e-05,0.011356213255615295,189
npf-F-300028,995,568,427,6117,568,427,0.01220680222750557,9.286413237387167e-06,4.9378149733597565e-05,0.049997487563439025,352
npf-F-300029,311,261,50,1310,261,50,0.001230069239370554,1.2080278434727898e-05,3.96960910170909e-05,0.015627355409275914,187
npf-F-300030,359,303,56,1759,303,56,0.0012312937098635135,6.286252496272517e-06,6.019503058626593e-05,0.018039294507813677,200
npf-F-300031,388,281,107,2009,281,107,0.007678710017172361,1.292292227847107e-05,3.350540408873599e-05,0.019496507713180244,331
npf-F-300032,275,109,166,1111,109,166,0.001861010173701517,1.0868742630073974e-06,1.446624055853649e-05,0.013818401085372594,198
npf-F-300033,249,56,193,1073,56,193,0.0003599167873591903,4.466034625793911e-07,1.7466991208418236e-05,0.01251193407366464,187
npf-F-300034,85,40,45,389,40,45,0.0002482617873577651,8.864406954852443e-07,1.2898738503429089e-05,0.00427114215366062,82
npf-F-300035,548,265,283,3074,265,283,0.006205848333456633,6.2614129071541035e-06,2.834849389200318e-05,0.027536304708306116,352
npf-F-300036,219,24,195,826,24,195,0.0004466583168115556,2.8514912092816914e-07,1.1625744760187387e-05,0.011004472137078539,187
npf-F-300037,324,169,155,1449,169,155,0.002965013548010899,2.639883989853527e-06,2.8666742805260202e-05,0.016280588915129894,202
npf-F-300038,402,254,148,2719,254,148,0.006781169464380735,1.2791757720166393e-05,3.2335880203364406e-05,0.020199989950253756,348
npf-F-300039,627,389,238,4071,389,238,0.009216323318954313,2.2498382307414252e-05,4.892787499020269e-05,0.03150595447464952,352
npf-F-300040,361,298,63,1769,298,63,0.0014374936375389884,1.4362286323364246e-05,4.413196907445466e-05,0.018139791970252752,195
npf-F-300041,97,51,46,520,51,46,0.0005445656099066519,1.2707495297504078e-05,3.124099358470039e-05,0.004874126928295061,81
npf-F-300042,275,242,33,1310,242,33,0.001077347268415179,5.338852496943344e-06,2.816054997398523e-05,0.013818401085372594,199
npf-F-300044,275,103,172,1342,103,172,0.0017737907856976592,1.7704892735798669e-06,1.675889786323121e-05,0.013818401085372594,200
npf-F-300045,390,296,94,2991,296,94,0.0014577371264975,2.1819328597390375e-05,6.54088711391917e-05,0.019597005175619315,205
npf-F-300046,597,349,248,3498,349,248,0.007046810407953605,1.4584411731082804e-05,3.3269704412712604e-05,0.029998492538063415,352
npf-F-300047,338,324,14,1240,324,14,0.0016052300466882384,8.860845102032206e-06,6.103292766303402e-05,0.016984071152203406,189
npf-F-300048,459,217,242,2350,217,242,0.005798359433760849,8.086826644360262e-06,2.3283181301990758e-05,0.02306416762976735,352
npf-F-300049,363,207,156,1846,207,156,0.0050571483043233,6.20207412409489e-06,2.340487179216043e-05,0.018240289432691823,296
npf-F-300050,381,208,173,1929,208,173,0.0050056105459093305,3.917096338308558e-06,2.1304784086823458e-05,0.019144766594643484,324
npf-F-300051,601,197,404,2329,197,404,0.0024785143349031974,5.060944364109635e-06,2.9458642273979167e-05,0.03019948746294156,228
npf-F-400000,261,69,192,979,69,192,0.0009282887364139871,1.2354443729977412e-06,1.2400145620711197e-05,0.01311491884829908,197
npf-F-400001,243,66,177,782,66,177,0.0010034943718583854,1.418899818467719e-06,1.4156411715861875e-05,0.01221044168634742,196
npf-F-400002,301,53,248,1251,53,248,0.0005332674708748122,1.0421550896130515e-06,1.4405460630632042e-05,0.015124868097080548,198
npf-F-400004,268,56,212,1137,56,212,0.0011825511168384397,2.3053246821313436e-06,2.8429200651830077e-05,0.013466659966835838,197
npf-F-400005,463,197,266,2386,197,266,0.0049145927797964156,4.43027984187457e-06,2.2203091504710253e-05,0.023265162554645495,352
npf-F-400006,530,375,155,2508,375,155,0.00781668155759491,5.095121526610139e-06,3.083133605490557e-05,0.026631827546354455,352
npf-F-400008,283,62,221,1269,62,221,0.0004398836651054269,7.853061179949612e-07,2.2666926252987995e-05,0.014220390935128889,190
npf-F-400009,318,65,253,1688,65,253,0.0009433128074547959,8.851357500486612e-07,2.3015371323295214e-05,0.015979096527812674,200
npf-F-400010,376,135,241,1827,135,241,0.0011454805377164247,2.4977147253311308e-06,2.7041089066322115e-05,0.018893522938545803,202
npf-F-400011,269,55,214,1299,55,214,0.0008677033111449314,1.1975755667079585e-06,1.4873405010076764e-05,0.013516908698055373,198
npf-F-400012,194,56,138,695,56,138,0.0006158733708329324,8.245174791502756e-07,1.2659399162365723e-05,0.009748253856590122,174
npf-F-400013,135,68,67,1091,68,67,0.0002580722642031434,5.598632061420617e-07,0.00018074126330542284,0.006783578714637455,88
npf-F-400014,469,291,178,2472,291,178,0.006317342075051193,6.3041455345841255e-06,2.922401442924236e-05,0.023566654941962716,352
npf-F-400015,124,37,87,893,37,87,0.0001495256639496835,4.1912653563700753e-07,1.1856912322094166e-05,0.006230842671222552,89
npf-F-400016,322,100,222,1621,100,222,0.0010227067463471186,9.32080119359001e-07,1.9255441585451735e-05,0.01618009145269082,199
npf-F-400017,418,199,219,2407,199,219,0.0047773961830431776,7.65635014621357e-06,2.3839184862125082e-05,0.021003969649766342,348
npf-F-400018,237,74,163,1074,74,163,0.0014421919471547424,1.0817700162677103e-06,1.8409097203046457e-05,0.0119089492990302,188
npf-F-400019,324,71,253,1539,71,253,0.0012510358572839573,1.3367237635194112e-06,1.880821430238453e-05,0.016280588915129894,202
npf-F-400020,288,86,202,1034,86,202,0.000926442313832213,1.087554286161304e-06,1.604820522031064e-05,0.014471634591226572,200
npf-F-500000,168,82,86,892,82,86,0.0008579015876396718,9.953432851353475e-06,1.752143577705545e-05,0.008441786844882167,116
npf-F-500001,186,137,49,1077,137,49,0.0006665915911530376,3.690040069163526e-06,3.424878655944174e-05,0.009346264006833827,131
npf-F-500002,233,49,184,727,49,184,0.0003369904553251119,3.401736044100701e-07,2.28799296958188e-05,0.011707954374152053,186
npf-F-500003,324,49,275,1694,49,275,0.001075232731462027,6.614629198547864e-06,1.5611441468488966e-05,0.016280588915129894,198
npf-F-500004,243,67,176,1339,67,176,0.0006127412597659549,8.517631611905449e-07,1.2544643562081e-05,0.01221044168634742,189
npf-F-500005,333,52,281,1559,52,281,0.000855489227047259,6.595554912569049e-07,2.0595301724272366e-05,0.016732827496105725,200
npf-F-500006,381,170,211,1304,170,211,0.002609265469580671,1.9615248675083788e-05,2.5848088397343858e-05,0.019144766594643484,209
npf-F-500007,16,1,15,39,1,15,1.3433956415709827e-06,5.815834820205433e-10,7.619274477521879e-06,0.0008039796995125873,16
npf-F-700000,353,171,182,2044,171,182,0.003956410461975732,4.565326873395834e-06,1.6916936435012553e-05,0.017737802120496457,332
npf-F-700001,361,174,187,1995,174,187,0.0042525535006306,4.479898426151961e-06,1.8378451286515497e-05,0.018139791970252752,336
npf-F-800000,235,40,195,1206,40,195,0.0006782214289619845,4.152629484613785e-07,1.4721675497998307e-05,0.011808451836591126,187
npf-F-800001,396,217,179,2162,217,179,0.004657945264594776,6.44545418079586e-06,1.891106902952549e-05,0.019898497562936535,314
npf-F-800002,325,192,133,2052,192,133,0.0052668439268545135,1.8773281001729248e-05,2.1123690131035992e-05,0.01633083764634943,316
npf-F-800003,356,191,165,1627,191,165,0.0048948103364999515,7.676474745634871e-06,1.5220233694698318e-05,0.017888548314155067,330
npf-F-800004,481,126,355,1743,126,355,0.00039891801724692985,4.7316721669860224e-07,2.70809081400865e-05,0.024169639716597156,209
npf-F-800005,396,225,171,2376,225,171,0.005649126535517341,8.028091145971091e-06,2.287098873208554e-05,0.019898497562936535,350
npf-F-800006,396,233,163,1867,233,163,0.005830432847050232,3.3421385856195964e-05,2.555026269694179e-05,0.019898497562936535,334
Tdc2-F-000000,2373,1674,699,22284,1674,699,0.018713944667521944,0.0004877071219853992,0.0010509113132627116,0.11924023918396061,331
Tdc2-F-000001,2273,1279,994,21454,1279,994,0.00922458210159735,0.00021648657402845137,0.0006500933792088413,0.11421536606200694,331
Tdc2-F-000002,511,17,494,4680,17,494,0.00042869545416253835,2.6134170815254787e-07,8.234398885521943e-06,0.02567710165318326,352
Tdc2-F-000003,362,182,180,2070,182,180,0.005065288442105246,7.041196539155782e-06,2.0853843619127245e-05,0.018190040701472288,332
Tdc2-F-000004,520,230,290,2634,230,290,0.005313027025587393,4.050584627913522e-06,2.6107901277520242e-05,0.02612934023415909,352
Tdc2-F-000005,1277,661,616,7620,661,616,0.014190990271687989,0.00022993650894307662,0.00010230140212346638,0.06416762976734837,299
Tdc2-F-000006,382,113,269,1760,113,269,0.0015722647750271615,4.552684296323638e-06,1.9724682747247755e-05,0.019195015325863023,233
Tdc2-F-000007,2324,1366,958,24054,1366,958,0.00917702315662105,0.00022285879643698506,0.0004240439269588759,0.11677805135420331,348
Tdc2-F-000008,375,273,102,2181,273,102,0.003775009032022774,4.594704846236025e-05,3.8768599170332726e-05,0.018843274207326264,241
Tdc2-F-000009,291,24,267,1591,24,267,0.0014796407539686375,2.373355417779122e-07,8.77910274697056e-06,0.014622380784885182,241
Tdc2-F-000010,330,216,114,2668,216,114,0.0027162057001216323,5.6562479707865526e-06,4.3476435130655054e-05,0.016582081302447114,238
Tdc2-F-000011,2545,2256,289,19044,2256,289,0.06602530909495989,0.00017559030188723027,0.00029846106834743413,0.12788302095372092,352
Tdc2-F-000012,3049,2378,671,28781,2378,671,0.06477440503106592,0.00017886497832577666,0.0003831997681135799,0.1532083814883674,352
Tdc2-F-000013,2714,2701,13,110584,2701,13,0.0348939511284598,0.1876450161412513,0.003052811296136204,0.13637505652982262,348
Tdc2-F-000014,1909,907,1002,14543,907,1002,0.010555108228420504,0.0002773366744643616,0.0007328191209515768,0.09592482789809557,331
Tdc2-F-000015,2830,2203,627,17646,2203,627,0.060456778819413526,0.0001281775425174846,0.0002495730895572905,0.14220390935128888,352
Tdc2-F-000016,275,13,262,1393,13,262,0.0006770194406112316,1.2497097970483625e-07,7.904510809893649e-06,0.013818401085372594,250
Tdc2-F-000017,3022,2355,667,28425,2355,667,0.06407571301165493,0.00018726899173428233,0.00037370180344169956,0.15185166574543993,352
Tdc2-F-000018,2792,2192,600,18513,2192,600,0.06064171339808088,0.00011609955374918844,0.00024888917350660673,0.1402944575649465,352
Tdc2-F-000019,3016,2327,689,25325,2327,689,0.06340145077402512,0.0001729409795498829,0.0003422816362836223,0.1515501733581227,352
Tdc2-F-000020,213,103,110,783,103,110,0.006669271236217218,1.2941328493420306e-05,1.8043434645711742e-05,0.010702979749761319,152
Tdc2-F-000022,1201,496,705,13081,496,705,0.000745658750742526,1.1785869356301094e-05,0.0007974471870156337,0.06034872619466358,300
Tdc2-F-000023,3092,2386,706,33166,2386,706,0.06675231277407799,0.00021340420439230307,0.000412708848842743,0.1553690769308075,352
Tdc2-F-000024,1220,549,671,13827,549,671,0.0008011675034689312,1.146528909968711e-05,0.0007367738971452151,0.06130345208783478,295
Tdc2-F-000025,394,269,125,2703,269,125,0.003504020407856305,9.186537855442169e-06,4.77854603586373e-05,0.019798000100497464,241
Tdc2-F-000026,1328,561,767,12710,561,767,0.0009233142995272946,7.978512669796103e-06,0.0007079079711917695,0.06673031505954474,311
Tdc2-F-000027,1168,548,620,14693,548,620,0.0008088252544977187,1.2557202941768739e-05,0.0007651708991650108,0.05869051806441887,293
Tdc2-F-000028,2957,2495,462,25227,2495,462,0.07014135335015241,0.00018898029615104672,0.0004000850049781919,0.14858549821617004,352
Tdc2-F-000029,2637,1938,699,31426,1938,699,0.01689045990249998,0.0009369998266965384,0.002514091196565584,0.1325059042259183,331
Tdc2-F-000030,2869,2218,651,18833,2218,651,0.06083904639289658,0.00017399966598784152,0.00025447042369922183,0.14416360986885082,352
Tdc2-F-000031,3176,2392,784,30845,2392,784,0.06432382674146493,0.00018679920391637388,0.0003647053061332729,0.15958997035324857,352
Tdc2-F-000032,433,151,282,2568,151,282,0.0023068020763144337,2.8403379919806143e-06,2.118233157491411e-05,0.021757700618059393,241
Tdc2-F-000033,1315,581,734,14078,581,734,0.000910308428197103,1.0084823327845153e-05,0.0008460377261159394,0.06607708155369077,298
Tdc2-F-000034,3070,2331,739,30102,2331,739,0.06398861204094779,0.0002115835715300163,0.00039619876678833726,0.1542636048439777,352
Tdc2-F-000035,261,82,179,1214,82,179,0.004959285743122062,6.24155563185004e-05,1.4566538358551785e-05,0.01311491884829908,240
Tdc2-F-000036,3077,2360,717,27182,2360,717,0.0649567022715076,0.00019310018155071874,0.0003701870369322811,0.15461534596251444,352
Tdc2-F-000037,468,225,243,4862,225,243,0.002413563484805465,1.257154028617829e-05,5.979389206874869e-05,0.02351640621074318,241
Tdc2-F-000038,1175,537,638,13804,537,638,0.0008010487614246569,8.878891257623203e-06,0.0006849533609257133,0.05904225918295563,298
Tdc2-F-000039,515,210,305,4197,210,305,0.003011093728966386,3.6434174172391395e-06,3.417064925979984e-05,0.025878096578061404,241
Tdc2-F-000040,3599,2667,932,39276,2667,932,0.07555548320332778,0.00030447307554346887,0.0005207091369339879,0.18084518365911262,352
Tdc2-F-000041,506,345,161,4806,345,161,0.0036021369364659054,9.67770217012573e-06,9.132704458713328e-05,0.025425857997085573,241
Tdc2-F-000042,1380,637,743,13564,637,743,0.0011843472996857422,1.3674917677772212e-05,0.0007471707781199649,0.06934324908296066,297
Tdc2-F-100000,165,108,57,862,108,57,0.00021377626448053534,2.746421794856231e-07,5.023018666903748e-05,0.008291040651223557,113
Tdc2-F-100001,2980,2314,666,23503,2314,666,0.06333914781455434,0.00016469504285155119,0.0003256255387904455,0.14974121903421939,352
Tdc2-F-100002,311,151,160,1596,151,160,0.0065068991840305755,0.00013241149366816887,3.2028540153108635e-05,0.015627355409275914,252
Tdc2-F-100003,512,199,313,3305,199,313,0.002713158341524135,2.2019156629110003e-06,2.823356402941662e-05,0.025727350384402794,241
Tdc2-F-100004,663,560,103,3464,560,103,0.017227097952433733,3.236443240271405e-05,5.113143157949564e-05,0.03331490879855284,352
Tdc2-F-100005,282,25,257,1531,25,257,0.0018288456357018112,5.469508216220139e-07,8.843921860649174e-06,0.014170142203909351,252
Tdc2-F-100006,3064,2391,673,27141,2391,673,0.06575153758306423,0.0001822859128844203,0.00037313365526389354,0.15396211245666047,352
Tdc2-F-100007,360,116,244,1727,116,244,0.007421288280479431,4.959232524974113e-05,1.6889530336522043e-05,0.018089543239033213,280
Tdc2-F-100008,2999,2324,675,22049,2324,675,0.06565438375176838,0.0001419229482598602,0.0002990465130985813,0.15069594492739058,352
Tdc2-F-100009,275,13,262,1510,13,262,0.0013862964956958502,3.8740057348466156e-07,8.603102681836946e-06,0.013818401085372594,241
Tdc2-F-100010,973,566,407,13955,566,407,0.0008117955735546993,1.3194424404606154e-05,0.0008579488053906015,0.048892015476609214,257
Tdc2-F-100011,1081,560,521,15172,560,521,0.0007941707906004228,1.5921823936389086e-05,0.0008454153010008993,0.05431887844831918,277
Tdc2-F-100012,1584,53,1531,11291,53,1531,0.0006586296899309613,7.422346495442932e-07,1.778396543232781e-05,0.07959399025174614,331
Tdc2-F-100013,1149,492,657,11679,492,657,0.000736675964322981,1.3794725315838139e-05,0.000683300576752758,0.05773579217124768,295
Tdc2-F-100014,162,64,98,641,64,98,0.004102315567796354,2.4914305848141734e-05,1.2310044951996992e-05,0.008140294457564947,127
Tdc2-F-100015,2835,2298,537,17758,2298,537,0.0625320091668138,0.00011003022180378792,0.00026526806785035607,0.14245515300738656,352
Tdc2-F-100016,493,225,268,2368,225,268,0.011565146652974395,3.831560797136116e-05,2.7188278684255317e-05,0.024772624491231597,352
Tdc2-F-100017,332,97,235,1576,97,235,0.0012539196449144912,2.3146001708158793e-06,1.6180234855361816e-05,0.016682578764886186,231
Tdc2-F-100018,2632,2166,466,14272,2166,466,0.05922940425401496,8.832638452425443e-05,0.0002048281106115487,0.1322546605698206,352
Tdc2-F-100019,354,109,245,1716,109,245,0.005762236663707216,6.690551939851285e-06,1.5783903126395457e-05,0.017788050851715993,258
Tdc2-F-100021,2930,2335,595,21425,2335,595,0.06330826372883527,0.00016033611238964508,0.00031072347645885533,0.14722878247324256,352
Tdc2-F-100022,952,880,72,7545,880,72,0.025086468206865435,4.242031292519806e-05,0.00010247480631429109,0.04783679212099894,352
Tdc2-F-100023,1188,131,1057,7887,131,1057,0.0011128649340149364,1.609714075485963e-05,0.00012166560903867257,0.05969549268880961,245
Tdc2-F-100024,395,168,227,4152,168,227,0.0016420115378731443,7.41552729538825e-06,4.6306388008566534e-05,0.019848248831717,241
Tdc2-F-100025,347,22,325,1936,22,325,0.0021165458804822098,3.602404079028608e-06,8.937404610929677e-06,0.017436309733179237,279
Tdc2-F-100026,147,59,88,708,59,88,0.004059681210859228,1.8408910739320646e-06,1.1890569691732815e-05,0.007386563489271896,125
Tdc2-F-100027,268,48,220,1343,48,220,0.0025210443977514694,1.3473403545791043e-05,1.230213393691746e-05,0.013466659966835838,244
Tdc2-F-100028,396,244,152,3370,244,152,0.003926232001350063,6.9440852379431185e-06,4.70229233986524e-05,0.019898497562936535,241
Tdc2-F-100029,2886,2240,646,19207,2240,646,0.061528609288182774,0.00014892444136963115,0.00027125516430084705,0.14501783829958292,352
Tdc2-F-100030,414,58,356,3643,58,356,0.0006554498618718185,1.315722172054227e-06,1.0313392991571774e-05,0.020802974724888196,239
Tdc2-F-100031,3197,2402,795,28249,2402,795,0.0654163402065297,0.00016051348524647542,0.0003571541108849279,0.16064519370885885,352
Tdc2-F-100032,240,26,214,1373,26,214,0.0009647998474312487,4.327627993713142e-06,1.0915788203004131e-05,0.01205969549268881,227
Tdc2-F-100033,368,41,327,1790,41,327,0.002797515833104923,1.3433270398218128e-06,9.696283858330399e-06,0.018491533088789508,284
Tdc2-F-100034,348,98,250,1884,98,250,0.007528785766086254,3.247135056943529e-05,1.8343714482587887e-05,0.017486558464398776,279
Tdc2-F-100035,2971,2234,737,29243,2234,737,0.0611832952198707,0.00016714247139483962,0.0003203090668647393,0.14928898045324357,352
Tdc2-F-100036,975,514,461,10841,514,461,0.0007718182024962443,1.1884889686125519e-05,0.0006033330019673056,0.04899251293904829,263
Tdc2-F-100037,818,473,345,9089,473,345,0.0007333518638321257,9.888983212067909e-06,0.000690479826469879,0.04110346213758102,220
Tdc2-F-100038,2920,2320,600,20947,2320,600,0.06349890839340519,0.0001863265187503063,0.0003086870276820391,0.14672629516104718,352
Tdc2-F-100039,2804,2109,695,21571,2109,695,0.05826807457921928,0.0001457157148697515,0.0002669037124130148,0.14089744233958093,352
Tdc2-F-100040,2973,2341,632,22526,2341,632,0.0652112118094778,0.0001504155895914462,0.0003008963412172037,0.14938947791568263,352
Tdc2-F-100041,1123,542,581,13552,542,581,0.0007942162321986949,1.0330898553166803e-05,0.0007250950377380287,0.056429325159539724,296
Tdc2-F-100042,520,233,287,5825,233,287,0.0023634434987443755,1.5097539901117711e-05,7.372522455730818e-05,0.02612934023415909,241
Tdc2-F-100043,2761,2357,404,23493,2357,404,0.06399214003260872,0.00016401083113057668,0.0003581608654613708,0.13873674689714086,352
Tdc2-F-100044,2942,2272,670,23272,2272,670,0.06185168166971181,0.0001429016187989381,0.00027354402989451836,0.147831767247877,352
Tdc2-F-100045,2891,2177,714,19643,2177,714,0.06027100079265741,0.00010643087274312017,0.0002179610738788315,0.1452690819556806,352
Tdc2-F-100046,2969,2360,609,23692,2360,609,0.06383835593231933,0.00016689266036828656,0.0003288450067843697,0.14918848299080448,352
Tdc2-F-100047,3124,2321,803,23644,2321,803,0.06388211887329956,0.00016660017299304148,0.0003069560058338856,0.15697703632983268,352
Tdc2-F-100048,2089,1391,698,16853,1391,698,0.009064074194448418,0.00047624876200777825,0.0006769130996457869,0.10496959951761219,331
Tdc2-F-100049,458,59,399,4979,59,399,0.0005388572643258503,5.390321387445639e-07,1.1180406276738905e-05,0.02301391889854781,241
Tdc2-F-100050,3009,2349,660,25342,2349,660,0.0648344156649991,0.00017020077770247711,0.0003310325480511268,0.15119843223958596,352
Tdc2-F-100051,2950,2341,609,23191,2341,609,0.06376361648065144,0.00018477759133468682,0.00033548803864824216,0.14823375709763328,352
Tdc2-F-100052,2123,1523,600,17376,1523,600,0.0027449655509046173,1.0106830074737008e-05,0.001163641995621195,0.10667805637907643,284
Tdc2-F-100053,1272,533,739,12804,533,739,0.0007661212525764909,7.948579121770064e-06,0.0006175818443417511,0.0639163861112507,308
Tdc2-F-100054,411,241,170,2921,241,170,0.0036384866937659334,3.5246009339908045e-06,3.640248418671032e-05,0.020652228531229586,241
Tdc2-F-100055,3192,2346,846,36257,2346,846,0.06285357248094152,0.0002108211377860967,0.0004042697123976682,0.16039395005276116,352
Tdc2-F-100056,2115,1508,607,16055,1508,607,0.002688966202088889,1.4322592005309252e-05,0.001029047913093817,0.10627606652932013,297
Tdc2-F-100057,2993,2157,836,26558,2157,836,0.06032409570417128,0.00016594763517279763,0.0003833040262833512,0.15039445254007336,352
Tdc2-F-100058,2648,2459,189,32340,2459,189,0.07054044223238469,0.000278488295895281,0.000522320030312817,0.1330586402693332,352
Tdc2-F-100059,535,155,380,4058,155,380,0.0024090021235286235,1.1709239172898228e-05,2.689513131450725e-05,0.02688307120245214,241
Tdc2-F-100060,1149,577,572,12527,577,572,0.0007809233229889818,7.1833118193567035e-06,0.0008124756708747788,0.05773579217124768,274
Tdc2-F-100061,977,59,918,8351,59,918,0.0038630387795254516,8.332182503258592e-06,1.3925895763687493e-05,0.049093010401487364,352
Tdc2-F-100062,269,65,204,1239,65,204,0.0030091130698353024,3.6670106760530225e-05,1.5691746983614787e-05,0.013516908698055373,248
Tdc2-F-100063,3025,2277,748,26153,2277,748,0.062273498469477634,0.00018213884007280053,0.0003196132074954073,0.15200241193909853,352
Tdc2-F-100064,1139,478,661,12225,478,661,0.0007297478896553504,1.066173471945344e-05,0.0006616576718544055,0.05723330485905231,296
Tdc2-F-100065,450,360,90,3749,360,90,0.005108343584144076,7.986794184002302e-06,6.682108459709249e-05,0.02261192904879152,241
Tdc2-F-100066,1078,453,625,12688,453,625,0.0007412321750433031,1.1769829379374474e-05,0.000594837589071876,0.05416813225466057,296
Tdc2-F-100067,1368,564,804,15264,564,804,0.0008201797957572579,1.304236519049049e-05,0.0009061931794798155,0.06874026430832622,312
Tdc2-F-100068,464,309,155,3055,309,155,0.005251288371827713,6.679045970797993e-06,4.091336865393928e-05,0.02331541128586503,241
Tdc2-F-100069,2159,1556,603,19071,1556,603,0.003396656908438483,1.5685657193915407e-05,0.0012105140408155608,0.10848701070297975,275
Tdc2-F-100070,3143,2404,739,28088,2404,739,0.06513377083603322,0.0001469038627361104,0.0003651901492299184,0.15793176222300387,352
Tdc2-F-100071,282,101,181,1125,101,181,0.0066950214260322796,0.00012174519023985918,1.719063545703997e-05,0.014170142203909351,229
Tdc2-F-100072,199,93,106,1053,93,106,0.0018758173528550504,1.2091881633411427e-06,1.6485439405867244e-05,0.009999497512687805,198
Tdc2-F-200000,373,210,163,2310,210,163,0.0017727956605043096,8.69982111481906e-06,5.602848915999057e-05,0.018742776744887193,236
Tdc2-F-200001,496,156,340,2273,156,340,0.001774495803662039,2.031639113872197e-06,1.7834092600922124e-05,0.024923370684890207,241
Tdc2-F-200002,260,33,227,1167,33,227,0.0018504707368794684,4.686024293892077e-06,9.432929400732602e-06,0.013064670117079544,241
Tdc2-F-200003,627,360,267,4342,360,267,0.0055202783182017705,1.1678584092503613e-05,4.638864699456411e-05,0.03150595447464952,285
Tdc2-F-200004,2938,2306,632,21663,2306,632,0.06295732297316113,0.00015232419867895923,0.00029678927896847234,0.14763077232299884,352
Tdc2-F-200005,464,210,254,4004,210,254,0.0023769842584597063,5.336740660073942e-06,5.344576178340983e-05,0.02331541128586503,241
Tdc2-F-200006,898,15,883,4764,15,883,0.00021454954060603153,8.604555946085786e-08,8.361230179474781e-06,0.04512336063514396,352
Tdc2-F-200007,301,46,255,1765,46,255,0.003278831816206251,4.738423454227843e-06,1.160949801005773e-05,0.015124868097080548,260
Tdc2-F-200008,374,160,214,2619,160,214,0.002096354626275153,2.8513615701141077e-06,2.4810791078502985e-05,0.01879302547610673,241
Tdc2-F-200009,213,60,153,1140,60,153,0.0038181792407010187,7.302772404432984e-06,1.2956148064703416e-05,0.010702979749761319,211
Tdc2-F-200010,2219,2178,41,26331,2178,41,0.02427721876369538,0.0008261777988444579,0.0019575468721716037,0.11150193457615196,331
Tdc2-F-200011,432,89,343,2062,89,343,0.007056915312449117,1.6072357720744825e-05,1.688551868565798e-05,0.021707451886839858,304
Tdc2-F-200012,330,203,127,1768,203,127,0.0024444311451233365,2.363105067898173e-05,2.9922187250228722e-05,0.016582081302447114,233
Tdc2-F-200013,2918,2364,554,21836,2364,554,0.06413190737310637,0.00016148099706242446,0.00032017024618375957,0.14662579769860812,352
Tdc2-F-200014,429,131,298,2668,131,298,0.0018165814180881638,2.148063233787901e-06,2.0156451512133042e-05,0.021556705693181247,241
Tdc2-F-200015,385,138,247,2256,138,247,0.001678167650667507,3.261686269636804e-06,2.008165154613105e-05,0.019345761519521634,239
Tdc2-F-200016,394,113,281,2734,113,281,0.0012483968948274432,1.699209682449777e-06,2.0456286133450902e-05,0.019798000100497464,241
Tdc2-F-200017,394,51,343,4796,51,343,0.00030052164271684035,7.445303509220915e-07,1.0040828033315463e-05,0.019798000100497464,239
Tdc2-F-200018,2490,2031,459,15550,2031,459,0.05619023862365617,0.00011319472093848323,0.00023011217187992667,0.1251193407366464,352
Tdc2-F-200019,1110,30,1080,8999,30,1080,0.000826075481969744,1.039367246987411e-05,9.023653299843227e-06,0.055776091653685744,352
Tdc2-F-200020,523,256,267,4736,256,267,0.003611189902250072,7.436112198432428e-06,7.673922353988616e-05,0.0262800864278177,241
Tdc2-F-200021,1656,1170,486,17219,1170,486,0.009772006707044275,0.00012492969625362967,0.0011409799499068698,0.08321189889955279,331
Tdc2-F-200022,504,496,8,4836,496,8,0.006401239474283487,2.18382461676635e-05,0.00010895913495012907,0.0253253605346465,241
Tdc2-F-200023,1268,257,1011,7623,257,1011,0.0012090965953906803,3.935110307633284e-06,0.00011560264138611339,0.06371539118637254,224
Tdc2-F-200024,509,312,197,3485,312,197,0.003371365718977948,9.30992495992014e-06,7.570090893147133e-05,0.025576604190744184,241
Tdc2-F-200025,629,226,403,2682,226,403,0.006333768096396834,3.728528329480345e-06,6.546834177936916e-05,0.03160645193708859,352
Tdc2-F-200026,405,77,328,3143,77,328,0.0008553402138602752,8.296755338086593e-07,1.3443732097436335e-05,0.020350736143912366,241
Tdc2-F-200027,2710,2458,252,18837,2458,252,0.0747450786271953,0.000244666122320508,0.00031702730493101257,0.13617406160494447,352
Tdc2-F-200028,434,338,96,3218,338,96,0.006472549333106934,8.390763254266932e-06,5.003560430391398e-05,0.021807949349278932,241
Tdc2-F-200029,3060,2393,667,23533,2393,667,0.06953873075335402,0.0001603409019364676,0.0003081247885360282,0.15376111753178232,352
Tdc2-F-200030,434,296,138,3063,296,138,0.004612463659237152,8.328849309508146e-06,4.3568755126307777e-05,0.021807949349278932,241
Tdc2-F-200031,618,345,273,5580,345,273,0.004522401725264294,1.587506463426085e-05,8.395397461525875e-05,0.031053715893673686,241
Tdc2-F-200032,602,303,299,4353,303,299,0.003345824962001404,8.201644852884014e-06,6.93009386184205e-05,0.030249736194161096,241
Tdc2-F-200033,2533,2437,96,20499,2437,96,0.07189903324755068,0.00018604493668504922,0.00034563621008139555,0.12728003617908648,352
Tdc2-F-200034,467,160,307,1531,160,307,0.003125298830464635,4.762636353075497e-05,2.0922714708395325e-05,0.02346615747952364,214
Tdc2-F-200035,407,73,334,2746,73,334,0.0009688253277762038,5.718860128211243e-07,1.214100652232797e-05,0.02045123360635144,241
Tdc2-F-200036,377,217,160,3272,217,160,0.003205228636417003,7.3705010925081886e-06,4.3371504980940454e-05,0.01894377166976534,241
Tdc2-F-200037,341,215,126,2513,215,126,0.002534239635239038,7.988898078071554e-06,3.929603138011719e-05,0.017134817345862016,239
Tdc2-F-200039,423,180,243,2143,180,243,0.0025661679657228028,3.1430514502831046e-06,2.2424038409378733e-05,0.021255213305864027,241
Tdc2-F-200040,414,67,347,2223,67,347,0.0010939219707495962,4.411154119139299e-05,1.5938557114446707e-05,0.020802974724888196,317
Tdc2-F-200041,2371,2060,311,11531,2060,311,0.057053922241346644,8.819451170812629e-05,0.00017552451689904598,0.11913974172152153,352
Tdc2-F-200042,2465,2091,374,14729,2091,374,0.057810457124476175,0.00011699038087164546,0.00022567299768643307,0.12386312245615798,352
Tdc2-F-200043,478,145,333,3784,145,333,0.0017241467831879812,1.8205165107179675e-06,2.764516529367702e-05,0.024018893522938546,241
Tdc2-F-200044,557,448,109,3673,448,109,0.001391070980415694,6.051452289110847e-06,0.0002799106492708791,0.027988543289281947,169
Tdc2-F-200046,1847,896,951,15274,896,951,0.005788543090451003,2.718953544667149e-05,0.00037651131193191866,0.09280940656248429,329
Tdc2-F-200047,230,91,139,913,91,139,0.004469419855721288,8.640670715222016e-05,1.502290727818124e-05,0.011557208180493442,220
Tdc2-F-200048,2037,1486,551,16860,1486,551,0.0026064710927605943,1.0188073993720567e-05,0.001096099223063833,0.10235666549419627,263
Tdc2-F-200049,2148,1540,608,19849,1540,608,0.003429717974836487,1.0973256336554784e-05,0.00148231097222648,0.10793427465956484,270
Tdc2-F-200050,3007,2231,776,20711,2231,776,0.06125062000111513,0.00011149420300190814,0.0002496896761709191,0.15109793477714686,352
Tdc2-F-200051,2807,2320,487,20970,2320,487,0.06325678769903202,0.00016426507918336825,0.00030166397473577184,0.14104818853323953,352
Tdc2-F-200052,858,9,849,6879,9,849,4.3654059251918536e-05,1.23768968057442e-07,7.693991887249919e-06,0.043113411386362495,352
Tdc2-F-200053,369,95,274,2988,95,274,0.003109744980666011,5.100322844639073e-06,1.4333588202804087e-05,0.018541781820009044,331
Tdc2-F-200054,455,339,116,2612,339,116,0.004691996331210328,9.245197615556956e-05,5.186470377752342e-05,0.0228631727048892,241
Tdc2-F-200055,454,155,299,3893,155,299,0.0022725816692388922,2.466028124895788e-06,2.6142260194260287e-05,0.022812923973669665,241
Tdc2-F-200056,1320,595,725,18311,595,725,0.000833471818269662,1.6028064780588344e-05,0.0010733528671027963,0.06632832520978846,298
Tdc2-F-200057,489,231,258,5978,231,258,0.0023770634634744277,1.0278541021383742e-05,9.074407902806157e-05,0.024571629566353448,241
Tdc2-F-200058,2039,1501,538,16903,1501,538,0.003562084120798488,2.0135084526578804e-05,0.0013264299571482726,0.10245716295663534,274
Tdc2-F-200059,461,6,455,4231,6,455,0.00015139045791709262,5.269422361741229e-08,7.964092644618579e-06,0.02316466509220642,241
Tdc2-F-200060,787,60,727,9945,60,727,0.0027588185684206193,1.663580573914324e-05,1.2803321728150508e-05,0.03954575146977539,352
Tdc2-F-200061,460,141,319,4534,141,319,0.001026799573108553,3.6315728122408425e-06,2.9236586696729843e-05,0.023114416360986885,241
Tdc2-F-200062,3020,2389,631,28723,2389,631,0.06515899769597949,0.0002114493246848997,0.0004094389052138008,0.15175116828300086,352
Tdc2-F-200063,452,274,178,3155,274,178,0.004823033589062599,4.663421572643295e-06,3.790138307321573e-05,0.02271242651123059,241
Tdc2-F-200064,230,6,224,1139,6,224,0.00036016165413888093,1.2321174712291228e-07,7.800068936231752e-06,0.011557208180493442,225
Tdc2-F-200065,1082,508,574,10969,508,574,0.0008643864789557894,9.607525714106912e-06,0.0006693203894085651,0.054369127179538713,287
Tdc2-F-200066,1186,498,688,14575,498,688,0.0007881339401337292,1.4309029788511674e-05,0.0008243780606739846,0.05959499522637053,298
Tdc2-F-200067,481,158,323,3620,158,323,0.0016392998098082093,2.8900390790440235e-06,2.6750285178219574e-05,0.024169639716597156,241
Tdc2-F-200068,2992,2339,653,25620,2339,653,0.06418554287967851,0.00017949979847408168,0.00035446265134495746,0.15034420380885383,352
Tdc2-F-200069,130,69,61,483,69,61,0.005792601031796872,8.990624783027152e-06,1.2966197606695388e-05,0.006532335058539772,123
Tdc2-F-200070,135,48,87,379,48,87,0.0031888780535402456,3.59596552083552e-06,9.73650905746361e-06,0.006783578714637455,125
Tdc2-F-300000,390,112,278,2020,112,278,0.006719538272054996,7.018824164421903e-06,1.6316020012099197e-05,0.019597005175619315,306
Tdc2-F-300001,282,12,270,1506,12,270,0.0010833732731926322,1.913608787656834e-07,7.979472921084058e-06,0.014170142203909351,255
Tdc2-F-300002,757,548,209,3223,548,209,0.01991225119938517,2.2432388323693616e-05,0.00013970941928275016,0.03803828953318929,352
Tdc2-F-300003,548,139,409,2806,139,409,0.010527255885300076,2.881503821547146e-05,2.1898885197887937e-05,0.027536304708306116,352
Tdc2-F-300004,417,69,348,4346,69,348,0.0011540784131365421,3.927302923200052e-06,1.5785877859835604e-05,0.020953720918546807,241
Tdc2-F-300005,387,244,143,2611,244,143,0.003585902804524243,2.2482791037081472e-05,3.987950466829897e-05,0.019446258981960705,241
Tdc2-F-300006,348,26,322,1370,26,322,0.0009150712806953382,0.00015378473046400703,1.6685930922404925e-05,0.017486558464398776,313
Tdc2-F-300007,290,96,194,1479,96,194,0.004718210268571167,1.7720424468344377e-05,1.9622395858325235e-05,0.014572132053665645,260
Tdc2-F-300008,557,56,501,3181,56,501,0.002560015371142102,3.997302693963994e-06,1.5127488323906482e-05,0.027988543289281947,352
Tdc2-F-300009,437,305,132,3399,305,132,0.0031755061413840436,1.0135810624170913e-05,6.1803067375544e-05,0.021958695542937542,241
Tdc2-F-300010,341,227,114,1941,227,114,0.0038226844316855586,4.753710736351842e-06,3.2805145766039574e-05,0.017134817345862016,241
Tdc2-F-300011,415,127,288,2746,127,288,0.0014761373398376873,1.0304626715945235e-06,2.3441716718178423e-05,0.020853223456107732,241
Tdc2-F-300012,410,101,309,2627,101,309,0.0013184474119601766,2.0633511297542126e-06,1.4542006855527834e-05,0.02060197980001005,241
Tdc2-F-300013,378,257,121,2557,257,121,0.0036882797008217835,1.9063884128098814e-05,3.925812867755263e-05,0.018994020400984874,241
Tdc2-F-300014,267,36,231,1559,36,231,0.0016457458341730376,1.0227232733845508e-05,1.1027415558395544e-05,0.0134164112356163,255
Tdc2-F-300015,2989,2288,701,28350,2288,701,0.06200514089143614,0.00018953332599702167,0.0003772792187951981,0.1501934576151952,352
Tdc2-F-300016,394,168,226,3866,168,226,0.0016739401563978988,2.818380483854796e-06,3.762428450833295e-05,0.019798000100497464,241
Tdc2-F-300017,421,172,249,3006,172,249,0.0020078224117207437,4.3021598865667434e-06,2.6018070881443443e-05,0.021154715843424952,241
Tdc2-F-300018,511,397,114,4478,397,114,0.005021842755745039,4.5392523951554345e-05,9.944583700928521e-05,0.02567710165318326,241
Tdc2-F-300019,406,222,184,2042,222,184,0.003283526241822359,3.026950171160039e-05,3.068485468867809e-05,0.0204009848751319,241
Tdc2-F-300020,429,262,167,3838,262,167,0.004195399586810939,2.030907339519682e-05,5.414802361737363e-05,0.021556705693181247,241
Tdc2-F-300021,435,297,138,4083,297,138,0.004250567670818539,5.286930728093914e-05,7.561173731017746e-05,0.021858198080498468,241
Tdc2-F-300022,434,189,245,3647,189,245,0.002125336961311096,1.014135703729489e-05,3.930945101290008e-05,0.021807949349278932,241
Tdc2-F-300023,395,203,192,3777,203,192,0.002103718531065705,5.69261807717482e-06,4.362738850336046e-05,0.019848248831717,238
Tdc2-F-300024,411,253,158,3533,253,158,0.003780978924756811,6.702891791875044e-06,4.336646165654209e-05,0.020652228531229586,241
Tdc2-F-300025,518,353,165,4658,353,165,0.003896274941156228,6.346691603702276e-05,9.413986402699475e-05,0.026028842771720014,241
Tdc2-F-300026,262,51,211,1586,51,211,0.0013662305763235047,1.0627527443402945e-05,1.4390286105095615e-05,0.013165167579518617,230
Tdc2-F-300028,467,183,284,2815,183,284,0.0018451681387531415,3.277859609981605e-06,2.5696091928390192e-05,0.02346615747952364,241
Tdc2-F-300029,342,123,219,1775,123,219,0.005842029515036358,8.674611934961633e-05,2.095707205330121e-05,0.017185066077081555,306
Tdc2-F-300030,393,261,132,3664,261,132,0.00400243293065046,7.0022905991074234e-06,5.518341125549855e-05,0.019747751369277925,241
Tdc2-F-300031,617,56,561,5250,56,561,0.0022786124284730194,1.8162920098866007e-05,1.4103567382474388e-05,0.031003467162454147,352
Tdc2-F-300032,459,40,419,4170,40,419,0.00029721958052464386,9.590655243675138e-07,1.2577887499673524e-05,0.02306416762976735,241
Tdc2-F-300033,707,648,59,4302,648,59,0.01873860918002893,4.409151776774695e-05,6.944122222965567e-05,0.03552585297221245,352
Tdc2-F-300034,199,75,124,692,75,124,0.00281323534677594,5.646970466342677e-05,2.1510270583417918e-05,0.009999497512687805,193
Tdc2-F-300035,472,282,190,3073,282,190,0.004675161044468492,4.023049596663467e-06,3.926436751657585e-05,0.023717401135621326,241
Tdc2-F-300036,496,31,465,2436,31,465,0.0016042148871241585,8.431080143374561e-06,1.1395728949119489e-05,0.024923370684890207,352
Tdc2-F-300037,2360,1674,686,20791,1674,686,0.003596551074849337,1.527371589980837e-05,0.001620480482452597,0.11858700567810662,287
Tdc2-F-300038,317,36,281,1445,36,281,0.0027239908498462705,8.323259119022356e-07,9.564831158185719e-06,0.015928847796593135,266
Tdc2-F-300039,2984,2255,729,32250,2255,729,0.06153063610431083,0.00018649447593697003,0.0003367938488353215,0.14994221395909754,352
Tdc2-F-300040,1965,1411,554,15274,1411,554,0.0026956174152164944,9.31834625155137e-06,0.0009760267624832883,0.09873875684638962,267
Tdc2-F-300041,2466,2142,324,17417,2142,324,0.05736651423276265,0.0001635899498353615,0.00026855505145593356,0.12391337118737752,352
Tdc2-F-300042,278,104,174,1231,104,174,0.0074412235198974795,5.6471463672213094e-05,1.6652753433696087e-05,0.013969147279031204,265
Tdc2-F-300043,394,276,118,2723,276,118,0.0036595196183515535,6.6315998798531064e-06,4.4600983555598606e-05,0.019798000100497464,241
Tdc2-F-300044,162,98,64,484,98,64,0.007614422560652536,3.3532166998370664e-06,1.4592091502842426e-05,0.008140294457564947,144
Tdc2-F-300045,140,59,81,450,59,81,0.004775292493007107,1.362987191680082e-06,1.017460318946261e-05,0.007034822370735139,129
Tdc2-F-400000,431,289,142,3269,289,142,0.00484283922081663,5.606248985886992e-06,4.519647089609091e-05,0.021657203155620322,241
Tdc2-F-400001,535,293,242,3854,293,242,0.005877363136724937,1.198014223482721e-05,7.04829694782995e-05,0.02688307120245214,255
Tdc2-F-400002,255,50,205,1042,50,205,0.002297943355312038,3.0027205078576475e-05,1.1639125272705185e-05,0.01281342646098186,235
Tdc2-F-400003,362,246,116,2096,246,116,0.003730780223651246,1.8004541467144002e-05,3.7715085671058335e-05,0.018190040701472288,239
Tdc2-F-400005,581,9,572,5103,9,572,7.152745240633826e-05,6.75832292635448e-08,8.106726435438267e-06,0.02919451283855083,352
Tdc2-F-400006,498,240,258,3322,240,258,0.002854118717403919,4.436725340765531e-06,3.290259908925008e-05,0.02502386814732928,241
Tdc2-F-400007,452,352,100,3047,352,100,0.005498008106566276,1.5629444586735088e-05,7.132357947036021e-05,0.02271242651123059,241
Tdc2-F-400008,296,84,212,1803,84,212,0.004678879846157301,3.946707147764936e-05,1.4325032975338866e-05,0.014873624440982865,261
Tdc2-F-400009,475,32,443,3289,32,443,0.0017204061842394799,4.2737263337607135e-06,9.135972915970925e-06,0.023868147329279936,352
Tdc2-F-400010,406,115,291,3104,115,291,0.0006306576787666106,3.079009451502503e-06,3.8775392081308935e-05,0.0204009848751319,241
Tdc2-F-400011,435,156,279,2871,156,279,0.002694072410831997,2.5386935872621195e-06,2.21873849298708e-05,0.021858198080498468,241
Tdc2-F-400012,340,193,147,2461,193,147,0.002361290602048604,4.811937284112357e-06,3.432810730852437e-05,0.01708456861464248,235
Tdc2-F-400013,191,36,155,1152,36,155,0.0014169003483719318,8.871681688696706e-07,1.0256183137047863e-05,0.009597507662931512,190
Tdc2-F-400014,449,85,364,2083,85,364,0.005609484167297164,4.42321875694921e-05,1.3662196604817305e-05,0.02256168031757198,352
Tdc2-F-400015,2902,2063,839,22058,2063,839,0.05700134960399676,0.0001306511633714024,0.0002382987468076017,0.14582181799909552,352
Tdc2-F-400016,350,242,108,2997,242,108,0.0031816201339317095,8.315146479196334e-06,4.663749805284256e-05,0.017587055926837847,241
Tdc2-F-400017,415,227,188,3104,227,188,0.003593245350970521,3.6639834274290045e-06,3.4719384700877325e-05,0.020853223456107732,241
Tdc2-F-400018,540,367,173,3214,367,173,0.0058343462951818675,5.873480417591644e-05,5.629195011421945e-05,0.02713431485854982,262
Tdc2-F-400019,121,17,104,550,17,104,0.0009459992950848901,4.480430701881299e-06,8.516631956901012e-06,0.006080096477563942,113
Tdc2-F-400020,567,267,300,4087,267,300,0.003058165622087744,3.493595564298687e-05,9.708643927074667e-05,0.028491030601477313,241
Tdc2-F-400021,512,237,275,5698,237,275,0.0025145888959682275,9.467110601430354e-06,8.865575919993653e-05,0.025727350384402794,241
Tdc2-F-400023,188,21,167,701,21,167,0.0013483951727000958,4.973754656159935e-07,8.456105114724188e-06,0.009446761469272901,140
Tdc2-F-400024,557,354,203,4378,354,203,0.0044335148921872325,6.398270912593081e-05,8.88282341752242e-05,0.027988543289281947,241
Tdc2-F-400025,420,75,345,3021,75,345,0.0005963731051947089,5.430440480784572e-07,2.1948950732927376e-05,0.021104467112205417,241
Tdc2-F-400026,2124,1179,945,24080,1179,945,0.007415515859597844,0.00022809204034799922,0.00026645841310344085,0.10672830511029596,348
Tdc2-F-500000,621,47,574,5564,47,574,0.0018382551410411343,3.576331274247002e-05,1.7034224731031154e-05,0.031204462087332296,352
Tdc2-F-500001,393,203,190,2825,203,190,0.0027012713552591588,4.790401904262052e-06,3.7749203749831244e-05,0.019747751369277925,241
Tdc2-F-500002,348,221,127,2138,221,127,0.0029821163254654835,2.1037971334663183e-05,3.721905358271803e-05,0.017486558464398776,239
Tdc2-F-500003,271,129,142,1124,129,142,0.0014720340879874132,1.2786980322753663e-05,6.57585781670373e-05,0.013617406160494448,175
Tdc2-F-500004,200,31,169,750,31,169,0.00275749935539613,9.8057585779636e-07,9.398773079857716e-06,0.01004974624390734,170
Tdc2-F-600000,429,80,349,1930,80,349,0.004161749946321982,2.9298213045520478e-05,1.5592270547451632e-05,0.021556705693181247,352
Tdc2-F-700000,235,51,184,1558,51,184,0.0024163205437862535,5.6217580425917475e-06,1.652249521738127e-05,0.011808451836591126,211
TH-F-000000,411,89,322,3127,89,322,0.0007232873770736983,2.490826595019733e-06,1.7152183148162388e-05,0.020652228531229586,280
TH-F-000001,215,140,75,924,140,75,0.0004237114649337964,9.081223001006334e-07,7.16917111759691e-05,0.010803477212200392,133
TH-F-000002,204,50,154,1161,50,154,0.00021608290607406957,3.71524384131013e-07,1.6341551643025007e-05,0.010250741168785488,126
TH-F-000003,1610,400,1210,16025,400,1210,0.003805069936756911,1.523477288054106e-05,7.24604246484834e-05,0.0809004572634541,331
TH-F-000005,1684,1308,376,19157,1308,376,0.024240882369586353,0.0008367940755455152,0.00042461979929726444,0.08461886337369981,345
TH-F-000006,840,98,742,5426,98,742,0.0014748915499134252,2.0126096701836565e-05,1.6478117713657334e-05,0.042208934224410834,236
TH-F-000007,1497,581,916,15091,581,916,0.0040537139191417606,0.00033467519836249493,0.00015269075319015172,0.07522235063564645,331
TH-F-000008,462,378,84,2252,378,84,0.008201326795788692,4.334882441096396e-06,3.223599023893513e-05,0.02321491382342596,289
TH-F-000009,1615,859,756,13687,859,756,0.013268097513326721,0.0004912796995764151,0.00042370445695819286,0.08115170091955178,336
TH-F-000010,542,214,328,4602,214,328,0.002441773159790067,3.716460726525949e-05,3.6073097578057944e-05,0.027234812320988896,235
TH-F-000011,1675,1094,581,22000,1094,581,0.025799761222384775,0.0008611170768623344,0.0005391768506274273,0.08416662479272398,331
TH-F-000012,1352,130,1222,14251,130,1222,0.0013943192012148243,5.2956437894343704e-06,1.6993727354318524e-05,0.06793628460881362,252
TH-F-000013,833,361,472,6241,361,472,0.0027281560338339485,7.064975765016503e-05,0.0001311936990420749,0.041857193105874074,295
TH-F-000014,568,24,544,4413,24,544,0.0002921303257500919,3.899102213072999e-06,9.002361779328303e-06,0.02854127933269685,302
TH-F-000016,517,390,127,9795,390,127,0.007403946036716631,0.00045239242417933627,0.00020129880685675278,0.02597859404050048,317
TH-F-000017,31,14,17,166,14,17,3.8306071800868286e-05,4.910397276064062e-07,1.3531652174905927e-05,0.001557710667805638,29
TH-F-000018,753,482,271,10233,482,271,0.01723195525099399,0.0005077456285308952,0.0002680963121479344,0.03783729460831114,283
TH-F-000020,1789,458,1331,12674,458,1331,0.004394472057285863,0.0001343708193023087,0.0003736672145110498,0.08989498015175117,352
TH-F-000021,1086,248,838,9822,248,838,0.0029314096616211123,0.0009460639851327432,0.0001029062201072254,0.05457012210441686,285
TH-F-000023,646,378,268,3558,378,268,0.00797781906296472,0.0001039285139482809,0.0001226112870757056,0.03246068036782071,296
TH-F-000025,1310,367,943,9071,367,943,0.0038066498399193615,0.0001331499949236515,0.00046111954186242864,0.06582583789759308,298
TH-F-000026,88,69,19,356,69,19,0.00048074166461598656,4.5419227938994475e-05,2.4814693775451273e-05,0.00442188834731923,82
TH-F-000027,425,220,205,3841,220,205,0.0022879944521283827,1.9909267719737433e-05,5.793710604625267e-05,0.0213557107683031,231
TH-F-000029,407,258,149,2043,258,149,0.004956148366566008,0.00043215077789064693,0.00012870317571621537,0.02045123360635144,242
TH-F-000030,952,90,862,7232,90,862,0.0007619960223451321,1.749765455695573e-05,1.6005707770748073e-05,0.04783679212099894,235
TH-F-000031,605,22,583,5629,22,583,0.0002656420010584749,1.9719135809558635e-07,8.127098655152829e-06,0.030400482387819706,309
TH-F-000032,330,152,178,1674,152,178,0.000711518218601356,1.5179564806190862e-06,5.707159231532654e-05,0.016582081302447114,144
TH-F-000034,521,322,199,3900,322,199,0.004727341288672183,9.090998158253407e-05,4.749535454132994e-05,0.026179588965378624,236
TH-F-000035,714,365,349,5203,365,349,0.004538297495378194,0.0007220562179993588,0.00020750581328662132,0.035877594090749206,331
TH-F-000037,1734,451,1283,16285,451,1283,0.006196694806323599,0.0017048818836781696,0.00028126180474924884,0.08713129993467665,331
TH-F-000038,279,193,86,1981,193,86,0.0006321129787149388,1.3311831792924868e-06,0.00011446297052865466,0.014019396010250741,128
TH-F-000039,174,71,103,864,71,103,0.0008056409467844213,4.106422133985095e-05,2.397279517260485e-05,0.008743279232199388,136
TH-F-000040,1366,597,769,12881,597,769,0.003114560998786606,0.0004737583890080316,0.0002896635040883189,0.06863976684588714,318
TH-F-000041,770,371,399,6212,371,399,0.0037714406961358387,0.0002453093684607454,0.00036153071147659584,0.03869152303904327,310
TH-F-000042,172,61,111,1117,61,111,0.0004322451116785857,7.278803156215991e-06,1.938971102090023e-05,0.008642781769760313,127
TH-F-000043,991,366,625,8143,366,625,0.00443591799954747,0.00036497750782723447,0.0002559965368006577,0.049796492638560876,331
TH-F-000044,1069,30,1039,7314,30,1039,0.0002752676518812675,4.910386028945486e-07,1.3370662074766951e-05,0.05371589367368474,331
TH-F-000047,393,170,223,2280,170,223,0.0013724055710738637,1.072039927180151e-05,3.119047115487984e-05,0.019747751369277925,226
TH-F-000048,2206,1801,405,18187,1801,405,0.050474350869882285,0.00025630692942505844,0.0018604745051144917,0.11084870107029797,352
TH-F-000050,249,91,158,1255,91,158,0.0011174175156518692,2.1301391803360078e-06,2.2816730833862422e-05,0.01251193407366464,192
TH-F-000051,1340,1293,47,20049,1293,47,0.011769972343520107,0.00021388513764571034,0.0008715095624622511,0.06733329983417918,302
TH-F-000052,1031,603,428,11149,603,428,0.00796825255430945,0.0015506344723746038,0.0004642525035058114,0.05180644188734235,328
TH-F-000053,796,340,456,7754,340,456,0.013038392950290653,3.475352580941024e-05,0.00013398709154944342,0.03999799005075122,272
TH-F-000054,21,4,17,113,4,17,2.1538512212608538e-06,7.254794090254006e-09,1.0135003422002726e-05,0.001055223355610271,21
TH-F-000055,91,69,22,540,69,22,0.0003994410415224985,3.5247508867930643e-06,5.7144931145451766e-05,0.0045726345409778405,65
TH-F-000056,984,161,823,5615,161,823,0.001485368547882726,3.388191229215065e-05,9.407698029417887e-05,0.049444751520024116,331
TH-F-000057,667,71,596,2732,71,596,0.0014361574660983775,7.554849013421684e-06,1.1077759944205401e-05,0.03351590372343098,346
TH-F-000058,230,85,145,1479,85,145,0.0006006765286182389,1.0285866345356798e-05,2.0515392637179144e-05,0.011557208180493442,146
TH-F-000059,590,375,215,4039,375,215,0.009426671989950414,5.7174246837600224e-05,8.593456340067868e-05,0.029646751419526655,295
TH-F-000060,925,721,204,8810,721,204,0.016224467724155044,0.00012331838587828462,0.0002151552164600279,0.04648007637807145,331
TH-F-000062,1895,1135,760,19961,1135,760,0.01244587860227078,0.0009618913898630993,0.0003753816184283428,0.09522134566102206,331
TH-F-000063,16,14,2,78,14,2,4.174760839881561e-05,4.07149047319757e-08,4.77047997344336e-05,0.0008039796995125873,14
TH-F-000064,217,26,191,1468,26,191,0.00023299117655918537,2.703017055888599e-07,1.0868908815782484e-05,0.010903974674639466,129
TH-F-000065,403,108,295,1957,108,295,0.0024445912279066227,2.156364973885892e-06,1.4465413399850252e-05,0.02025023868147329,293
TH-F-000066,1688,725,963,9597,725,963,0.014436448954607706,0.00013480690878823828,8.177023773477376e-05,0.08481985829857797,352
TH-F-000067,1817,509,1308,12248,509,1308,0.007859875817780705,0.0011396027764258875,0.00013029570853559573,0.09130194462589819,335
TH-F-000068,678,211,467,4362,211,467,0.009930196395228807,6.347020078294565e-05,4.275625778794995e-05,0.03406863976684589,337
TH-F-000069,786,358,428,5813,358,428,0.014442628731838348,0.00017175217745842245,8.993353904749869e-05,0.03949550273855585,349
TH-F-000070,675,545,130,6001,545,130,0.015407546721682102,0.00013216277052853563,0.0001409903505210745,0.03391789357318728,326
TH-F-000073,1638,574,1064,13261,574,1064,0.006923570317291391,7.563355804125815e-05,0.0003921775152757981,0.08230742173760112,331
TH-F-000074,646,2,644,6208,2,644,2.1551957403094816e-05,2.515376105732171e-07,2.0230636989758095e-05,0.03246068036782071,317
TH-F-000075,738,696,42,9939,696,42,0.015971911474497523,0.0003014035230582601,0.00030855810650115556,0.03708356364001809,318
TH-F-000076,1546,357,1189,12481,357,1189,0.006130809233563154,8.013877742873337e-05,8.474217613373994e-05,0.07768453846540375,331
TH-F-000077,714,316,398,5223,316,398,0.012569646665242452,0.0001059854036601952,6.947559324098625e-05,0.035877594090749206,348
TH-F-000080,1066,161,905,6648,161,905,0.0026137702136868318,2.4077647805362e-05,3.065832908311164e-05,0.05356514748002613,352
TH-F-000081,1810,920,890,25706,920,890,0.014037809748156332,0.0073199874846231715,0.0006944059474496757,0.09095020350736144,348
TH-F-000082,815,411,404,5723,411,404,0.004648260584805014,0.00013802656947352655,8.591357498966827e-05,0.04095271594392241,321
TH-F-000083,362,154,208,1961,154,208,0.0020973667543390537,7.303434423609868e-06,2.505162414611141e-05,0.018190040701472288,229
TH-F-000084,1177,48,1129,9275,48,1129,0.0006948641177277153,7.077366273646785e-06,1.0591284264928829e-05,0.0591427566453947,331
TH-F-000085,729,91,638,4197,91,638,0.0014809130205567051,2.8841984179352588e-05,1.6278607868551514e-05,0.036631325059042256,229
TH-F-000087,1126,232,894,12895,232,894,0.004628936661071529,3.700490536040499e-05,4.9363171958031874e-05,0.056580071353198334,352
TH-F-000089,1011,819,192,8353,819,192,0.011285516714236023,0.0006028950692754928,0.00021980363356697075,0.05080146726295161,331
TH-F-000091,867,175,692,7210,175,692,0.0024577530113730575,3.5512092312565925e-05,4.27800028582816e-05,0.043565649967338325,236
TH-F-000095,1347,15,1332,11427,15,1332,0.00011934352665282568,1.9987780170764608e-07,9.262530147414416e-06,0.06768504095271595,331
TH-F-000096,1718,1353,365,22675,1353,365,0.014349448663847363,0.0010713359953105767,0.0006169215286488353,0.08632732023516407,331
TH-F-000098,1259,27,1232,8719,27,1232,0.0001694635982896192,1.015073178303459e-06,8.759040905159299e-06,0.06326315260539671,331
TH-F-000099,631,73,558,3471,73,558,0.0005230558143025961,8.987329088184265e-07,1.0913562105954907e-05,0.03170694939952766,231
TH-F-000100,1450,757,693,16221,757,693,0.008725397443252472,0.00018979789262821214,0.0005402027927360339,0.07286066026832823,298
TH-F-000101,809,133,676,5239,133,676,0.0015645301332015654,2.368758754223104e-05,1.8692364866544042e-05,0.04065122355660519,232
TH-F-000102,1449,444,1005,11447,444,1005,0.0064040855206053205,0.006156672599309732,0.0001144554171396484,0.07281041153710868,348
TH-F-000103,865,188,677,4175,188,677,0.002380336484820559,2.9340035653441012e-05,5.644798713787007e-05,0.043465152504899254,349
TH-F-000104,1722,763,959,14699,763,959,0.010354199130736477,0.006474505895236626,0.0002393382151048147,0.08652831516004221,347
TH-F-000106,832,152,680,5051,152,680,0.0025403022929900037,2.3892441726373454e-05,2.4231457112050637e-05,0.04180694437465454,236
TH-F-100000,826,279,547,6647,279,547,0.009768946561002039,4.350744080200577e-05,5.0334897521041235e-05,0.04150545198733732,347
TH-F-100003,1167,22,1145,10979,22,1145,0.00010138634073383841,1.2159042366097635e-07,8.168241699461817e-06,0.05864026933319934,331
TH-F-100004,225,15,210,1161,15,210,1.8627939258151737e-05,3.4504814134052736e-09,1.0403602627852801e-05,0.01130596452439576,141
TH-F-100006,240,159,81,1889,159,81,0.0008615452070953376,5.41114173202985e-06,0.00011030518586362386,0.01205969549268881,137
TH-F-100007,368,17,351,2232,17,351,0.00019557375944875396,4.543196381349776e-06,9.096235632155625e-06,0.018491533088789508,209
TH-F-100008,504,300,204,3814,300,204,0.005515431549927152,0.00012977971278544154,5.427203716431565e-05,0.0253253605346465,236
TH-F-100009,682,94,588,4267,94,588,0.0011703767607569606,1.6611772614829425e-05,1.5096552981476044e-05,0.03426963469172403,232
TH-F-100012,749,107,642,4847,107,642,0.0019694465996564353,1.4520707024345479e-05,1.7994590418526235e-05,0.037636299683432996,233
TH-F-100013,868,83,785,4320,83,785,0.0013203988857738646,8.238532759772098e-06,1.8863503654288172e-05,0.043615898698557864,349
TH-F-100014,1036,108,928,9861,108,928,0.0020338811492823755,8.64311535443503e-06,1.670410636986734e-05,0.05205768554344003,352
TH-F-100016,669,383,286,5004,383,286,0.012687070732649436,0.00014205769800538812,7.993593048276145e-05,0.03361640118587006,329
TH-F-100017,230,146,84,2003,146,84,0.0010785438466976442,6.3327664517449326e-06,0.00011899374637636115,0.011557208180493442,141
TH-F-100018,1457,187,1270,13635,187,1270,0.0027387811861108685,0.0004852927922066714,8.295220588357106e-05,0.07321240138686498,331
TH-F-100020,1854,1387,467,21388,1387,467,0.015874224822242596,0.0016839354304179906,0.0004369921755810055,0.09316114768102106,331
TH-F-100022,991,314,677,7623,314,677,0.01157118417813512,8.419761791529305e-05,9.095065692730661e-05,0.049796492638560876,349
TH-F-100024,946,24,922,7806,24,922,4.7154863496674e-05,6.545462011189695e-08,1.3306026805238934e-05,0.04753529973368172,271
TH-F-100026,1499,793,706,14053,793,706,0.0084894180206367,0.00015475582472945033,0.0004120239581100467,0.07532284809808552,331
TH-F-100027,490,205,285,4814,205,285,0.0018910812355695554,2.9267282310829203e-05,7.060474251406621e-05,0.024621878297572987,231
TH-F-100029,1343,680,663,10688,680,663,0.019604989444764978,0.00012434532364663132,0.00013799273392501893,0.0674840460278378,352
TH-F-100030,920,717,203,5206,717,203,0.009405674709780364,6.654602154542672e-05,0.0003770366187774913,0.04622883272197377,318
TH-F-100032,242,83,159,805,83,159,0.001874416072790229,1.1817828406706163e-05,1.2715794523495962e-05,0.012160192955127883,191
TH-F-100034,630,331,299,4415,331,299,0.008923265167869659,5.392342916543808e-05,8.79674454674301e-05,0.03165670066830813,241
TH-F-100035,980,24,956,8901,24,956,0.0003132189885065279,3.084998707897656e-07,1.1151456883999802e-05,0.049243756595145974,352
TH-F-100036,644,394,250,5800,394,250,0.007380791209617571,0.00010631102837241553,6.25311056120027e-05,0.03236018290538164,241
TH-F-100037,1176,30,1146,11943,30,1146,0.00037962540601589844,6.929133733943632e-06,1.1071685867945154e-05,0.05909250791417517,331
TH-F-100038,3359,2444,915,43010,2444,915,0.06577855712760206,0.0002533907395133435,0.0005070045053476882,0.1687854881664238,352
TH-F-100039,348,71,277,2380,71,277,0.0006092251303231995,3.875418141629829e-06,1.9833657845918894e-05,0.017486558464398776,221
TH-F-100041,578,234,344,4110,234,344,0.003067002692702713,4.647594152100811e-05,5.176204095053685e-05,0.029043766644892218,235
TH-F-100045,1241,11,1230,12590,11,1230,8.057547044411024e-05,2.957091648928509e-07,9.532066166389938e-06,0.062358675443445054,331
TH-F-100046,1679,499,1180,14149,499,1180,0.002921480098464174,3.927098661910318e-05,0.00017223178838031165,0.08436761971760214,255
TH-F-100047,978,19,959,9005,19,959,0.00031665017181015104,1.0337613885437238e-05,9.293135378453953e-06,0.049143259132706896,331
TH-F-100048,2193,1145,1048,11185,1145,1048,0.027731553152031636,8.273216363490942e-05,0.00011246283944485669,0.110195467564444,352
TH-F-100050,3223,2822,401,26537,2822,401,0.07349486074391072,0.0005983353534901633,0.0005387333738656469,0.1619516607205668,352
TH-F-100052,710,253,457,6444,253,457,0.010053400557262795,2.9116826991724823e-05,0.00011479872003817516,0.03567659916587106,248
TH-F-100053,3395,2424,971,31664,2424,971,0.06515067277159026,0.0001801310930463289,0.000312659188197929,0.17059444249032713,352
TH-F-100054,356,174,182,2993,174,182,0.001319186839893297,1.4458955490718367e-05,4.884992020706397e-05,0.017888548314155067,219
TH-F-100055,853,104,749,5758,104,749,0.0007938511803044323,1.8442064282548482e-05,1.8180418199855773e-05,0.042862167730264814,235
TH-F-100056,764,69,695,4763,69,695,0.0007555147724752651,1.6624857347507687e-05,1.4070799014803427e-05,0.03839003065172605,231
TH-F-100057,316,119,197,1581,119,197,0.00028746608505408807,2.2102332332939318e-07,5.730308529567241e-05,0.0158785990653736,148
TH-F-100058,1216,27,1189,7152,27,1189,3.7291151973547685e-05,7.448399955211071e-07,1.438474635765585e-05,0.06110245716295663,275
TH-F-100060,757,95,662,4588,95,662,0.0015707583259495805,6.6816564385662005e-06,1.7904040777223337e-05,0.03803828953318929,236
TH-F-100061,1855,1461,394,22379,1461,394,0.019101859464306144,0.0007736505893416485,0.0004816338632035643,0.09321139641224059,347
TH-F-100062,925,660,265,11628,660,265,0.014363145948255605,0.0004186842733510873,0.00022069504968405635,0.04648007637807145,290
TH-F-100065,1898,1551,347,21652,1551,347,0.019368723322600992,0.0008822696582128053,0.00047531659536317764,0.09537209185468067,331
TH-F-100067,847,295,552,6092,295,552,0.0030204499257487616,0.00025466586792642447,0.0002121787164894011,0.04256067534294759,308
TH-F-100069,387,216,171,1977,216,171,0.0029115249012416976,0.0008450601711378994,1.888471966630734e-05,0.019446258981960705,327
TH-F-100070,960,97,863,6721,97,863,0.0007507446744329765,2.0872737583864522e-05,1.7217495552086638e-05,0.04823878197075524,234
TH-F-100071,1260,627,633,12137,627,633,0.002804398477240155,4.854679390589987e-05,0.00027279039009769733,0.06331340133661625,296
TH-F-100072,388,218,170,3202,218,170,0.0033631305175169544,2.229366669851666e-05,6.071482950470448e-05,0.019496507713180244,231
TH-F-100073,2081,1230,851,20477,1230,851,0.012230101365677516,0.0006499882561394784,0.0003590754959506996,0.10456760966785589,331
TH-F-100074,386,188,198,3704,188,198,0.0016668352302230149,2.5263319775871837e-05,5.627433698145783e-05,0.01939601025074117,223
TH-F-100077,626,292,334,3376,292,334,0.007489942957683042,2.6466493994121827e-05,3.38545532265187e-05,0.03145570574342998,249
TH-F-100078,759,167,592,4339,167,592,0.002549360573831979,2.406602289370921e-05,2.7768104861262606e-05,0.03813878699562836,233
TH-F-100079,1133,81,1052,8406,81,1052,0.0002735955293919045,1.2256772502765122e-06,3.410779617355599e-05,0.05693181247173509,296
TH-F-100080,280,62,218,1341,62,218,0.0006877691515382364,1.6379916402840567e-06,1.1380911923499964e-05,0.014069644741470278,211
TH-F-100081,635,520,115,4801,520,115,0.007195726752877357,0.006606728157772858,9.6412743702957e-05,0.03190794432440581,348
TH-F-100083,747,143,604,4377,143,604,0.0024355692754271093,7.771879711995596e-06,2.261712488192186e-05,0.03753580222099392,235
TH-F-100084,1464,285,1179,10941,285,1179,0.004506227349099882,4.3646671741245685e-05,4.2628847818497806e-05,0.07356414250540173,331
TH-F-100086,753,157,596,4733,157,596,0.003840343109909177,1.9387727893311515e-05,2.7143477153549546e-05,0.03783729460831114,235
TH-F-100087,1314,86,1228,7513,86,1228,0.0012731702185680292,4.163107777436966e-06,1.5900170322350218e-05,0.06602683282247124,352
TH-F-100088,1052,378,674,7852,378,674,0.005884087275540716,4.400822208930007e-05,0.0001333134021778129,0.05286166524295262,352
TH-F-100090,2346,1349,997,27850,1349,997,0.01914932750846607,0.005604899734671521,0.0008370887370071687,0.11788352344103312,348
TH-F-100091,662,92,570,3431,92,570,0.0015475172045519455,1.3066187566225294e-05,1.6971807713615343e-05,0.0332646600673333,231
TH-F-100092,581,343,238,3309,343,238,0.005475502644256041,4.720314179149603e-05,0.00010824348640129108,0.02919451283855083,318
TH-F-100093,750,174,576,5001,174,576,0.004258835201147809,0.00010717457197789532,3.935970447627241e-05,0.03768654841465253,276
TH-F-100094,2154,173,1981,13969,173,1981,0.0035012395956776467,1.249603474664961e-05,2.1822633281940734e-05,0.10823576704688206,352
TH-F-100095,733,81,652,3883,81,652,0.0015010657164550717,2.308224911811626e-05,1.4142879117501507e-05,0.036832319983920406,235
TH-F-100097,1879,1325,554,21814,1325,554,0.014995084502733635,0.0008784929631695098,0.0004567307240249041,0.09441736596150947,331
TH-F-100098,594,358,236,4708,358,236,0.013527195174113616,0.00012403509265703665,9.19480055071671e-05,0.029847746344404805,323
TH-F-100099,646,139,507,3890,139,507,0.004261688525757084,2.407056604081953e-05,2.3273265301624042e-05,0.03246068036782071,241
TH-F-100100,701,347,354,5697,347,354,0.01258759341849469,7.26924817609138e-05,8.411451774264879e-05,0.03522436058489523,334
TH-F-100101,1540,433,1107,13529,433,1107,0.0060334919457093175,0.0028148577561825498,0.00015258855774164255,0.07738304607808653,344
TH-F-100102,415,280,135,3682,280,135,0.004237503076405933,8.470584944996826e-05,7.677178177281052e-05,0.020853223456107732,231
TH-F-100103,1744,984,760,20273,984,760,0.009928505315851207,0.0007260683209496524,0.00031816133309696436,0.08763378724687201,331
TH-F-100104,827,126,701,6555,126,701,0.0024518218929966483,4.6818820730008855e-05,2.6425545224545527e-05,0.041555700718556854,235
TH-F-100105,1291,90,1201,10176,90,1201,0.0001319844052468025,9.417340322023404e-08,3.793093257368118e-05,0.06487111200442189,331
TH-F-100106,1249,619,630,10149,619,630,0.008009131679440314,0.00012682859221138608,0.0003749470071154702,0.06276066529320135,297
TH-F-100107,507,414,93,4349,414,93,0.0058535020631681,0.008899535532594524,6.478237466054994e-05,0.02547610672830511,348
TH-F-100108,1748,780,968,15730,780,968,0.006898691948458316,0.00031983238533568993,0.00017927849983252886,0.08783478217175017,331
TH-F-100109,1066,15,1051,6370,15,1051,8.535864783085154e-05,2.177755533369437e-07,8.78889737977257e-06,0.05356514748002613,285
TH-F-100110,1094,26,1068,7194,26,1068,0.0005926336654457283,6.973590172406874e-06,8.470409690460224e-06,0.054972111954173154,329
TH-F-100111,1929,965,964,23698,965,964,0.016174372866130146,0.0032781795960178696,0.0006119825362248737,0.09692980252248631,344
TH-F-100112,871,409,462,5298,409,462,0.013512886634698844,0.00010359406877157689,8.876222918224041e-05,0.043766644892216475,348
TH-F-100113,1339,624,715,10091,624,715,0.008860987534912098,6.275057251902095e-05,0.0005172630329639251,0.06728305110295965,312
TH-F-200000,16,3,13,51,3,13,3.851200160607107e-07,2.6456733108286854e-10,7.812318827941935e-06,0.0008039796995125873,16
TH-F-200002,425,213,212,3610,213,212,0.0026560370322493885,2.0188917613078428e-05,5.510424125271282e-05,0.0213557107683031,231
TH-F-200004,741,484,257,7854,484,257,0.013531177824500288,0.0005365767854346944,0.0001943165518393918,0.0372343098336767,290
TH-F-200005,53,6,47,200,6,47,7.160038123475904e-07,7.645620561258157e-11,8.286228103867539e-06,0.0026631827546354453,51
TH-F-200006,1048,174,874,6924,174,874,0.004746398528184988,8.367818773721288e-05,3.221947935765461e-05,0.05266067031807447,290
TH-F-200008,621,324,297,3482,324,297,0.004994784816773366,6.314365645145468e-05,0.00015049302919418087,0.031204462087332296,320
TH-F-200010,980,161,819,7732,161,819,0.003467840714602022,1.1386712562106519e-05,2.8297400820058625e-05,0.049243756595145974,238
TH-F-200011,1913,1323,590,22218,1323,590,0.01554437589986238,0.0008245779983397294,0.0005498190026466741,0.09612582282297372,331
TH-F-200012,543,153,390,3962,153,390,0.0038021345769508118,0.00013387705937015332,2.7987564605766845e-05,0.02728506105220843,229
TH-F-200014,3708,2896,812,29448,2896,812,0.07889347350974561,0.00024357269856268847,0.0004073469824412293,0.18632229536204212,352
TH-F-200015,1324,403,921,8334,403,921,0.007907646388387929,2.0082948231673677e-05,0.0002242356418992964,0.0665293201346666,352
TH-F-200017,688,397,291,4375,397,291,0.006289754496113156,6.745585770705757e-05,0.0001307436183295773,0.03457112707904125,318
TH-F-200018,1694,502,1192,15241,502,1192,0.007010703039876846,0.005458100386064462,0.00014502937738969168,0.08512135068589519,348
TH-F-200019,2276,1525,751,26766,1525,751,0.01882898037978843,0.004456533260598952,0.0005134895068306407,0.11436611225566555,348
TH-F-200021,1975,1009,966,23112,1009,966,0.013636658885836242,0.0027676545356221105,0.0007578940855577947,0.099241244158585,339
TH-F-200024,369,179,190,1402,179,190,0.002851580664681995,8.30087488147769e-06,5.424218525324271e-05,0.018541781820009044,224
TH-F-200025,1424,50,1374,13285,50,1374,0.0009564026848234425,5.155038682237767e-05,1.1994480027873412e-05,0.07155419325662027,331
TH-F-200026,573,207,366,6637,207,366,0.005194719968946659,2.7085737672201967e-05,0.00011329694499833663,0.028792522988794533,242
TH-F-200027,1028,121,907,7800,121,907,0.0015409306107589497,1.5580001997971833e-05,2.3145613242929527e-05,0.05165569569368374,352
TH-F-200030,601,258,343,5069,258,343,0.0068951211382220065,1.5171591684178348e-05,8.202171016834552e-05,0.03019948746294156,248
TH-F-200033,1069,194,875,6752,194,875,0.00528621710815584,3.2182413595787655e-05,4.498613765662969e-05,0.05371589367368474,325
TH-F-200034,757,109,648,5364,109,648,0.001283155636089306,3.5517433050153576e-06,1.6213062089702468e-05,0.03803828953318929,235
TH-F-200035,1434,35,1399,14598,35,1399,0.00040226192766462703,8.494895414625638e-06,9.261331363840377e-06,0.07205668056881563,331
TH-F-200036,1459,652,807,22446,652,807,0.009980766848576982,0.0008868511794216302,0.0005769574554229819,0.07331289884930406,331
TH-F-200037,846,98,748,5467,98,748,0.0005791756333361896,1.62722447501519e-06,1.4203128574525595e-05,0.042510426611728054,232
TH-F-200040,257,177,80,1408,177,80,0.0018490748042492816,8.542325601806017e-05,3.4374185623937445e-05,0.012913923923420934,206
TH-F-200041,1252,370,882,7809,370,882,0.005434799236236442,5.2068087202686814e-05,0.00012166923254650423,0.06291141148685996,352
TH-F-200043,1321,1165,156,10988,1165,156,0.02394776361003843,3.2360662860490105e-05,0.00013570450011120023,0.06637857394100799,352
TH-F-200046,772,535,237,8257,535,237,0.01524098891225334,0.0001859448355722491,0.00017273373360261483,0.03879202050148234,331
TH-F-200047,3708,2480,1228,31427,2480,1228,0.06698179493352596,0.00014237681420621308,0.00034315428608775687,0.18632229536204212,352
TH-F-200049,3394,2413,981,39251,2413,981,0.06513576393174626,0.00024188780927380168,0.0004329285093935338,0.1705441937591076,352
TH-F-200050,1174,801,373,15418,801,373,0.023492219465767638,0.00044548960929204,0.0002813370457444723,0.05899201045173609,352
TH-F-200051,1076,113,963,8800,113,963,0.0018872584759195637,1.1832947474193266e-05,2.2464442579091445e-05,0.05406763479222149,352
TH-F-200052,813,74,739,4908,74,739,0.0006470113419218351,2.4190102060250185e-05,1.4251207706273735e-05,0.04085221848148334,235
TH-F-200054,339,242,97,2557,242,97,0.004479738210867969,5.888279096619421e-06,4.076731446214082e-05,0.017034319883422945,241
TH-F-200055,3169,2324,845,23862,2324,845,0.06056507912653403,0.00010489619244698246,0.00024688974708927876,0.15923822923471181,352
TH-F-200056,629,345,284,3604,345,284,0.005561644297324593,5.606207911687816e-05,9.278957442949205e-05,0.03160645193708859,320
TH-F-200058,405,203,202,2503,203,202,0.002457958134708656,2.1891987971980638e-05,4.2622121610647116e-05,0.020350736143912366,230
TH-F-200059,522,197,325,2940,197,325,0.007582148435021077,0.00026276841412742726,4.1474137247551136e-05,0.02622983769659816,236
TH-F-200060,1043,77,966,9446,77,966,0.0006443958901579195,1.0876612112207547e-05,1.5263046831893496e-05,0.05240942666197679,352
TH-F-200061,864,510,354,5867,510,354,0.013777787986868437,5.330725069227224e-05,0.00010786135267485619,0.043414903773679715,352
TH-F-200062,736,463,273,7259,463,273,0.0069174782910897395,9.945398962623212e-05,0.00010789978425858439,0.036983066177579016,257
TH-F-200063,2628,1388,1240,20393,1388,1240,0.036915025231690456,0.00012149953650543244,0.00020407463029224241,0.13205366564494248,352
TH-F-200064,864,94,770,5511,94,770,0.0008830920758173647,3.0691239934702452e-06,1.493867971069813e-05,0.043414903773679715,233
TH-F-200066,373,287,86,2716,287,86,0.005239824095432413,5.803371747452463e-06,3.6601965776963384e-05,0.018742776744887193,241
TH-F-200067,1901,1211,690,19094,1211,690,0.010325624518924862,0.0003835054473855898,0.0006065261562122312,0.09552283804833928,331
TH-F-200069,1079,176,903,8407,176,903,0.003289737778726631,2.079059166344082e-05,5.889641871734493e-05,0.0542183809858801,352
TH-F-200071,2233,811,1422,20968,811,1422,0.022616015604723216,0.0008539998191316438,0.00019018716748955968,0.11220541681322546,352
TH-F-200072,809,250,559,5079,250,559,0.012247996759388915,6.971352017090489e-05,5.192091175747709e-05,0.04065122355660519,349
TH-F-200073,951,723,228,6222,723,228,0.01900378870242442,5.9640747241872266e-05,0.00012219187472471764,0.04778654338977941,352
TH-F-200075,1267,699,568,7851,699,568,0.020333210062381406,9.168320404435357e-05,0.00013138088522434815,0.063665142455153,352
TH-F-200076,778,126,652,4969,126,652,0.0023733653096445983,1.4731611417078666e-05,2.0916405398423403e-05,0.03909351288879956,238
TH-F-200077,813,106,707,5000,106,707,0.0012408865587376279,2.171134921202355e-05,1.9941366285380737e-05,0.04085221848148334,233
TH-F-200078,697,353,344,4955,353,344,0.012467525611216276,0.0001285525249776885,8.121585335684997e-05,0.03502336566001708,331
TH-F-200079,681,409,272,7001,409,272,0.006510754805566964,3.084347410205504e-05,0.00012432347751866564,0.0342193859605045,248
TH-F-200080,550,353,197,4323,353,197,0.004711541137569441,0.005885225770992005,5.819425866264837e-05,0.027636802170745187,348
TH-F-200081,741,118,623,5107,118,623,0.0013713413584158147,4.579548443944047e-06,1.7278176366685e-05,0.0372343098336767,236
TH-F-200082,377,184,193,2992,184,193,0.0023583748262442144,1.803572247072633e-05,4.6815892358725926e-05,0.01894377166976534,229
TH-F-200083,3515,2989,526,36142,2989,526,0.08344724775013948,0.00038041701691332884,0.0006432913779868597,0.17662429023667153,352
TH-F-200084,1061,187,874,7428,187,874,0.0027242630424023895,1.1054302517545275e-05,7.182387696810815e-05,0.05331390382392845,352
TH-F-200085,2745,2311,434,28163,2311,434,0.06300932435025224,0.0006378082164006643,0.0005427622932381533,0.13793276719762826,352
TH-F-200086,507,353,154,2588,353,154,0.004583301108434724,0.001847543632876635,4.8117255220365526e-05,0.02547610672830511,334
TH-F-200088,924,113,811,6270,113,811,0.0019741132894800706,2.7830070556408707e-05,2.3136413663313734e-05,0.04642982764685192,235
TH-F-200089,1118,420,698,9718,420,698,0.010764048640267275,0.0002426778989739932,0.0001295339591310183,0.056178081503442036,348
TH-F-200090,1322,6,1316,17820,6,1316,0.00036279135421290077,4.0437438132779717e-07,7.895239542907768e-06,0.06642882267222752,352
TH-F-200091,950,288,662,5322,288,662,0.004307813069179152,5.4011893176573706e-05,8.724525142558559e-05,0.04773629465855987,331
TH-F-200092,987,354,633,6711,354,633,0.012312255257702742,0.00011678873634610184,9.459132544888959e-05,0.049595497713682726,331
TH-F-200093,466,239,227,3524,239,227,0.003254497352729851,3.358335778750573e-05,3.863629668762476e-05,0.023415908748304105,233
TH-F-200094,1469,250,1219,17241,250,1219,0.012885046058021144,0.00010449974756770543,9.786938601195713e-05,0.07381538616149942,352
TH-F-200095,540,24,516,4855,24,516,0.0004473131633358545,1.1493580359686988e-05,8.944513780853846e-06,0.02713431485854982,235
TH-F-200096,749,127,622,4418,127,622,0.0017141113626343541,1.4621041011882204e-05,2.0544917993528844e-05,0.037636299683432996,235
TH-F-200097,766,87,679,4904,87,679,0.0008722929486729687,2.5631228808571403e-05,1.4680948952503025e-05,0.03849052811416512,232
TH-F-200098,496,403,93,3894,403,93,0.00836559913238279,7.76291794442282e-06,5.3359908651891836e-05,0.024923370684890207,286
TH-F-200099,759,372,387,9179,372,387,0.005319051245003278,0.0002606872446629731,0.00010167307752809552,0.03813878699562836,241
TH-F-200100,150,35,115,909,35,115,0.0004891135988186143,5.9813743999949774e-06,1.199385869388494e-05,0.007537309682930506,147
TH-F-200101,1409,1043,366,7654,1043,366,0.03055781119764173,0.00011872027841154325,0.00014584872450076932,0.07080046228832722,352
TH-F-200102,615,400,215,5503,400,215,0.006000199324567565,0.006839612782385327,5.3792880014227616e-05,0.030902969700015076,348
TH-F-200104,3101,1352,1749,18771,1352,1749,0.03404106721731992,9.125017631313862e-05,0.00013820563736032692,0.15582131551178333,352
TH-F-200106,1969,106,1863,19675,106,1863,0.0023403003903348287,1.352971633930814e-05,1.861444074272706e-05,0.09893975177126778,352
TH-F-200107,364,288,76,3181,288,76,0.0020764760022549647,5.91115454769145e-06,0.00025176335977493354,0.018290538163911362,150
TH-F-200108,316,178,138,1948,178,138,0.0023501869706998393,9.582455002643516e-06,3.859065175954122e-05,0.0158785990653736,216
TH-F-200109,1268,1131,137,8569,1131,137,0.031005566207888108,3.183001512149968e-05,0.0001485172452883885,0.06371539118637254,352
TH-F-200110,284,55,229,1623,55,229,0.0004951605875865368,1.6640230264588602e-06,1.3052767969359837e-05,0.014270639666348424,209
TH-F-200111,395,214,181,2755,214,181,0.0021514132839717806,3.2114393535760793e-05,4.4446278672825126e-05,0.019848248831717,226
TH-F-200112,820,583,237,8112,583,237,0.012783270457550391,0.00013302023896724605,0.00021941984857239767,0.0412039596000201,320
TH-F-200113,1679,563,1116,15559,563,1116,0.007462220379540839,0.0043312923582287345,0.00030776485616846103,0.08436761971760214,331
TH-F-200114,1453,847,606,19247,847,606,0.004686958464236648,0.00028924858674543157,0.0006708167477167446,0.07301140646198684,293
TH-F-200116,538,243,295,4671,243,295,0.006603094717050453,1.9107048224537687e-05,0.00010278226833722282,0.027033817396110747,241
TH-F-200117,699,271,428,4420,271,428,0.010694026079634936,5.98694213529841e-05,6.774601507418292e-05,0.035123863122456155,276
TH-F-200121,3400,2447,953,37323,2447,953,0.06617971465869704,0.00022017239995587046,0.00044721642987175387,0.1708456861464248,352
TH-F-200122,3469,2493,976,47096,2493,976,0.06767196835619979,0.00023231880194400994,0.0004782752364743393,0.17431284860057283,352
TH-F-200123,3298,2314,984,34378,2314,984,0.06246461089621166,0.00019476865489598388,0.00039162174292885454,0.16572031556203207,352
TH-F-200125,949,11,938,7182,11,938,2.444291792398594e-05,3.8074251555384725e-08,8.412744664368687e-06,0.04768604592734033,268
TH-F-200126,3004,2215,789,20361,2215,789,0.056140828468379374,6.483519009215111e-05,0.0002094295379831565,0.15094718858348827,352
TH-F-200128,743,101,642,4175,101,642,0.0031154851829984158,5.6519146876849976e-05,2.245654830004279e-05,0.037334807296115775,268
TH-F-200129,1200,224,976,8388,224,976,0.0036466779346866875,2.5258179286528133e-05,2.975430924675223e-05,0.06029847746344405,331
TH-F-200130,580,386,194,2604,386,194,0.006020723712669569,5.1272520003656853e-05,0.00010780889379466889,0.02914426410733129,318
TH-F-300000,157,31,126,725,31,126,0.0002200921848026394,1.952200996735712e-07,2.329492842098477e-05,0.007889050801467262,122
TH-F-300001,355,274,81,3065,274,81,0.00158514633408423,1.3322797491465947e-05,0.00019830482335891255,0.01783829958293553,159
TH-F-300002,3959,3226,733,49451,3226,733,0.08634463660629334,0.0006349643800910401,0.0007588435455104799,0.19893472689814581,352
TH-F-300003,748,201,547,4971,201,547,0.00585353166873404,6.246649633898107e-05,3.533221226817159e-05,0.03758605095221346,326
TH-F-300004,1752,273,1479,16662,273,1479,0.001434580166292452,5.2194734739884065e-06,5.793131701083589e-05,0.08803577709662831,331
TH-F-300005,230,148,82,1888,148,82,0.0012262087571321685,7.298443422811572e-06,9.452296651493666e-05,0.011557208180493442,150
TH-F-300006,1434,12,1422,17143,12,1422,0.0001919064990123805,1.172316672887164e-07,8.534148833768552e-06,0.07205668056881563,331
TH-F-300008,932,121,811,5519,121,811,0.0033311740130616673,3.536412019222266e-05,2.39332626529901e-05,0.04683181749660821,256
TH-F-300009,1054,590,464,7067,590,464,0.007942346580167257,0.0001151641508263509,0.00016965284490622358,0.05296216270539169,347
TH-F-300010,642,247,395,3970,247,395,0.009041626565366076,6.870354514241267e-05,4.3914806749816575e-05,0.03225968544294257,312
TH-F-300011,142,97,45,673,97,45,0.0007104352293063557,1.3395918070266035e-06,5.6394776539749735e-05,0.007135319833174212,108
TH-F-300012,1239,16,1223,9151,16,1223,0.00020579974366984828,7.211845498623779e-07,1.126895840210785e-05,0.06225817798100598,296
TH-F-300013,1466,542,924,9325,542,924,0.014302482182075074,0.0007561450173564846,0.00014932163518673419,0.07366463996784081,352
TH-F-300014,503,284,219,5363,284,219,0.0046345045145735125,3.156112131266048e-05,9.730665914516414e-05,0.025275111803426963,232
TH-F-300015,2158,1451,707,28206,1451,707,0.019888077360329597,0.006169591573241972,0.0009201250220844541,0.1084367619717602,348
TH-F-300017,273,219,54,1554,219,54,0.0008599153237672467,1.9445910377112595e-06,0.0001256115397575587,0.01371790362293352,135
TH-F-300018,213,135,78,1120,135,78,0.0010341210525264914,2.4354165704320992e-06,5.145475250396585e-05,0.010702979749761319,129
TH-F-300019,2110,499,1611,18857,499,1611,0.01829919339847791,0.0003310904351551436,0.00019889538263472725,0.10602482287322246,352
TH-F-300020,801,320,481,7690,320,481,0.011088630437852548,8.079212725456746e-05,0.00013398086215525318,0.0402492337068489,265
TH-F-300021,3265,2342,923,33705,2342,923,0.06411321495666285,0.0002411650943710538,0.000393060774322921,0.16406210743178734,352
TH-F-300022,655,436,219,5130,436,219,0.009753923674889713,5.9304152581433735e-05,9.863122506636206e-05,0.03291291894879654,298
TH-F-300024,927,638,289,8338,638,289,0.00804097495329179,0.0003275483872464794,0.00015709227081631448,0.04658057384051053,321
TH-F-300025,1177,410,767,8871,410,767,0.0075994105831676696,4.903560536091783e-05,0.00015442630173410977,0.0591427566453947,352
TH-F-300026,131,2,129,740,2,129,1.630017554075159e-05,3.610609012765048e-09,7.871522419849188e-06,0.006582583789759309,109
TH-F-300027,270,174,96,1768,174,96,0.0009924815940640125,2.563658127101139e-06,8.501513305157112e-05,0.01356715742927491,128
TH-F-300028,234,168,66,1237,168,66,0.0006469255699275733,1.097674097939533e-06,0.00010410077579555961,0.01175820310537159,122
TH-F-300029,1348,240,1108,13037,240,1108,0.01236954196165508,9.997025487907785e-05,6.303079434979444e-05,0.06773528968393548,352
TH-F-300030,257,217,40,1945,217,40,0.0012059905224349177,5.914609391394919e-06,0.00012811947610290642,0.012913923923420934,145
TH-F-300032,213,206,7,1976,206,7,0.0010036177004375487,1.0214771040311094e-05,0.00014879318463476249,0.010702979749761319,138
TH-F-300033,2584,1614,970,27388,1614,970,0.04357302470969767,0.0001807601209488344,0.0003246420013204085,0.12984272147128284,352
TH-F-300036,866,10,856,5805,10,856,0.0001103626918983398,9.042799360951618e-06,9.967343734764347e-06,0.043515401236118786,352
TH-F-300037,878,97,781,6508,97,781,0.0009035033148158453,2.149849806861422e-06,1.4812083332752735e-05,0.04411838601075323,232
TH-F-300038,1532,316,1216,24337,316,1216,0.006841208442522161,4.2060012959264704e-05,8.698230846235599e-05,0.07698105622833024,352
TH-F-300039,875,237,638,5604,237,638,0.010254335111562578,4.1161640995455005e-05,4.034168472880369e-05,0.04396763981709462,350
TH-F-300040,168,140,28,1797,140,28,0.0010625642517396426,4.431906276955998e-06,0.0002602660538605917,0.008441786844882167,122
TH-F-300041,939,239,700,6670,239,700,0.00928840520192147,3.7727112490024504e-05,4.199273331945438e-05,0.04718355861514497,352
TH-F-300042,924,183,741,6446,183,741,0.009646648883386507,5.103664454892375e-05,3.116008837028362e-05,0.04642982764685192,352
TH-F-300043,3328,2276,1052,26212,2276,1052,0.06264390805451926,0.00011097802983970283,0.0002515855265715502,0.16722777749861817,352
TH-F-300044,3724,2877,847,43021,2877,847,0.07389137903192476,0.0002972686827100563,0.0005841469410873891,0.1871262750615547,352
TH-F-300045,1505,244,1261,9748,244,1261,0.005456026391417271,9.419010707194638e-05,6.101920199936073e-05,0.07562434048540274,352
TH-F-300046,4039,2942,1097,51430,2942,1097,0.07723791072385838,0.00035924339926008927,0.0007206452794559768,0.20295462539570877,352
TH-F-300047,254,173,81,1147,173,81,0.0007732414147653018,3.5922733969970763e-06,8.872858417789168e-05,0.012763177729762324,186
TH-F-300048,1920,1541,379,23055,1541,379,0.01739865959434731,0.005640540193436303,0.0005658221247030495,0.09647756394151048,348
TH-F-300049,3448,2398,1050,38280,2398,1050,0.0642820732693703,0.0002257726171176732,0.00043670034195128623,0.17325762524496258,352
TH-F-300050,3608,2633,975,41549,2633,975,0.07573285901279406,0.000309918360244827,0.0005552061401086031,0.18129742224008843,352
TH-F-300051,657,400,257,4935,400,257,0.008117411690605087,0.00013057327778794901,7.619305738443446e-05,0.03301341641123562,255
TH-F-300052,575,30,545,4511,30,545,0.0001808070359341109,3.412579616086246e-07,1.3508855107084615e-05,0.028893020451233608,213
TH-F-300053,381,62,319,1224,62,319,0.0012648622466258294,5.259023120203074e-06,1.1308276779582332e-05,0.019144766594643484,169
TH-F-300054,1011,47,964,9377,47,964,0.0007698328219239646,5.562261019238619e-06,1.3079663779494814e-05,0.05080146726295161,352
TH-F-300055,1343,75,1268,19489,75,1268,0.0042437439604143656,7.459806291790131e-06,1.6166068594472747e-05,0.0674840460278378,352
TH-F-300056,556,155,401,3438,155,401,0.004023834039452485,6.439412668262458e-05,2.426324974029447e-05,0.027938294558062408,231
TH-F-300057,329,162,167,1490,162,167,0.0023076671525857056,0.0014371663398538674,1.7656895103608193e-05,0.016531832571227575,293
TH-F-300059,436,217,219,2673,217,219,0.002555770398642321,1.3085031344072771e-05,3.9963507840307896e-05,0.021908446811718003,231
TH-F-300061,979,119,860,6273,119,860,0.002078659861485889,1.7133175692394007e-05,2.15936382494961e-05,0.049193507863926435,236
TH-F-300062,702,156,546,3927,156,546,0.0031322447847308955,3.0661672981994688e-06,1.7843469530908767e-05,0.035274609316114765,348
TH-F-300063,124,103,21,527,103,21,0.0007979485502095176,5.4932942871027594e-05,4.136404342751967e-05,0.006230842671222552,109
TH-F-300065,357,264,93,3838,264,93,0.0042464767112988504,4.7155343108196485e-06,4.972722081902504e-05,0.017938797045374603,241
TH-F-300066,731,241,490,3768,241,490,0.0035208318074308057,1.4055607817074189e-05,6.429876371502326e-05,0.036731822521481335,328
TH-F-300067,418,274,144,3037,274,144,0.004353104807987748,2.449782473252143e-05,7.675457265127966e-05,0.021003969649766342,231
TH-F-300069,924,60,864,7152,60,864,0.0009625187629658096,4.745697000552285e-05,1.3639827780254637e-05,0.04642982764685192,325
TH-F-300070,559,2,557,4512,2,557,3.349558785802728e-06,6.438267651160159e-09,8.10735642107504e-06,0.028089040751721018,266
TH-F-300071,3453,2242,1211,37283,2242,1211,0.059837526282291484,0.00018819855553217169,0.00037712660747441233,0.17350886890106024,352
TH-F-300072,287,44,243,1765,44,243,0.00025251666015665324,1.3721125036422342e-06,2.7304021685906914e-05,0.014421385860007034,202
TH-F-300073,666,286,380,5973,286,380,0.011812473530393088,5.741829772616558e-05,0.0001223342817193599,0.03346565499221145,248
TH-F-300074,720,247,473,5114,247,473,0.002837650968116658,3.823380809423197e-05,4.9760066972984976e-05,0.036179086478066426,241
TH-F-300075,1505,530,975,12414,530,975,0.005786720210747921,6.71403844839816e-05,0.00019466413282508447,0.07562434048540274,352
TH-F-300076,1127,107,1020,7722,107,1020,0.001268272673366387,2.2029388332976387e-05,1.7401734125563167e-05,0.056630320084417866,352
TH-F-300077,3395,2384,1011,33016,2384,1011,0.06427470284266655,0.00020507670118333638,0.0003864365220633472,0.17059444249032713,352
TH-F-300078,1698,938,760,18439,938,760,0.007097100361391346,0.00027620809020659253,0.00042368374116366766,0.08532234561077333,331
TH-F-300079,3433,2642,791,35978,2642,791,0.07070580852328669,0.00024225102057383522,0.000552851274132406,0.1725038942766695,352
TH-F-300080,23,2,21,86,2,21,1.3024057359467323e-06,3.185853735671732e-09,9.537354589611563e-06,0.0011557208180493442,23
TH-F-300081,17,1,16,58,1,16,2.6659044891671314e-08,1.735635323973489e-12,7.577999521868512e-06,0.000854228430732124,16
TH-F-300082,25,7,18,53,7,18,1.7506828015738868e-05,4.2798098088920765e-09,7.906027579939453e-06,0.0012562182804884176,25
TH-F-300084,39,29,10,112,29,10,2.509946989066341e-05,9.96519382821532e-09,1.5153714208171281e-05,0.0019597005175619317,37
TH-F-300085,18,2,16,78,2,16,1.0794102321812289e-06,1.287883930394105e-10,7.589748503110318e-06,0.0009044771619516607,18
TH-F-300086,28,27,1,89,27,1,0.00010985680990470323,2.4189869610375973e-07,2.1167011078432086e-05,0.0014069644741470278,27
TH-F-300087,301,13,288,1551,13,288,0.0001670940413463795,2.70787085059315e-07,1.075054339281412e-05,0.015124868097080548,209
TH-F-300088,326,198,128,1799,198,128,0.00037740853043415735,3.8588074481167727e-07,0.0001615469081464713,0.016381086377568965,145
TH-F-300090,1178,252,926,7362,252,926,0.011378609595770636,1.4687573457952594e-05,2.84239917287526e-05,0.05919300537661424,352
TH-F-300092,619,525,94,5086,525,94,0.006925260173823446,0.004928468757349665,0.0001140459717446475,0.031103964624893222,346
TH-F-400000,271,102,169,1581,102,169,0.0007088098913814574,8.216301552350018e-07,3.106752535367239e-05,0.013617406160494448,141
TH-F-400002,19,17,2,61,17,2,6.816977897548296e-05,1.56987820046616e-07,1.28085781782605e-05,0.0009547258931711974,19
TH-F-400003,46,8,38,275,8,38,2.6149116518045866e-06,5.833797587391027e-10,4.051306349834556e-05,0.0023114416360986885,44
TH-F-400005,43,5,38,152,5,38,7.965343574171011e-06,2.230178086261023e-09,8.978801080708864e-06,0.0021606954424400783,40
TH-F-400006,29,10,19,72,10,19,1.3037633164492591e-06,7.931602135993139e-11,1.0079474465146813e-05,0.0014572132053665644,29
TH-F-400008,19,2,17,43,2,17,2.7825243953581737e-07,6.656782679236664e-12,7.993502460949846e-06,0.0009547258931711974,16
TH-F-400009,411,286,125,4113,286,125,0.004575394201303449,0.004248673892303834,7.612880359328117e-05,0.020652228531229586,316
TH-F-400011,256,201,55,2438,201,55,0.0023037851039001433,8.936450715214929e-06,0.00016570673008910254,0.012863675192201397,150
TH-F-400014,283,184,99,1022,184,99,0.005755026436812508,0.00011737275598765088,3.1019279686173685e-05,0.014220390935128889,205
TH-F-500000,192,79,113,1033,79,113,0.00020071730573908417,1.3700403250260676e-07,3.292091360525233e-05,0.009647756394151047,121
TH-F-500001,485,130,355,1736,130,355,0.004629142391551523,0.0001072245278193294,3.9949208189376545e-05,0.024370634641475302,177
TH-F-500002,1523,1156,367,19849,1156,367,0.01145073603404818,0.0009131332472065224,0.00038967279760599886,0.0765288176473544,331
TH-F-500003,380,261,119,1480,261,119,0.009331937790535622,0.00012809196577367885,3.8697718146187454e-05,0.01909451786342395,235
TH-F-500004,489,457,32,3515,457,32,0.015061021448505133,0.0005749289399480977,0.00011506126934937977,0.024571629566353448,244
TH-F-500005,40,10,30,132,10,30,5.827131942052304e-05,6.881588142897259e-08,9.87659833293547e-06,0.002009949248781468,38
TH-F-500006,599,389,210,2856,389,210,0.006939689947461247,1.3530435666752333e-05,7.38295637160546e-05,0.030098990000502486,266
TH-F-500007,791,510,281,4324,510,281,0.012019089741196221,6.0594498914554685e-05,0.00019885073439387986,0.03974674639465354,331
TH-F-600000,208,102,106,955,102,106,0.0017891286805856463,8.177653756093379e-06,1.708427331854849e-05,0.010451736093663636,155
TH-F-600001,816,396,420,5303,396,420,0.01332043339532472,0.0002811067296169317,8.773343465942761e-05,0.04100296467514195,272
TH-F-600002,264,136,128,875,136,128,0.0025795448319060007,1.8454708347787486e-05,1.5239852719765405e-05,0.01326566504195769,177
TH-F-600003,308,160,148,1226,160,148,0.002781869203132767,2.5342320226553606e-05,1.962376676120853e-05,0.015476609215617306,218
TH-F-700000,518,140,378,2240,140,378,0.0017829172035597805,2.8294202249198536e-05,1.915874607408663e-05,0.026028842771720014,229
TH-F-700001,589,88,501,2797,88,501,0.0006808458897658616,4.826221997772877e-06,1.1497649953467645e-05,0.02959650268830712,198
TH-F-700002,296,117,179,1041,117,179,0.0022585710275838714,1.0437955934187726e-05,1.5180408053002737e-05,0.014873624440982865,166
TH-F-700003,229,107,122,728,107,122,0.0025230101383298584,6.678534984728742e-06,1.448070420545847e-05,0.011506959449273905,177
TH-F-700004,431,203,228,2263,203,228,0.0035724235175555044,8.45804951682802e-05,2.3057710932893213e-05,0.021657203155620322,231
TH-F-700005,436,312,124,1710,312,124,0.00881914544200166,6.5686730655284e-05,4.0333845297395795e-05,0.021908446811718003,233
TH-F-700006,243,113,130,1031,113,130,0.002492690683305645,2.1657892735219854e-06,1.9984441109983816e-05,0.01221044168634742,162
TH-F-700007,288,91,197,1002,91,197,0.0019431657924969352,7.401290233305878e-06,1.802886112372332e-05,0.014471634591226572,169
TH-F-700008,277,155,122,939,155,122,0.006166704710018769,2.6377245808161543e-05,2.036754760367287e-05,0.013918898547811668,189
TH-F-700010,81,36,45,415,36,45,0.00013615348651151225,1.0339289744483361e-07,2.109164619889489e-05,0.0040701472287824735,81
TH-F-700011,37,23,14,119,23,14,7.03459330546694e-05,5.405663416365785e-08,1.9429623548150237e-05,0.0018592030551228581,34
TH-F-700012,20,13,7,58,13,7,5.4931939825753686e-05,8.905973531113427e-08,1.0106559849356234e-05,0.001004974624390734,20
TH-F-700014,29,20,9,73,20,9,0.00010310288945430657,6.641149382691091e-08,1.188779469938216e-05,0.0014572132053665644,28
TH-F-700015,1357,953,404,17229,953,404,0.024339062148312166,0.0014583361615125641,0.00032759768488994066,0.06818752826491131,352
TH-F-700016,325,160,165,1794,160,165,0.0035557299896096677,3.479325804845657e-05,2.107409925737637e-05,0.01633083764634943,213
TH-F-700017,268,106,162,1216,106,162,0.0009820918887498504,9.466659996169332e-06,1.4926063087514319e-05,0.013466659966835838,200
TH-F-700019,391,326,65,1931,326,65,0.009279323038917181,7.997472341400999e-05,6.96527948150231e-05,0.019647253906838854,236
TH-F-700020,371,73,298,4181,73,298,0.0011270973923283526,0.0006302625342216461,1.2002669708225106e-05,0.018642279282448118,329
TH-F-700021,340,128,212,1050,128,212,0.003123732244277511,3.4876239614311224e-05,1.5907632960622424e-05,0.01708456861464248,206
TH-F-700022,268,133,135,960,133,135,0.0016381715834889227,2.1040478447165663e-05,1.4755888214797275e-05,0.013466659966835838,172
TH-F-700023,659,533,126,7860,533,126,0.00632763138146989,0.016166697338157187,0.00012197616208275683,0.03311391387367469,348
TH-F-700024,540,366,174,2507,366,174,0.01024243491265308,0.00016338266419927346,5.779302508717173e-05,0.02713431485854982,235
TH-F-700026,197,83,114,990,83,114,0.001370852945186541,9.588268332887394e-06,1.6223091926396132e-05,0.009899000050248732,143
TH-F-700027,392,266,126,1603,266,126,0.0064504562408573395,6.787831735889547e-05,3.10060495856998e-05,0.01969750263805839,232
TH-F-700028,475,79,396,2245,79,396,0.0008546968504636006,3.1843855762804066e-06,1.1884443260134076e-05,0.023868147329279936,216
TH-F-700029,398,267,131,1646,267,131,0.003184398341991869,0.000951936967682164,2.8182362518861005e-05,0.01999899502537561,295
TH-F-700031,407,265,142,1504,265,142,0.008756025523053941,0.00021414409410571203,4.423623619938244e-05,0.02045123360635144,234
TH-F-700032,275,24,251,912,24,251,0.00011410196392602339,5.854443491892316e-07,8.271384841984685e-06,0.013818401085372594,149
TH-F-700033,341,186,155,1598,186,155,0.0028094957436368335,0.0022758105521937066,2.0632044049150763e-05,0.017134817345862016,305
TH-F-700034,348,186,162,1356,186,162,0.005559212128303587,2.8920590622131468e-05,2.474357613188888e-05,0.017486558464398776,222
TH-F-700035,533,10,523,1811,10,523,0.0003448942050830829,2.51364686372991e-07,7.924594616841343e-06,0.026782573740013065,177
TH-F-700036,366,291,75,1974,291,75,0.008054109641691306,6.787790164550621e-05,6.450050160539516e-05,0.018391035626350433,222
TH-F-700037,260,131,129,1498,131,129,0.0006192100105560979,2.3255649355265197e-06,6.504080027840674e-05,0.013064670117079544,135
TH-F-700040,3495,2611,884,38805,2611,884,0.07661706925324098,0.00036528959544893585,0.0005471348227434087,0.17561931561228078,352
TH-F-700041,218,139,79,697,139,79,0.0022046899929082315,1.8812989624567734e-05,1.5194172315069905e-05,0.010954223405859002,159
TH-F-700042,242,135,107,898,135,107,0.0031567763873048943,2.169531615387449e-05,1.749437283446147e-05,0.012160192955127883,167
TH-F-700043,189,78,111,661,78,111,0.0013414990375480904,2.8390576678607896e-05,1.306171181188438e-05,0.009497010200492437,143
TH-F-900000,791,378,413,5473,378,413,0.0064692699411474765,0.0019907825108172092,5.727518469066438e-05,0.03974674639465354,331
Trh-F-000000,218,169,49,1721,169,49,0.0002843356778504741,5.549336404847373e-07,0.00013334156715849878,0.010954223405859002,109
Trh-F-000002,729,444,285,3229,444,285,0.006130777183190014,0.002775322100612054,9.242695295647867e-05,0.036631325059042256,302
Trh-F-000003,167,88,79,1236,88,79,0.00023297959527336266,4.842170977564648e-07,6.0367036410738004e-05,0.00839153811366263,109
Trh-F-000005,980,674,306,7448,674,306,0.007830769416068053,0.0001523983041281488,0.00016552198443597137,0.049243756595145974,255
Trh-F-000006,50,40,10,198,40,10,9.71115420708304e-05,1.4091847860386083e-07,1.5715272337331954e-05,0.002512436560976835,49
Trh-F-000007,146,3,143,1395,3,143,5.2130360969524036e-08,5.6901688001536955e-12,7.806028824540705e-06,0.007336314758052359,113
Trh-F-000008,1082,602,480,11887,602,480,0.01650927182582331,0.0006184977076805898,0.00015667797113605772,0.054369127179538713,348
Trh-F-000009,1777,1260,517,23200,1260,517,0.02444263029645284,0.005092537810150078,0.00026884795754719514,0.08929199537711673,348
Trh-F-000011,1060,887,173,7166,887,173,0.016997617949911496,1.8817008932705547e-05,7.951977356601633e-05,0.05326365509270891,352
Trh-F-000012,1849,822,1027,15624,822,1027,0.023392805276445404,0.0018260266025509422,0.00027684787428386437,0.09290990402492337,352
Trh-F-000014,400,77,323,2575,77,323,0.0005052710235931224,9.678998821215768e-07,1.3566020701614927e-05,0.02009949248781468,231
Trh-F-000015,764,482,282,10788,482,282,0.0007716903627673437,8.703354104748891e-06,0.000530585083653734,0.03839003065172605,123
Trh-F-000016,773,515,258,10100,515,258,0.0007865797174210392,4.875275891646473e-06,0.0006022163075054838,0.03884226923270188,121
Trh-F-000017,557,266,291,3745,266,291,0.008812658506637556,2.2548052845917077e-05,0.00010291449740997127,0.027988543289281947,241
Trh-F-000018,172,91,81,640,91,81,0.0014996240436793613,1.4356532961796403e-06,1.7305078255857535e-05,0.008642781769760313,154
Trh-F-000019,538,287,251,3814,287,251,0.00026597553885986363,2.444587777531619e-07,0.00040517327804585673,0.027033817396110747,121
Trh-F-000020,340,164,176,1009,164,176,0.0015478157718910469,2.4980922275150055e-06,3.414041918632231e-05,0.01708456861464248,202
Trh-F-000023,795,434,361,5081,434,361,0.005238775210931561,7.800060192906444e-05,9.52286052203461e-05,0.03994774131953168,296
Trh-F-000024,83,73,10,529,73,10,0.00022891585174551272,5.530295167410809e-06,9.073805179805403e-05,0.004170644691221546,50
Trh-F-000025,1530,1151,379,11773,1151,379,0.00198002079708996,4.2326082097559705e-06,0.0007008230487339237,0.07688055876589116,150
Trh-F-000026,765,555,210,7525,555,210,0.0008736982869424513,5.410462843379597e-06,0.0004741855440746771,0.03844027938294558,133
Trh-F-000028,351,234,117,1709,234,117,0.003797003805450654,9.133743201878725e-06,4.0973943745367494e-05,0.017637304658057382,236
Trh-F-000029,776,508,268,4698,508,268,0.006775304403857384,0.005784752245134064,0.00011165576802805182,0.03899301542636049,329
Trh-F-000030,399,109,290,1754,109,290,0.0015124333427427666,2.9318285959028e-05,2.063693455280375e-05,0.020049243756595145,205
Trh-F-000031,1582,963,619,21313,963,619,0.00416142012124131,9.358911509317975e-05,0.0006749812559632648,0.07949349278930708,298
Trh-F-000032,317,205,112,2073,205,112,0.001582523353004126,4.204652820145343e-05,2.6256466058112873e-05,0.015928847796593135,205
Trh-F-000033,305,37,268,2760,37,268,0.001072600880723817,1.798937750301093e-06,9.042451604500756e-06,0.015325863021958696,238
Trh-F-000034,236,14,222,1086,14,222,6.890031607251536e-05,3.835650162425482e-08,1.3393708341071283e-05,0.011858700567810663,208
Trh-F-000035,264,22,242,1991,22,242,0.00011915895345807215,7.316430065783106e-07,8.957631573288579e-06,0.01326566504195769,221
Trh-F-000036,609,129,480,3408,129,480,0.0007165019395544234,5.540212388861587e-06,3.2025418679637786e-05,0.030601477312697856,183
Trh-F-000040,630,457,173,5421,457,173,0.006454050055913597,0.008855909599687488,0.00012935852410803615,0.03165670066830813,318
Trh-F-000041,1447,1051,396,12302,1051,396,0.023765462549982838,0.005133960020581539,0.00020248179034259558,0.07270991407466962,348
Trh-F-000042,638,413,225,7378,413,225,0.0006248295107163227,6.497397694008552e-06,0.0005441974418436871,0.03205869051806442,121
Trh-F-000043,1626,1023,603,12410,1023,603,0.022895216632381803,0.003169219831831032,0.00018558754554066426,0.08170443696296668,348
Trh-F-000044,367,213,154,2050,213,154,0.0028407321195069945,1.2163925416264625e-05,3.195409645402057e-05,0.018441284357569972,232
Trh-F-000045,748,507,241,9852,507,241,0.000759470808307387,6.817646567201296e-06,0.0005326596200451519,0.03758605095221346,121
Trh-F-000046,506,117,389,3646,117,389,0.0006352640164691708,3.375304303338283e-06,3.06436274609994e-05,0.025425857997085573,186
Trh-F-000048,353,77,276,1720,77,276,0.0010945056662646092,1.3766654327637678e-05,1.578085269177481e-05,0.017737802120496457,211
Trh-F-000049,472,301,171,3412,301,171,0.0033311405329156407,1.9365978800759843e-05,5.9903554350473856e-05,0.023717401135621326,236
Trh-F-000050,552,259,293,3839,259,293,0.0031418124484417736,1.994892246617335e-05,6.598376980067962e-05,0.027737299633184262,266
Trh-F-000051,313,91,222,2818,91,222,4.609785764174986e-05,2.1046949008612198e-08,0.0001503275747990179,0.01572785287171499,121
Trh-F-000052,46,29,17,165,29,17,0.0002435482710042142,3.6749445821506843e-07,9.034679647030636e-06,0.0023114416360986885,46
Trh-F-000053,670,292,378,10254,292,378,0.0044502079650047075,0.0029103273958174945,6.109570347243685e-05,0.03366664991708959,348
Trh-F-000054,586,296,290,4775,296,290,0.003739606832511222,4.640286225591536e-05,7.369847791229059e-05,0.02944575649464851,269
Trh-F-000055,789,436,353,11419,436,353,0.006575328797583877,0.00024379346517583415,0.00018696377429241326,0.03964624893221446,331
Trh-F-000056,509,204,305,4392,204,305,0.00034346067387157624,2.319523024784783e-06,0.0003163109523159426,0.025576604190744184,109
Trh-F-000057,494,224,270,3552,224,270,0.0011348462409758694,8.367783333645878e-06,8.236657562116779e-05,0.024822873222451133,183
Trh-F-000058,740,381,359,5146,381,359,0.004841712389747906,3.0433476691887913e-05,7.261741595851171e-05,0.037184061102457165,296
Trh-F-000059,689,491,198,9208,491,198,0.0007415926772928366,1.1344887498123334e-05,0.0005561876677490672,0.03462137581026079,121
Trh-F-000060,466,192,274,2602,192,274,0.0004272783917494716,9.034756524573446e-07,0.00013259647126922757,0.023415908748304105,212
Trh-F-000061,536,148,388,3391,148,388,0.0014768360799108377,6.698750194541176e-05,4.045269919270463e-05,0.026933319933671675,223
Trh-F-000062,461,286,175,3156,286,175,0.0014774848818204826,1.9789166827933144e-05,4.747985112293625e-05,0.02316466509220642,211
Trh-F-000064,456,90,366,2903,90,366,0.0006011736638467074,3.868209211892766e-06,2.6536105321973905e-05,0.02291342143610874,186
Trh-F-000065,399,145,254,3497,145,254,7.376731395011389e-05,6.317707279654033e-08,0.00025636019566906647,0.020049243756595145,121
Trh-F-000066,390,50,340,1960,50,340,0.004415224118700964,7.3204817303724294e-06,1.1038821328248192e-05,0.019597005175619315,341
Trh-F-000067,843,657,186,8826,657,186,0.003804570254210146,1.6120977043484904e-05,0.0003717398729817029,0.042359680418069444,219
Trh-F-000068,33,18,15,73,18,15,0.00012344850445484518,1.561885173365552e-07,1.018239566667885e-05,0.0016582081302447113,31
Trh-F-000069,524,275,249,3138,275,249,0.0025132959783480424,1.634111315404659e-05,8.370033789456843e-05,0.026330335159037235,200
Trh-F-000070,18,14,4,32,14,4,6.950194148899085e-05,1.1596708470577931e-08,8.039640919705961e-06,0.0009044771619516607,18
Trh-F-000071,30,16,14,82,16,14,3.707155701467881e-05,3.567564355292867e-08,8.910644362701481e-06,0.0015074619365861013,30
Trh-F-000074,37,18,19,111,18,19,5.363248374155292e-05,4.3495493649952456e-08,1.2386264682062837e-05,0.0018592030551228581,37
Trh-F-000075,11,4,7,23,4,7,3.60046116339339e-05,7.672861573108665e-08,7.96378254358983e-06,0.0005527360434149038,11
Trh-F-000076,31,18,13,68,18,13,9.637741018299693e-05,6.85833040953167e-08,8.82938528150273e-06,0.001557710667805638,31
Trh-F-000077,297,70,227,1888,70,227,0.0004278899770626809,9.666799000109023e-07,1.4524301929218174e-05,0.014923873172202402,175
Trh-F-000078,550,233,317,4101,233,317,0.0038244011315863697,1.546439178960547e-05,5.1169502768518655e-05,0.027636802170745187,214
Trh-F-000079,751,504,247,10320,504,247,0.0008055589879504515,1.0013791239644104e-05,0.0005422336101149318,0.03773679714587207,121
Trh-F-000080,464,296,168,3398,296,168,0.0004749892211844226,1.3098066048707907e-06,0.00021620054935096806,0.02331541128586503,163
Trh-F-000081,85,5,80,436,5,80,5.868333173896753e-06,2.7865529071196148e-08,1.2550974416663097e-05,0.00427114215366062,57
Trh-F-000082,548,147,401,2330,147,401,0.002723314090791023,2.651520017804703e-06,2.8902544751901003e-05,0.027536304708306116,296
Trh-F-000083,439,349,90,3333,349,90,0.0038222551959181347,0.0007833980452687639,0.0006758932545518079,0.022059193005376614,231
Trh-F-000084,703,362,341,4491,362,341,0.005657688108653549,6.873591720563754e-05,6.115361384513443e-05,0.035324858047334304,271
Trh-F-000090,493,319,174,2418,319,174,0.0005087699697135076,7.293924102624099e-07,0.00015920955362816363,0.024772624491231597,164
Trh-F-000091,598,113,485,4967,113,485,0.0002975958442751741,3.837726468577409e-07,7.486397741952881e-05,0.03004874126928295,122
Trh-F-100000,399,150,249,4828,150,249,0.00013141869137842088,9.23631773231458e-08,0.00040676315622934937,0.020049243756595145,109
Trh-F-100001,3370,2865,505,38521,2865,505,0.07518062136445809,0.000933070734149337,0.0005851606644792115,0.1693382242098387,352
Trh-F-100002,302,8,294,3235,8,294,1.2584666329737916e-06,3.9883838268141603e-10,1.582357010831646e-05,0.015175116828300085,109
Trh-F-100003,295,204,91,2678,204,91,0.0002954217478812197,4.466158806081345e-07,0.00016827116230261726,0.014823375709763328,121
Trh-F-100004,245,182,63,1734,182,63,0.0003969973892926371,9.396866333938905e-07,0.0001238281912724155,0.012310939148786493,121
Trh-F-100005,291,229,62,2123,229,62,0.0009239572066575613,4.9608635615572465e-06,0.0001264233016216582,0.014622380784885182,135
Trh-F-100006,24,21,3,82,21,3,3.9448162723931103e-05,5.117703745831945e-08,1.163088259858695e-05,0.001205969549268881,24
Trh-F-100007,98,18,80,654,18,80,1.4173021545075751e-05,7.883733478801499e-09,1.1734235456041535e-05,0.004924375659514597,75
Trh-F-100008,362,195,167,2162,195,167,0.002549390630689357,5.902424449836177e-06,7.385702983639163e-05,0.018190040701472288,230
Trh-F-100009,510,113,397,4958,113,397,0.0001883834069050468,1.1841379256420152e-07,0.00011741099402883822,0.02562685292196372,121
Trh-F-100011,565,126,439,4059,126,439,0.0003468859750600822,8.001209508132335e-07,8.28297998278777e-05,0.02839053313903824,165
Trh-F-100013,195,41,154,1437,41,154,0.00023554407012755954,1.8972313632415918e-06,2.1318369588368236e-05,0.009798502587809657,133
Trh-F-100015,813,561,252,4232,561,252,0.008807738173914555,0.00031968179160067514,0.00010214525067830794,0.04085221848148334,299
Trh-F-100016,217,143,74,1617,143,74,0.0003331611122736254,1.4762105111975597e-06,9.859778838381733e-05,0.010903974674639466,109
Trh-F-100017,1114,1043,71,8071,1043,71,0.02071710916856332,2.3252259334136766e-05,0.00010120973925598255,0.055977086578563894,352
Trh-F-100018,373,301,72,2510,301,72,0.00672359464334517,5.029210569494451e-06,4.4565670739828545e-05,0.018742776744887193,241
Trh-F-100019,375,316,59,3044,316,59,0.0022846628585421257,1.2932753711625973e-05,0.00020353899055925467,0.018843274207326264,178
Trh-F-100020,384,257,127,1945,257,127,0.005996220220233407,5.968054008511377e-06,3.2959845565648106e-05,0.019295512788302095,241
Trh-F-100021,435,244,191,2446,244,191,0.005108877866424366,6.843129951622379e-06,3.611936958745823e-05,0.021858198080498468,241
Trh-F-100022,569,100,469,3554,100,469,0.0013019321016977219,2.1100180579293927e-05,1.480935086375998e-05,0.028591528063916388,287
Trh-F-100024,544,216,328,4954,216,328,0.0021663101990336497,0.0003625828965820838,0.00012217135880854862,0.027335309783427967,231
Trh-F-100026,1251,570,681,7883,570,681,0.011210642492477527,1.9828137015125432e-05,4.494432454559345e-05,0.06286116275564042,352
Trh-F-100027,1451,1376,75,15076,1376,75,0.02822722272335971,4.281053099739559e-05,0.00017925572326629686,0.07291090899954776,352
Trh-F-100028,761,344,417,4113,344,417,0.004266869457158915,8.614734745852568e-05,4.7402300703536e-05,0.03823928445806744,331
Trh-F-100029,1096,614,482,6946,614,482,0.01437335212157931,9.920888572434615e-05,0.00012094684288350834,0.05507260941661223,352
Trh-F-100030,482,351,131,3606,351,131,0.004398138810551946,2.6630114713510376e-05,8.436974511681646e-05,0.024219888447816692,237
Trh-F-100031,88,70,18,274,70,18,0.00031724700499096786,3.6713137874989447e-07,2.0145595291631528e-05,0.00442188834731923,81
Trh-F-100032,1345,970,375,13756,970,375,0.022920453865416447,0.0037200209977432176,0.00018710751822437367,0.06758454349027687,348
Trh-F-100033,675,27,648,3487,27,648,0.000547295449890843,7.914164919856086e-06,9.415802707699757e-06,0.03391789357318728,323
Trh-F-100034,320,86,234,2498,86,234,0.0010771632112219307,8.970856967935175e-06,1.5037133860313118e-05,0.016079593990251745,231
Trh-F-100037,1535,1141,394,16954,1141,394,0.024242579412818807,0.006179143680454155,0.0002463503111278967,0.07713180242198885,348
Trh-F-100038,1434,1073,361,14158,1073,361,0.02340788434559908,0.00923756194723989,0.000247849040285024,0.07205668056881563,348
Trh-F-100039,282,185,97,1486,185,97,0.001237104862560226,3.3122841888005514e-06,9.22706207088382e-05,0.014170142203909351,145
Trh-F-100040,327,287,40,1780,287,40,0.0029460247990934943,1.8883945081800642e-05,4.936103331840555e-05,0.016431335108788504,231
Trh-F-100042,203,118,85,1597,118,85,0.00016534692947198308,2.861040850037033e-07,0.00016957814121617114,0.01020049243756595,126
Trh-F-100043,447,140,307,3361,140,307,0.0013786225280349117,7.308343906802745e-05,8.842693540732093e-05,0.02246118285513291,231
Trh-F-100044,1081,619,462,8811,619,462,0.010487335741289993,0.0001107172683551515,0.00015553121325440205,0.05431887844831918,255
Trh-F-100045,1046,703,343,24896,703,343,0.008711084975584819,0.02655448932169337,0.0005603448213270469,0.0525601728556354,348
Trh-F-100046,639,123,516,3862,123,516,0.0021993944472622805,9.186552271980475e-07,1.201923661861469e-05,0.03210893924928396,352
Trh-F-100047,316,163,153,1601,163,153,0.0010632209938572562,4.649658694132609e-06,4.186082806212592e-05,0.0158785990653736,205
Trh-F-100048,255,132,123,1411,132,123,0.0007020953710521663,5.214433576386026e-06,5.236214937875508e-05,0.01281342646098186,137
Trh-F-100049,426,258,168,2188,258,168,0.0038486052816405435,4.414003217813901e-06,9.694739951278801e-05,0.021405959499522637,228
Trh-F-100050,538,140,398,3547,140,398,0.003008820890844669,1.8000583826792606e-05,2.8895464049969692e-05,0.027033817396110747,241
Trh-F-100051,904,406,498,4832,406,498,0.007060245838162212,9.324161285334809e-05,5.999210890454794e-05,0.04542485302246118,296
Trh-F-100052,1093,665,428,13913,665,428,0.009134170336760929,0.00017469764608363207,0.00023013232406781696,0.05492186322295362,254
Trh-F-100053,627,267,360,3974,267,360,0.0054819057093143785,2.5433568209077194e-05,7.406636050555143e-05,0.03150595447464952,227
Trh-F-100055,128,15,113,705,15,113,2.183857788007047e-05,2.144266994519997e-08,1.7383138205425097e-05,0.0064318375961006985,108
Trh-F-100056,326,95,231,1453,95,231,0.0010012561889122668,2.1088790749455524e-05,1.804478131756512e-05,0.016381086377568965,236
Trh-F-100057,503,101,402,2153,101,402,0.0012238895829556886,8.628820966562254e-05,4.895161908987313e-05,0.025275111803426963,266
Trh-F-100059,506,304,202,3653,304,202,0.003563483995372738,5.8274285013545e-06,6.459822619846192e-05,0.025425857997085573,241
Trh-F-100060,647,483,164,4348,483,164,0.006412064838982957,0.006917401727424795,9.224015584673654e-05,0.03251092909904025,325
Trh-F-100061,760,515,245,4651,515,245,0.0070005725322758025,0.006059025076942544,0.00010882459832553725,0.0381890357268479,328
Trh-F-100062,338,204,134,2486,204,134,0.0003720731141173119,8.712647721753598e-07,0.00012964420939048503,0.016984071152203406,121
Trh-F-100064,609,328,281,6676,328,281,0.004628202124287241,6.439219585251448e-05,5.57817899325605e-05,0.030601477312697856,320
Trh-F-100065,1179,788,391,10286,788,391,0.028483621955629684,0.0005576510710199377,0.00022305428855691578,0.05924325410783378,331
Trh-F-100066,3444,2732,712,43643,2732,712,0.07396570990584421,0.00032174046948973126,0.0006669708752387461,0.17305663032008442,352
Trh-F-100067,286,170,116,1666,170,116,0.0018479810587836364,1.7992764226832685e-05,4.3590744451931234e-05,0.014371137128787499,196
Trh-F-100068,1321,716,605,16034,716,605,0.0027791588227238494,4.762297224788504e-05,0.0004837296112731864,0.06637857394100799,273
Trh-F-100070,1015,934,81,7055,934,81,0.017499469743559558,1.8383363109114675e-05,9.045190823491225e-05,0.05100246218782976,352
Trh-F-100071,1034,664,370,35070,664,370,0.008530564861226497,0.06363327424085634,0.0003794966431417019,0.05195718808100096,348
Trh-F-100072,702,454,248,3455,454,248,0.006280078427784958,0.0022692862439507187,0.00015412284458972184,0.035274609316114765,308
Trh-F-100073,684,315,369,3892,315,369,0.004303614322084264,1.760709756738031e-05,5.497964527733613e-05,0.03437013215416311,302
Trh-F-100074,742,513,229,14775,513,229,0.006748648699171716,0.027433211067864675,0.00017476240537893855,0.037284558564896236,348
Trh-F-100075,1024,538,486,6690,538,486,0.010487533237448603,9.651100683608541e-06,5.345440549300435e-05,0.05145470076880559,352
Trh-F-100076,335,213,122,2015,213,122,0.003103817166066177,1.0633008839041933e-05,3.360072972616065e-05,0.016833324958544796,236
Trh-F-100077,270,150,120,1325,150,120,0.001937740625208648,8.939030489007556e-06,3.501407107761527e-05,0.01356715742927491,211
Trh-F-100079,521,19,502,2433,19,502,0.000304814786971685,2.572739979990027e-07,8.286508644665437e-06,0.026179588965378624,248
Trh-F-100080,892,548,344,20086,548,344,0.007254866247265375,0.01690112323542978,0.00036880688136762044,0.04482186824782674,348
Trh-F-100082,250,48,202,1157,48,202,0.000743912796671613,5.802773170002823e-06,1.430129887809666e-05,0.012562182804884177,174
Trh-F-100083,631,565,66,4342,565,66,0.011151093245991488,1.573036797486071e-05,6.369149900594873e-05,0.03170694939952766,352
Trh-F-100085,1114,701,413,34480,701,413,0.009815415047494357,0.02968803587207056,0.0008132618127728454,0.055977086578563894,348
Trh-F-100088,681,304,377,14902,304,377,0.004564888292219689,0.004589145176274296,0.00014352157742975535,0.0342193859605045,348
Trh-F-100089,482,305,177,3390,305,177,0.004071345976919237,3.0277173953951553e-05,5.746937220920582e-05,0.024219888447816692,259
Trh-F-100090,152,32,120,853,32,120,0.0001463899918941016,3.2722799238824366e-07,1.25843290468093e-05,0.007637807145369579,121
Trh-F-100091,968,680,288,5944,680,288,0.009043219990992939,0.003558854915808675,0.0002113193011130941,0.04864077182051153,331
Trh-F-100093,786,432,354,2654,432,354,0.00824824487484131,3.862335786063144e-05,7.455970370668253e-05,0.03949550273855585,346
Trh-F-100096,550,416,134,2426,416,134,0.01016646520918094,1.3958821003663136e-05,2.4641923366800586e-05,0.027636802170745187,352
Trh-F-100097,582,136,446,28798,136,446,0.0020803447576201372,0.0014366628661790443,1.6758822662378585e-05,0.029244761569770364,348
Trh-F-100098,906,532,374,31807,532,374,0.006572658909343372,0.023578476241959394,0.00044636718716126514,0.04552535048490026,348
Trh-F-100099,839,418,421,28804,418,421,0.006272433623383892,0.03136542825888215,0.0002223564690929143,0.042158685493191295,348
Trh-F-100100,808,428,380,18036,428,380,0.0056713038873860465,0.007435712443310912,0.00017152243384186477,0.04060097482538566,348
Trh-F-100101,933,545,388,25501,545,388,0.006853745999818411,0.019238600550805313,0.0003925432756186202,0.04688206622782775,348
Trh-F-100103,1049,650,399,45401,650,399,0.00752149246044113,0.062188385922982266,0.000511447339305985,0.05271091904929401,348
Trh-F-100104,635,274,361,14952,274,361,0.003982265881241432,0.004710389615232266,8.377257889388232e-05,0.03190794432440581,348
Trh-F-100105,947,570,377,36519,570,377,0.007300210551433944,0.044449942009796024,0.00031295298036568714,0.04758554846490126,348
Trh-F-100106,477,84,393,13669,84,393,0.0012622683640108904,0.0006209890859024734,1.6463787718368457e-05,0.02396864479171901,346
Trh-F-100107,1211,856,355,102453,856,355,0.010331711434056779,0.20916813095185097,0.0013784574958126154,0.06085121350685895,348
Trh-F-100109,984,529,455,39535,529,455,0.006300555457989477,0.037409074058854005,0.00023084910075896103,0.049444751520024116,348
Trh-F-100110,375,48,327,15022,48,327,0.0005539572033071037,0.0005953043031711858,9.747543801586582e-06,0.018843274207326264,347
Trh-F-100113,686,197,489,18408,197,489,0.002769440611027682,0.0032907816686061535,2.873484216105365e-05,0.03447062961660218,348
Trh-F-100114,1101,867,234,58912,867,234,0.009688410392067203,0.13655877552986195,0.000824629448269131,0.055323853072709914,348
Trh-F-100115,709,330,379,14341,330,379,0.00488511484582411,0.004905376049745292,8.637105164268438e-05,0.035626350434651524,348
Trh-F-200000,878,457,421,10279,457,421,0.01427050771766017,0.00039196868640336814,0.00019159903651166284,0.04411838601075323,285
Trh-F-200001,442,140,302,3499,140,302,0.0018926776288370223,1.5825229559760933e-06,2.7154020618211583e-05,0.022209939199035224,241
Trh-F-200002,270,207,63,2310,207,63,0.0004237655958757163,2.236173250969717e-06,0.0001394448668166744,0.01356715742927491,121
Trh-F-200004,958,339,619,9894,339,619,0.007748862737121348,4.375376984550888e-05,0.0001247053022736621,0.04813828450831616,352
Trh-F-200005,283,232,51,2909,232,51,0.00044139516013316565,1.9946851481214387e-06,0.000198804815305062,0.014220390935128889,121
Trh-F-200006,359,165,194,1303,165,194,0.002748720320338703,1.5525690622582896e-05,6.775753088583633e-05,0.018039294507813677,282
Trh-F-200007,1574,1360,214,12980,1360,214,0.02804711818604128,4.515739507493393e-05,0.00014888446440994288,0.07909150293955078,352
Trh-F-200008,686,480,206,5639,480,206,0.006737479396220054,0.010091986185662979,0.00010239726005808079,0.03447062961660218,329
Trh-F-200009,1111,535,576,11338,535,576,0.008504124383893296,9.354048563270868e-05,0.0001629907524929621,0.05582634038490528,254
Trh-F-200010,320,219,101,3331,219,101,0.0003280653347105615,6.632749578949663e-07,0.0003460459757811888,0.016079593990251745,109
Trh-F-200011,104,19,85,823,19,85,4.987266578214016e-05,1.505493740534644e-07,1.0715796708879237e-05,0.005225868046831818,90
Trh-F-200012,464,277,187,3273,277,187,0.0038828397471900905,6.3511499783767584e-06,4.8679987952105764e-05,0.02331541128586503,241
Trh-F-200013,204,134,70,1356,134,70,0.00030908156838727356,1.144334420535111e-06,9.740555706916024e-05,0.010250741168785488,109
Trh-F-200014,222,32,190,2186,32,190,8.893994258173542e-06,1.993648115183601e-09,6.470384991677327e-05,0.01115521833073715,112
Trh-F-200015,274,7,267,2555,7,267,2.4989112025558612e-06,2.586964981965311e-10,1.1481739724084354e-05,0.013768152354153058,109
Trh-F-200016,410,253,157,3009,253,157,0.0028666775059083146,8.469372962709663e-06,8.33807684806194e-05,0.02060197980001005,235
Trh-F-200017,694,253,441,3684,253,441,0.003977293106732398,1.757261823920228e-05,4.317509829883434e-05,0.03487261946635847,294
Trh-F-200018,531,355,176,2719,355,176,0.006048414634407293,9.853564463915878e-06,3.612202788765357e-05,0.02668207627757399,268
Trh-F-200020,167,16,151,1080,16,151,2.924897385133447e-05,3.353299329726839e-08,3.145759094240254e-05,0.00839153811366263,121
Trh-F-200021,481,178,303,3917,178,303,0.0015617908704253557,8.944641661261482e-05,0.00014666403788229863,0.024169639716597156,231
Trh-F-200022,1207,796,411,7766,796,411,0.01755372302300541,8.040589327764477e-05,0.00013560064529873853,0.0606502185819808,352
Trh-F-200023,968,231,737,8704,231,737,0.0036100910698916816,2.3414232046753343e-05,8.842080972076362e-05,0.04864077182051153,241
Trh-F-200024,360,229,131,1464,229,131,0.002880953768112152,7.41646755766688e-06,3.390673618334999e-05,0.018089543239033213,209
Trh-F-200025,542,257,285,3467,257,285,0.002991796221854791,3.85427512075714e-06,4.416528448184388e-05,0.027234812320988896,241
Trh-F-200026,480,216,264,4684,216,264,0.003802430664875608,2.982353801864344e-05,3.494912248102537e-05,0.02411939098537762,315
Trh-F-200027,820,594,226,5892,594,226,0.007503323238940632,8.581725117588443e-05,0.0001209634397048853,0.0412039596000201,296
Trh-F-200028,305,216,89,2236,216,89,0.0030029997920748086,3.1887973087521215e-06,3.319790248163788e-05,0.015325863021958696,231
Trh-F-200029,500,92,408,17687,92,408,0.0013184806082270014,0.0006268905383340717,1.0816504419904027e-05,0.025124365609768353,348
Trh-F-200030,478,175,303,5629,175,303,0.0027310721817569634,0.0007785495251858786,2.038007041383969e-05,0.024018893522938546,348
Trh-F-200031,329,193,136,1682,193,136,0.003433826189074364,4.4025730863346805e-05,6.757017577103858e-05,0.016531832571227575,261
Trh-F-200033,237,135,102,1074,135,102,0.0015665196935605483,1.3015023340673732e-05,2.4073221938519562e-05,0.0119089492990302,202
Trh-F-200034,491,138,353,3231,138,353,0.003819545624553015,3.877935125017078e-06,4.4493908230958305e-05,0.024672127028792522,241
Trh-F-200035,264,65,199,1942,65,199,0.00018191414711897846,1.6306269256189524e-07,7.407975314923958e-05,0.01326566504195769,109
Trh-F-200036,812,565,247,16982,565,247,0.007183516778525561,0.032442259549928854,0.00019580148810460454,0.0408019697502638,348
Trh-F-200038,674,246,428,3861,246,428,0.0076574323067924496,1.6830819199962636e-05,8.27344453768726e-05,0.03386764484196774,262
Trh-F-200039,305,97,208,1716,97,208,0.0008651217392301356,9.1182473073476e-07,1.6356894490951375e-05,0.015325863021958696,231
Trh-F-200040,451,136,315,2079,136,315,0.00129993084143354,3.0408983213618636e-05,3.6865912455815834e-05,0.022662177780011054,230
Trh-F-200041,431,161,270,3093,161,270,0.001364922379595369,3.7259700394671427e-06,2.6005859695316423e-05,0.021657203155620322,241
Trh-F-200042,350,228,122,3285,228,122,0.003407765938573483,5.39351407075935e-06,4.835174476063764e-05,0.017587055926837847,241
Trh-F-200043,1168,830,338,6474,830,338,0.016464137215018392,0.0003092303929044565,0.00014537711998097513,0.05869051806441887,348
Trh-F-200045,979,457,522,7342,457,522,0.006597998602724343,3.1713823027780205e-05,0.00010292109143089932,0.049193507863926435,248
Trh-F-200046,431,256,175,2703,256,175,0.00404099369632981,1.9849396721010764e-05,4.289145369081461e-05,0.021657203155620322,241
Trh-F-200047,755,515,240,5944,515,240,0.00594485061766976,0.0001464726400551888,0.00024094703775914933,0.037937792070750216,241
Trh-F-200048,280,50,230,1646,50,230,0.00034892529897009026,2.242284678303231e-06,1.372263763405089e-05,0.014069644741470278,174
Trh-F-200050,283,121,162,1695,121,162,0.0008039706687291382,4.800597957636513e-06,2.7837959573044997e-05,0.014220390935128889,175
Trh-F-200051,511,426,85,3455,426,85,0.005945193086210496,8.206387586177401e-05,0.00010730541058960557,0.02567710165318326,271
Trh-F-200052,602,349,253,5229,349,253,0.0051709390212892,6.210754396157363e-05,5.3684495852528284e-05,0.030249736194161096,321
Trh-F-200053,1105,988,117,7775,988,117,0.02018670576350813,1.9833509712774336e-05,0.0001100376006117826,0.05552484799758806,352
Trh-F-200054,210,121,89,961,121,89,0.001034983060431884,9.162238683275516e-06,2.576210448605337e-05,0.010552233556102708,179
Trh-F-200055,386,174,212,2745,174,212,0.002511251289428228,9.129177150729883e-06,4.0987591169716376e-05,0.01939601025074117,186
Trh-F-200058,592,20,572,4230,20,572,0.00017033478581497815,1.5397778109894415e-07,1.2203488999492213e-05,0.02974724888196573,324
Trh-F-200059,654,316,338,5495,316,338,0.0037077649901801667,6.423566300521233e-05,9.523533064490727e-05,0.03286267021757701,287
Trh-F-200060,696,328,368,12380,328,368,0.004652949355633208,0.004093886216409199,8.751554366514298e-05,0.03497311692879755,348
Trh-F-200061,760,202,558,5868,202,558,0.0034712654759170083,1.4727380570975329e-05,6.797768486280799e-05,0.0381890357268479,241
Trh-F-200062,364,146,218,2467,146,218,0.001841680593445784,3.125021898133773e-06,2.6097651577652308e-05,0.018290538163911362,241
Trh-F-200063,987,926,61,6406,926,61,0.018409587602156798,1.5080720148180433e-05,7.690848856783371e-05,0.049595497713682726,352
Trh-F-200064,692,472,220,12965,472,220,0.006180264142878486,0.013226736766661813,0.00025459984171398437,0.0347721220039194,348
Trh-F-200065,399,52,347,7590,52,347,0.0008839584506777635,0.0002021575249753941,1.0475835709909814e-05,0.020049243756595145,341
Trh-F-200066,1343,1061,282,10285,1061,282,0.021094738655984782,2.570212972551846e-05,0.00011810519649327258,0.0674840460278378,352
Trh-F-200067,444,131,313,3816,131,313,0.001447039734284922,2.5411423046944334e-06,2.78919479329814e-05,0.0223104366614743,241
Trh-F-200068,511,118,393,12380,118,393,0.0018426909758906989,0.0012172136494745134,1.4425804882568937e-05,0.02567710165318326,348
Trh-F-200069,718,229,489,4114,229,489,0.0039466903977950565,0.00013383077449177416,3.386810699007912e-05,0.036078589015627355,206
Trh-F-200070,419,149,270,2214,149,270,0.0056437973055908424,0.00014482832577759615,5.70963251530841e-05,0.02105421838098588,269
Trh-F-200071,223,74,149,1079,74,149,0.0017112606916131025,5.7318284148293656e-05,1.5634819551073866e-05,0.011205467061956685,182
Trh-F-200072,403,341,62,2277,341,62,0.005025743164933009,6.230102881451397e-06,7.761923770072117e-05,0.02025023868147329,241
Trh-F-200073,353,105,248,2568,105,248,0.0008568251393967568,5.608206716457347e-06,4.56894172550713e-05,0.017737802120496457,235
Trh-F-200074,734,607,127,13848,607,127,0.007181883127989477,0.016348959930441744,0.0003063819243096239,0.036882568715139945,348
Trh-F-200079,308,35,273,2326,35,273,0.00016407574362603528,8.920467767372377e-07,1.272052338889988e-05,0.015476609215617306,228
Trh-F-200080,364,308,56,2502,308,56,0.003322711556263184,1.5461745256139173e-05,6.751906183847868e-05,0.018290538163911362,234
Trh-F-200082,699,379,320,5452,379,320,0.005068594451109673,3.1340546270869564e-05,7.735390123859939e-05,0.035123863122456155,290
Trh-F-200083,434,120,314,3311,120,314,0.0022132671786930192,2.266061949164724e-06,2.355186410137537e-05,0.021807949349278932,241
Trh-F-200085,314,132,182,1389,132,182,0.0017468320541138087,2.5388861303576353e-06,1.728618756920539e-05,0.015778101602934524,231
Trh-F-200086,275,216,59,2113,216,59,0.00303678636717491,5.652652723435597e-06,3.689703706727664e-05,0.013818401085372594,225
Trh-F-200088,411,22,389,3536,22,389,0.00011303218624200646,1.4520588341680221e-06,9.092953055376426e-06,0.020652228531229586,241
Trh-F-200089,361,157,204,2367,157,204,0.001769233669139653,4.918952261347525e-06,2.8159066879554086e-05,0.018139791970252752,241
Trh-F-200090,513,191,322,4364,191,322,0.0025628907568142124,1.8100908934592064e-05,6.427982158134153e-05,0.02577759911562233,241
Trh-F-200091,386,317,69,2392,317,69,0.004454779462753198,5.651009817321815e-06,5.366313050592849e-05,0.01939601025074117,235
Trh-F-200092,739,448,291,11487,448,291,0.005817478488687129,0.013754453496160274,9.160591134998334e-05,0.037133812371237626,348
Trh-F-200093,1000,769,231,7862,769,231,0.016627035483002657,5.3421366920298116e-05,0.0001319553819494805,0.050248731219536706,352
Trh-F-200094,554,128,426,3232,128,426,0.004256510092299781,0.0001887606698476309,8.100684163670578e-05,0.027837797095623337,254
Trh-F-200095,889,612,277,29439,612,277,0.007726365959076703,0.05556862722795054,0.0003562266475508078,0.04467112205416813,348
Trh-F-200096,1619,1478,141,12289,1478,141,0.029573845463959345,6.827666221797475e-05,0.0002056678264696811,0.08135269584442993,352
Trh-F-200097,541,442,99,1809,442,99,0.008485770938617396,6.851314194517308e-05,4.8839427074756505e-05,0.027184563589769357,307
Trh-F-200098,155,77,78,661,77,78,0.0003264833597330748,5.104029191368826e-07,2.905630028469114e-05,0.007788553339028189,102
Trh-F-200099,850,552,298,17797,552,298,0.0074239614231725835,0.014600819942251687,0.0003243404893001045,0.0427114215366062,348
Trh-F-200100,849,768,81,32417,768,81,0.009062213529849221,0.04020069482739487,0.0008452946361260201,0.042661172805386664,348
Trh-F-200101,400,51,349,7651,51,349,0.0008179394538599736,0.00025047874139032917,1.0635718861831829e-05,0.02009949248781468,341
Trh-F-200102,409,305,104,1981,305,104,0.005545161454173362,1.191397466500232e-05,3.8688198270278044e-05,0.02055173106879051,241
Trh-F-200103,302,229,73,1194,229,73,0.0035946163639671005,2.298616796014495e-05,3.510766428316929e-05,0.015175116828300085,231
Trh-F-200104,701,454,247,9308,454,247,0.005822180386788981,0.01725332884741912,0.00010924419180783921,0.03522436058489523,348
Trh-F-200105,2007,1257,750,10707,1257,750,0.026881218048957014,3.903963425528503e-05,9.985102941901383e-05,0.10084920355761016,352
Trh-F-200106,705,361,344,11532,361,344,0.005593617755054373,0.009951987285613435,6.347203567293382e-05,0.035425355509773375,348
Trh-F-200107,281,224,57,2679,224,57,0.002916380685841199,4.012409356635497e-06,4.2374123253170444e-05,0.014119893472689814,229
Trh-F-200108,793,607,186,17781,607,186,0.007259253269843758,0.03546305134466404,0.00022908470079059445,0.03984724385709261,348
Trh-F-200109,580,510,70,3710,510,70,0.009839483104726028,9.026955191213307e-06,5.3844473957616224e-05,0.02914426410733129,343
Trh-F-200110,996,761,235,41330,761,235,0.008676994133383839,0.08782858178091771,0.0005768992839857643,0.05004773629465856,348
Trh-F-200111,352,61,291,2887,61,291,0.0006838912518744081,2.4039819765897144e-07,1.1278033337849762e-05,0.01768755338927692,241
Trh-F-200112,801,511,290,4647,511,290,0.015686753780515494,8.681472050459189e-05,0.00010534223723444606,0.0402492337068489,277
Trh-F-200113,1017,539,478,7047,539,478,0.011039977138536126,9.273692311515054e-06,5.234942918871267e-05,0.05110295965026883,352
Trh-F-200114,1186,575,611,11381,575,611,0.008710960325558457,0.0001089669241765571,0.00016111237440651129,0.05959499522637053,255
Trh-F-200115,321,114,207,2347,114,207,0.0006373025397639565,2.4982342883172222e-06,5.381257441265815e-05,0.016129842721471284,224
Trh-F-200116,404,270,134,3518,270,134,0.0044314605642244605,4.566853611209401e-06,4.562520765764526e-05,0.02030048741269283,241
Trh-F-200117,949,824,125,4623,824,125,0.020447767771094034,5.083585827101541e-05,9.571743354188857e-05,0.04768604592734033,352
Trh-F-200118,101,73,28,546,73,28,0.0005339567258625658,6.016748356045579e-06,4.1708666352133426e-05,0.005075121853173208,74
Trh-F-200120,809,379,430,5472,379,430,0.007136884209427172,7.4314317231543104e-06,4.255764474128629e-05,0.04065122355660519,352
Trh-F-200121,665,272,393,10316,272,393,0.003462606756820043,0.0019253741646920338,2.2822479079645606e-05,0.03341540626099191,348
Trh-F-200122,91,31,60,386,31,60,0.00026086189037149266,9.386850429990346e-08,9.161181448493576e-06,0.0045726345409778405,87
Trh-F-200123,990,741,249,31953,741,249,0.00899488885400111,0.03620205021960688,0.0007734459738142146,0.049746243907341336,348
Trh-F-200124,854,552,302,18844,552,302,0.007383924277804207,0.03167002110551506,0.00019211137803801763,0.042912416461484346,348
Trh-F-200126,830,206,624,4248,206,624,0.005099264857477856,1.39102964664181e-05,4.8717799672428076e-05,0.041706446912215464,284
Trh-F-200127,1240,807,433,9085,807,433,0.01600440496067793,3.3215203987098744e-05,0.00010809016016075468,0.062308426712225515,352
Trh-F-200128,1242,1108,134,7571,1108,134,0.021774943169688532,2.0441890882433626e-05,9.361088258678077e-05,0.06240892417466459,352
Trh-F-200129,533,272,261,4573,272,261,0.004076264765599393,0.002254544811682362,5.842839538114041e-05,0.026782573740013065,348
Trh-F-200130,314,62,252,2786,62,252,0.00031192660895550497,1.3230312861341953e-06,3.197227032060913e-05,0.015778101602934524,231
Trh-F-200131,883,725,158,36437,725,158,0.008405347952158825,0.04805704597036524,0.0010613328463893463,0.044369629666850915,348
Trh-F-200132,440,263,177,3217,263,177,0.003625279431613793,2.9454202586214375e-05,5.2518500712639124e-05,0.022109441736596153,252
Trh-F-200149,497,133,364,17162,133,364,0.0019848554428440923,0.002049557476604289,3.593811188532747e-05,0.024973619416109743,348
Trh-F-200152,651,278,373,18608,278,373,0.003873683707058019,0.007430082100492681,6.64166776445688e-05,0.0327119240239184,348
Trh-F-200157,760,494,266,36551,494,266,0.006299130119879016,0.07648173285598328,0.0004298337046915071,0.0381890357268479,348
Trh-F-200160,315,180,135,7348,180,135,0.0026060319094357025,0.0035673081631558095,2.8840874249167663e-05,0.015828350334154064,290
Trh-F-200161,893,483,410,36758,483,410,0.006393325573486188,0.035590601491465645,0.00019070362277573378,0.04487211697904628,348
Trh-F-200162,842,562,280,29367,562,280,0.006838892626130334,0.03055463708458116,0.0005323569474833746,0.042309431686849905,348
Trh-F-200164,476,37,439,14894,37,439,0.0005299153000749598,0.0005154308260339958,1.1144401374607166e-05,0.02391839606049947,348
Trh-F-200167,524,175,349,10702,175,349,0.0025834981232060366,0.0015015406836014114,4.624207184651292e-05,0.026330335159037235,348
Trh-F-200168,542,87,455,40094,87,455,0.0011169911963773943,0.000692346676780756,1.1053849387762222e-05,0.027234812320988896,348
Trh-F-300000,306,103,203,3285,103,203,6.604687817642101e-05,2.756853392326997e-08,0.0002485410099949149,0.015376111753178233,121
Trh-F-300001,185,141,44,768,141,44,0.00031158706653708714,4.523318440667624e-07,7.912959417912789e-05,0.009296015275614291,109
Trh-F-300002,708,477,231,4755,477,231,0.00926957604378388,6.575595102104965e-06,4.7744690558636975e-05,0.035576101703431985,352
Trh-F-300004,243,129,114,1818,129,114,0.0003676382639374412,1.2855260009031094e-06,7.654483886128655e-05,0.01221044168634742,109
Trh-F-300005,58,31,27,198,31,27,0.00016114368167347508,4.2361134204280176e-06,3.035455890703113e-05,0.002914426410733129,49
Trh-F-300006,235,157,78,756,157,78,0.0009766351922551363,8.339925932636557e-07,1.9859919682927915e-05,0.011808451836591126,188
Trh-F-300007,323,192,131,2317,192,131,0.00034487903552238243,3.9625959858340315e-07,0.00012362263761875287,0.016230340183910355,121
Trh-F-300008,378,259,119,2448,259,119,0.00401128453720006,5.9172370724070515e-06,3.9224143480401716e-05,0.018994020400984874,240
Trh-F-300009,320,14,306,4137,14,306,2.6399832471047263e-06,3.775407604847325e-10,3.393373691164204e-05,0.016079593990251745,121
Trh-F-300010,74,36,38,227,36,38,0.00012148380812820299,1.0653863469108207e-07,1.183551974512283e-05,0.0037184061102457163,70
Trh-F-300011,20,19,1,64,19,1,6.979435438881093e-05,3.2827380492743804e-08,1.2120300090405317e-05,0.001004974624390734,20
Trh-F-300014,385,236,149,3731,236,149,0.00042888427012372665,1.0288345860452505e-06,0.00017683025641441257,0.019345761519521634,121
Trh-F-300015,98,8,90,1031,8,90,5.03138071211586e-05,9.378072034191962e-08,9.15986278498599e-06,0.004924375659514597,83
Trh-F-300016,412,344,68,2354,344,68,0.004696843155120331,0.0015765408981031112,6.240402083471681e-05,0.020702477262449122,266
Trh-F-300017,603,534,69,3305,534,69,0.008426780859408735,0.00011617763614900531,8.199737589423884e-05,0.030299984925380635,317
Trh-F-300018,816,470,346,5799,470,346,0.014328837404229583,7.335231423205876e-05,0.00014994150743021523,0.04100296467514195,291
Trh-F-300019,519,451,68,3325,451,68,0.011193889177019918,7.546824690536604e-05,8.244863539128612e-05,0.02607909150293955,236
Trh-F-300020,445,172,273,4515,172,273,0.002107967537358869,2.748349223091915e-06,3.40149421794541e-05,0.022360685392693834,241
Trh-F-300021,327,183,144,1896,183,144,0.0031618587851693783,6.048731812703114e-06,3.3010003545479466e-05,0.016431335108788504,232
Trh-F-300022,661,109,552,4163,109,552,0.0011926599106184784,1.184804996766521e-05,3.231659668947195e-05,0.03321441133611376,290
Trh-F-300023,519,469,50,2584,469,50,0.010209085395697197,6.590631531525517e-06,4.075571637092015e-05,0.02607909150293955,341
Trh-F-300024,346,20,326,2535,20,326,0.00013245638291257535,1.56497682323228e-07,1.321810989678093e-05,0.0173860610019597,239
Trh-F-300025,386,137,249,2858,137,249,0.001259176506393414,3.466816613783874e-06,2.6442832181490007e-05,0.01939601025074117,241
Trh-F-300026,805,551,254,3738,551,254,0.010993046706348462,9.977094621731989e-05,6.60352485750711e-05,0.04045022863172705,296
Trh-F-300029,707,58,649,5898,58,649,0.0007328774865960039,1.490699884128921e-06,1.0395049535788294e-05,0.03552585297221245,352
Trh-F-300030,296,54,242,2150,54,242,0.00034961726013416663,2.2319857200494894e-06,2.1034945844748632e-05,0.014873624440982865,221
Trh-F-300031,225,23,202,897,23,202,6.638854444858106e-05,1.6416267036897955e-07,8.664633611641819e-06,0.01130596452439576,150
Trh-F-300032,757,460,297,13251,460,297,0.006418631312560765,0.020717817778226667,0.00013846276381672973,0.03803828953318929,348
Trh-F-300033,370,339,31,1449,339,31,0.0044195828780526905,1.6863501772364853e-05,8.366142822739725e-05,0.018592030551228583,241
Trh-F-300034,572,114,458,3929,114,458,0.0035390519194981925,5.448132969454506e-06,0.00021508087520506395,0.028742274257574998,241
Trh-F-300035,1493,1201,292,11042,1201,292,0.023613627829761376,5.0309606648387546e-05,0.00017122329259204336,0.0750213557107683,352
Trh-F-300036,928,767,161,4698,767,161,0.01607475917754085,2.1345383061529084e-05,4.987858092680151e-05,0.04663082257173006,352
Trh-F-300037,394,19,375,8164,19,375,0.00017419192791337092,0.00010783503520715342,8.349133054134167e-06,0.019798000100497464,342
Trh-F-300038,697,469,228,7640,469,228,0.005956589259525617,0.007938179192754725,0.00014949294645737532,0.03502336566001708,348
Trh-F-300039,794,634,160,14682,634,160,0.007981587361707778,0.01802807593512195,0.0003486081792174499,0.03989749258831214,348
Trh-F-300040,250,194,56,1586,194,56,0.003126000930954903,3.4806065225162457e-06,2.820678768828766e-05,0.012562182804884177,212
Trh-F-300041,319,20,299,1458,20,299,0.00017681501216143392,6.497059544333437e-07,9.112025224773093e-06,0.01602934525903221,202
Trh-F-300042,646,291,355,4300,291,355,0.012029935048955312,3.7230148084020457e-05,6.299311754632414e-05,0.03246068036782071,254
Trh-F-300043,1226,618,608,6184,618,608,0.018474981561601742,0.0002759313193456005,0.00014496330793033313,0.061604944475152,352
Trh-F-300044,1453,1021,432,11768,1021,432,0.0216524450710489,6.96212358030046e-05,0.0001631422139789687,0.07301140646198684,352
Trh-F-300045,475,190,285,2069,190,285,0.001312498381619816,1.9288677893006516e-06,5.283591483870437e-05,0.023868147329279936,254
Trh-F-300046,303,239,64,2313,239,64,0.004193345949540337,5.692684313958608e-06,4.187223774576475e-05,0.015225365559519623,233
Trh-F-300047,1181,83,1098,11925,83,1098,0.000623711490871214,2.5221964532946424e-06,2.4772013493407068e-05,0.05934375157027285,352
Trh-F-300048,1370,972,398,13574,972,398,0.019251609636208512,0.00010467624926490398,0.00026517492013804195,0.06884076177076529,352
Trh-F-300049,521,229,292,4796,229,292,0.0022454338728431942,6.823040250027552e-06,4.858473360784775e-05,0.026179588965378624,241
Trh-F-300051,702,320,382,5321,320,382,0.00404158170336883,5.237995744180444e-05,8.250973502345114e-05,0.035274609316114765,296
Trh-F-300052,1374,824,550,14228,824,550,0.014752176575977221,0.00034480374959175496,0.0002039860543309765,0.06904175669564344,285
Trh-F-300053,392,83,309,2464,83,309,0.001450818670585213,3.399157325767586e-05,1.6629313844681078e-05,0.01969750263805839,194
Trh-F-300054,350,214,136,3251,214,136,0.002853780076433903,3.869300610748798e-06,4.50877384586012e-05,0.017587055926837847,241
Trh-F-300055,407,158,249,1681,158,249,0.0007961227157850801,3.6915587168456757e-06,3.2910485954811556e-05,0.02045123360635144,197
Trh-F-300056,902,286,616,8104,286,616,0.006741433454298125,0.00025596598180680077,0.00014037295779186325,0.04532435556002211,352
Trh-F-300057,420,139,281,3284,139,281,0.0016690442403855873,4.684721109110535e-06,2.5711439355668354e-05,0.021104467112205417,241
Trh-F-300058,567,232,335,8973,232,335,0.0035541996381253647,0.006076016630360621,3.889781366260371e-05,0.028491030601477313,348
Trh-F-300059,571,241,330,5344,241,330,0.003568058957177197,0.0015629233029058186,3.7306014802730146e-05,0.02869202552635546,348
Trh-F-300060,255,169,86,1414,169,86,0.0020472650987553554,2.062267928603623e-05,3.1255699908538995e-05,0.01281342646098186,206
Trh-F-300061,2627,1922,705,15502,1922,705,0.05416813209780413,8.245269062238108e-05,0.00016564575750405464,0.13200341691372292,352
Trh-F-300062,373,232,141,3296,232,141,0.0033018763062669476,1.2511477469187126e-05,4.5108981050908204e-05,0.018742776744887193,241
Trh-F-300063,653,409,244,6408,409,244,0.005058352451945878,0.0033699823776214065,8.383889075872213e-05,0.03281242148635747,348
Trh-F-300064,393,109,284,4799,109,284,0.0016434158247182634,0.0008550904058526314,1.1688838729671707e-05,0.019747751369277925,348
Trh-F-300065,690,496,194,10992,496,194,0.006254898659588832,0.010251984059483044,0.0001935477836735418,0.03467162454148033,348
Trh-F-300066,2044,1924,120,17091,1924,120,0.054260929492138524,0.00013801246063795906,0.0002843251440246583,0.10270840661273303,352
Trh-F-300067,498,219,279,3344,219,279,0.0023727663414553606,9.062035288322808e-06,3.189717096948341e-05,0.02502386814732928,241
Trh-F-300069,504,136,368,2783,136,368,0.0030836096906572395,4.06775770239859e-06,3.604543244560721e-05,0.0253253605346465,309
Trh-F-300070,671,503,168,10805,503,168,0.006477062716315045,0.02362502197437615,0.0001397083362631168,0.03371689864830913,348
Trh-F-300071,838,595,243,13242,595,243,0.007702876072340521,0.02715370032995557,0.00017731661107377452,0.04210843676197176,348
Trh-F-300072,1399,614,785,10542,614,785,0.008093270559665132,6.937261273853412e-05,0.0003188926432684664,0.07029797497613186,297
Trh-F-300073,869,509,360,4575,509,360,0.011118199687782633,9.401568982021157e-06,4.517633537858392e-05,0.0436661474297774,352
Trh-F-300074,330,175,155,1283,175,155,0.0020497638236584253,4.505453904437967e-05,3.227174637164762e-05,0.016582081302447114,214
Trh-F-300076,127,27,100,608,27,100,0.0026089669969452953,8.869104805411434e-07,1.1613361093097814e-05,0.006381588864881162,124
Trh-F-300077,584,375,209,5809,375,209,0.004360513642764524,5.552247946281752e-05,8.11567454399465e-05,0.029345259032209435,308
Trh-F-300078,272,98,174,1861,98,174,0.0007429239594377248,3.971316008998711e-06,1.8327898490653087e-05,0.013667654891713983,218
Trh-F-300080,249,127,122,1722,127,122,0.000760301126552175,1.3706163135735739e-05,1.612974807543844e-05,0.01251193407366464,205
Trh-F-300082,310,191,119,1688,191,119,0.0018518117198763097,3.4382921887230754e-06,3.2721116287741474e-05,0.015577106678056379,202
Trh-F-300084,278,151,127,1471,151,127,0.0004941109475216034,1.4661718540775126e-06,3.187980886953039e-05,0.013969147279031204,181
Trh-F-300086,197,52,145,808,52,145,0.003343178286872385,5.198901709079388e-06,1.0437875597015762e-05,0.009899000050248732,187
Trh-F-300087,334,121,213,1339,121,213,0.0015231761326299558,3.720957741854111e-06,2.182197827228388e-05,0.01678307622732526,205
Trh-F-300088,41,5,36,299,5,36,8.220580439359268e-07,3.514394015555435e-09,8.492223374259063e-06,0.002060197980001005,37
Trh-F-300089,141,46,95,437,46,95,0.0017072727526675215,5.202675052388749e-06,1.2067711263534548e-05,0.007085071101954676,115
Trh-F-300090,881,651,230,5660,651,230,0.015366972030248765,3.31071093905017e-05,0.00011168337438565927,0.04426913220441184,352
Trh-F-300091,277,128,149,1027,128,149,0.00032166459318464267,1.6982942419947944e-07,8.430454363836893e-05,0.013918898547811668,148
Trh-F-300092,195,23,172,889,23,172,0.00018835920946137403,3.233174379285471e-06,1.0268148976649238e-05,0.009798502587809657,118
Trh-F-300093,546,8,538,5555,8,538,2.5987358386856562e-05,2.393286733207986e-08,1.048107092870278e-05,0.02743580724586704,121
Trh-F-300094,157,92,65,568,92,65,0.0006609274522627176,5.206953719298162e-06,1.6378221953342886e-05,0.007889050801467262,143
Trh-F-300095,112,39,73,396,39,73,0.0007524635374121684,8.517439181156933e-07,9.551044643479869e-06,0.005627857896588111,100
Trh-F-300096,30,21,9,82,21,9,4.535387769348897e-05,2.8369920013538792e-08,1.0024697313395573e-05,0.0015074619365861013,30
Trh-F-300097,339,179,160,2105,179,160,0.0003286534054507637,3.999570606248859e-07,0.00013424649936919918,0.017034319883422945,144
Trh-F-300098,573,302,271,8120,302,271,0.004326276723103844,0.006632008032108007,0.00010998148915776454,0.028792522988794533,348
Trh-F-300099,498,332,166,4799,332,166,0.003922650264024722,1.0866200168091457e-05,7.300272566555917e-05,0.02502386814732928,241
Trh-F-300100,359,230,129,2221,230,129,0.003357504295428835,3.514517259870315e-05,3.5733497958515776e-05,0.018039294507813677,233
Trh-F-300101,86,64,22,503,64,22,0.0005584329280700352,1.803627675628662e-05,4.702198390996804e-05,0.004321390884880157,71
Trh-F-300103,974,340,634,6835,340,634,0.005898313418718816,3.512000090387644e-05,3.354269362771233e-05,0.04894226420782875,352
Trh-F-300104,511,222,289,4452,222,289,0.0030170361160618366,1.4190866416446205e-05,7.955272773060546e-05,0.02567710165318326,241
Trh-F-300105,31,28,3,81,28,3,0.00012863392650879727,8.28363828123507e-08,1.1536673667001678e-05,0.001557710667805638,31
Trh-F-300108,382,321,61,2836,321,61,0.0041064620486617074,9.077086953871637e-06,5.866598404295275e-05,0.019195015325863023,241
Trh-F-300110,686,422,264,4796,422,264,0.008051294853369083,7.57945934287537e-05,0.0001126392562819154,0.03447062961660218,267
Trh-F-300111,542,236,306,4834,236,306,0.0029877054003477786,4.960561419840638e-05,5.687121222172221e-05,0.027234812320988896,254
Trh-F-300113,308,163,145,1276,163,145,0.0005856457098464623,8.069148889458899e-07,9.252240096375958e-05,0.015476609215617306,158
Trh-F-300114,512,292,220,3281,292,220,0.003634485737878207,3.6638785824515584e-05,5.0488608399418696e-05,0.025727350384402794,241
Trh-F-300115,1121,502,619,7257,502,619,0.009182037626805794,8.698308657115023e-06,4.599268077849978e-05,0.056328827697100646,352
Trh-F-300116,85,55,30,529,55,30,0.0003708151582335538,6.2830299272226626e-06,4.280363450238827e-05,0.00427114215366062,65
Trh-F-300117,264,45,219,1900,45,219,0.00034470287188178265,2.068745925499324e-06,1.5954775377351948e-05,0.01326566504195769,208
Trh-F-300118,726,459,267,10038,459,267,0.006240241923701101,0.015784205015353357,0.00010706676342726464,0.036480578865383646,348
Trh-F-300119,1592,1393,199,9293,1393,199,0.029457505030687395,4.513259015433486e-05,0.00011548054490754019,0.07999598010150244,352
Trh-F-300125,524,247,277,5172,247,277,0.0037676884725278198,0.003124877068914569,2.589506329471108e-05,0.026330335159037235,348
Trh-F-300126,362,226,136,1520,226,136,0.0010337972592618825,1.9305327515759607e-06,5.776252422604744e-05,0.018190040701472288,186
Trh-F-300127,255,209,46,1347,209,46,0.0034899458281284954,2.210980799348668e-05,6.538407092684341e-05,0.01281342646098186,217
Trh-F-300128,353,185,168,2431,185,168,0.002220460804554045,8.669883490451775e-06,5.204823211487174e-05,0.017737802120496457,253
Trh-F-300129,74,51,23,278,51,23,0.00020580489147149346,2.691249546410488e-07,1.61455033403079e-05,0.0037184061102457163,68
Trh-F-300130,256,111,145,1193,111,145,0.0024407616171829463,6.262910411870513e-06,2.1521531340687597e-05,0.012863675192201397,225
Trh-F-300131,154,105,49,788,105,49,0.00024690924205466897,6.423807798509644e-07,4.8442043236009047e-05,0.007738304607808653,97
Trh-F-300132,753,379,374,5382,379,374,0.006627514451486106,0.0001160021730707058,0.0001130178759828834,0.03783729460831114,345
Trh-F-300133,613,280,333,7642,280,333,0.0038838832141486527,0.0017786097057977276,3.9163519202114025e-05,0.030802472237576,348
Trh-F-300134,384,224,160,2635,224,160,0.003600974435703298,3.544673014012133e-06,3.3218019671731034e-05,0.019295512788302095,241
Trh-F-300135,1136,799,337,9029,799,337,0.016671928984035005,4.183583451411785e-05,0.00010766506135242034,0.0570825586653937,352
Trh-F-300136,277,224,53,1981,224,53,0.003403779488529753,5.567171112633704e-06,3.530291109436507e-05,0.013918898547811668,226
Trh-F-300137,1466,1124,342,9359,1124,342,0.028254320835312624,5.555029572959603e-05,9.993500724278463e-05,0.07366463996784081,352
Trh-F-300138,691,255,436,7456,255,436,0.005737846656364298,3.0391267825063763e-05,7.618707152651891e-05,0.03472187327269986,336
Trh-F-300139,467,287,180,3534,287,180,0.0025594370149607066,6.753242709907558e-06,6.40031920662956e-05,0.02346615747952364,241
Trh-F-300140,479,112,367,11636,112,367,0.0015957504314527409,0.0007098661396856877,1.2201656390437447e-05,0.02406914225415808,348
Trh-F-300141,437,37,400,14062,37,400,0.0006299774326989365,0.0001683298716605985,8.273957772089877e-06,0.021958695542937542,348
Trh-F-300142,193,91,102,923,91,102,0.0005680472546430417,1.7969653142552744e-06,8.130315582977938e-05,0.009698005125370585,132
Trh-F-300143,351,154,197,2013,154,197,0.0021128194765337254,6.283267204997245e-06,2.661908422949439e-05,0.017637304658057382,239
Trh-F-300144,1118,803,315,8369,803,315,0.01713939416437182,5.387191143636685e-05,0.00012122810868687834,0.056178081503442036,352
Trh-F-300145,990,701,289,39800,701,289,0.008386220798412895,0.08394055684909851,0.0005236093876176229,0.049746243907341336,348
Trh-F-300147,821,678,143,18294,678,143,0.008791964480089318,0.02152084877575883,0.0004254088213916629,0.041254208331239633,348
Trh-F-300148,373,146,227,3314,146,227,0.0013947416164258365,7.556999288953125e-06,6.330535223502856e-05,0.018742776744887193,239
Trh-F-300149,355,239,116,3336,239,116,0.003990759311899055,7.541991667395919e-06,5.498106660440018e-05,0.01783829958293553,239
Trh-F-300150,764,531,233,16136,531,233,0.0065062616830860185,0.01828129759722333,0.0003187546844221077,0.03839003065172605,348
Trh-F-300151,283,168,115,870,168,115,0.002712076096125972,1.629606870597392e-05,4.0849926457740096e-05,0.014220390935128889,187
Trh-F-300152,924,544,380,31347,544,380,0.006745757783336288,0.02572335980704233,0.0005579569385707557,0.04642982764685192,348
Trh-F-300153,442,140,302,10267,140,302,0.0018662085122764579,0.0007653022261324376,2.0342762928247714e-05,0.022209939199035224,345
Trh-F-300154,737,548,189,37044,548,189,0.007021540067975408,0.09107135446010695,0.0005355536664262586,0.037033314908798555,348
Trh-F-300156,437,165,272,11804,165,272,0.0023025989283661213,0.004914832175416894,3.3956921066614165e-05,0.021958695542937542,348
Trh-F-300157,571,226,345,13054,226,345,0.003435400514503989,0.0016803079628348915,3.914734893804481e-05,0.02869202552635546,348
Trh-F-300158,868,528,340,19617,528,340,0.007617786620783465,0.01233126531111411,0.00022829410325780618,0.043615898698557864,348
Trh-F-300159,1115,798,317,73146,798,317,0.008666269295780564,0.16448024777028247,0.0010077239647634905,0.056027335309783426,348
Trh-F-300160,404,8,396,18288,8,396,0.000134504996308575,8.462593917311334e-05,8.328051866264942e-06,0.02030048741269283,348
Trh-F-300161,1073,810,263,51646,810,263,0.0086298948480922,0.05619736752739794,0.001156760036564666,0.05391688859856288,348
Trh-F-300162,441,305,136,7248,305,136,0.004625862683210011,0.005195105638029665,4.757696838981833e-05,0.022159690467815688,348
Trh-F-300163,837,600,237,39985,600,237,0.006951620628324038,0.08837471802302768,0.0004969241331395142,0.042058188030752224,348
Trh-F-300165,881,609,272,38099,609,272,0.0072247222000807925,0.08270211318486034,0.00047947392200283536,0.04426913220441184,348
Trh-F-300166,875,578,297,24812,578,297,0.007581038713897394,0.02033990211747285,0.000404035758942594,0.04396763981709462,348
Trh-F-300167,978,633,345,31042,633,345,0.00828515198191544,0.027171470974885578,0.0005811914725646198,0.049143259132706896,348
Trh-F-300168,923,530,393,28040,530,393,0.006784502342800837,0.014711504402305207,0.0004357642691268211,0.04637957891563238,348
Trh-F-300169,669,303,366,19764,303,366,0.0039411395369337255,0.01394858601424919,6.890009977568971e-05,0.03361640118587006,348
Trh-F-300170,591,253,338,13712,253,338,0.003850555955775029,0.009818016069720692,5.857375982329058e-05,0.029697000150746194,348
Trh-F-300171,740,413,327,16082,413,327,0.005312126660977155,0.009630125712988283,0.0001569253610578898,0.037184061102457165,348
Trh-F-300172,739,498,241,22096,498,241,0.007123712335477133,0.02724186425671045,0.00044372551916128776,0.037133812371237626,348
Trh-F-300175,737,412,325,13348,412,325,0.005818033289967219,0.007659264392217218,0.00018740501599560022,0.037033314908798555,348
Trh-F-300177,893,648,245,46701,648,245,0.007971648653061495,0.12490261841045405,0.0006866946691220933,0.04487211697904628,348
Trh-F-300178,963,868,95,61321,868,95,0.010161694605258363,0.07797741400037124,0.0015740812604851857,0.04838952816441385,348
Trh-F-300179,607,196,411,16988,196,411,0.002876151203066393,0.0015884575562743633,4.0890078455001356e-05,0.03050097985025878,348
Trh-F-300180,767,480,287,21833,480,287,0.006221553064364046,0.023206081944793018,0.00042405815946598203,0.03854077684538466,348
Trh-F-300181,851,631,220,53046,631,220,0.007699205795445292,0.1318716858961879,0.000701974915192809,0.042761670267825735,348
Trh-F-300182,447,66,381,17251,66,381,0.0010531811891279555,0.0002790529644209975,1.3343292828387595e-05,0.02246118285513291,346
Trh-F-300183,705,353,352,20205,353,352,0.005234815777344237,0.012199763469378368,0.0003055182194889701,0.035425355509773375,348
Trh-F-300185,659,337,322,19895,337,322,0.005082124307643172,0.014996404942567283,0.00010691081453232298,0.03311391387367469,348
Trh-F-300186,753,474,279,29078,474,279,0.006250753868424592,0.06096468419738459,0.00034194858023575453,0.03783729460831114,348
Trh-F-300187,764,488,276,25870,488,276,0.006457790379858456,0.030254868283174433,0.0004614481108061585,0.03839003065172605,348
Trh-F-300188,702,281,421,18281,281,421,0.004005109777585341,0.0027697079511031027,6.766610707659802e-05,0.035274609316114765,348
Trh-F-300189,479,58,421,21496,58,421,0.0007201809683342398,0.0005295843179935989,1.01078271138667e-05,0.02406914225415808,348
Trh-F-400000,272,115,157,1589,115,157,0.001001451155111284,9.872919907111668e-06,1.468665389459385e-05,0.013667654891713983,205
Trh-F-400001,142,76,66,615,76,66,0.0017578219975335247,3.600814600033273e-05,2.3946873912487505e-05,0.007135319833174212,100
Trh-F-400003,229,12,217,1178,12,217,0.00010777502902491191,2.8945213224704266e-07,8.533820231913861e-06,0.011506959449273905,185
Trh-F-400004,181,68,113,672,68,113,0.0007256691396375237,2.725535815715246e-06,1.81565025193306e-05,0.009095020350736144,145
Trh-F-400005,2265,277,1988,18512,277,1988,0.0038312453104515426,9.921503691997776e-06,0.00011031252225269677,0.11381337621225064,352
Trh-F-400006,254,171,83,1093,171,83,0.0019832498644754516,7.118258631440431e-06,2.9353111587866793e-05,0.012763177729762324,198
Trh-F-400008,73,55,18,224,55,18,0.00028464105270911255,2.0231366919028244e-07,2.2654894893239857e-05,0.0036681573790261794,71
Trh-F-400009,273,119,154,1192,119,154,0.0004661624838397751,1.0052297081471386e-06,2.4096042644318118e-05,0.01371790362293352,182
Trh-F-400010,143,69,74,522,69,74,0.00029107582063834494,6.546129904033138e-07,1.556541498549199e-05,0.0071855685643937494,118
Trh-F-400011,61,45,16,231,45,16,0.00019675486375607705,2.030395612113926e-07,1.8311022052014757e-05,0.003065172604391739,60
Trh-F-400013,410,211,199,1472,211,199,0.0009332330484552651,3.069112309283771e-06,2.9859971894559325e-05,0.02060197980001005,183
Trh-F-400014,176,104,72,1018,104,72,0.0007745491174627472,4.722494818374924e-06,1.2749797334346028e-05,0.00884377669463846,174
Trh-F-400015,120,19,101,649,19,101,5.618002245976453e-05,3.007675463900507e-08,1.0124379624610552e-05,0.006029847746344405,100
Trh-F-400016,575,189,386,2884,189,386,0.000623901318665063,1.2696051391834637e-06,6.63845144590833e-05,0.028893020451233608,291
Trh-F-400017,54,17,37,151,17,37,3.990083776058181e-05,3.6979337025529495e-08,9.584703836208952e-06,0.002713431485854982,52
Trh-F-400018,38,18,20,91,18,20,6.203562279129434e-05,2.461171489202821e-08,1.0798387786741324e-05,0.0019094517863423948,38
Trh-F-400019,16,14,2,56,14,2,5.974453059507643e-05,8.632294073954464e-08,1.124466968944746e-05,0.0008039796995125873,16
Trh-F-400021,45,23,22,146,23,22,0.00011539567232166712,1.1521658684861624e-07,9.966942243059647e-06,0.0022611929048791516,45
Trh-F-400022,29,16,13,90,16,13,6.019727846750869e-05,8.321954847521939e-08,1.3301658544368157e-05,0.0014572132053665644,28
Trh-F-400024,25,15,10,69,15,10,5.030978738721019e-05,4.2459178929080304e-08,1.0764811692724784e-05,0.0012562182804884176,25
Trh-F-400025,775,238,537,6229,238,537,0.004742614878873203,2.3553444609155434e-05,5.828061748849286e-05,0.03894276669514095,352
Trh-F-400026,39,21,18,100,21,18,6.160444668607954e-05,2.625599147403818e-08,9.211571067244852e-06,0.0019597005175619317,37
Trh-F-400027,241,123,118,1007,123,118,0.0009405774351823577,1.4485167067249929e-06,2.8371562482249735e-05,0.012109944223908346,149
Trh-F-400029,127,63,64,456,63,64,0.0019929391860989873,9.3128783190208e-05,1.0309823931423621e-05,0.006381588864881162,90
Trh-F-400030,262,84,178,1619,84,178,0.0004978969929890451,4.671758714030973e-06,1.1064957612809212e-05,0.013165167579518617,205
Trh-F-400031,203,121,82,621,121,82,0.0024108825001513245,1.1146860976004742e-05,3.546381190585639e-05,0.01020049243756595,144
Trh-F-400032,216,25,191,675,25,191,0.00027035360079843366,5.150780588763675e-07,1.0204205351338404e-05,0.010853725943419929,164
Trh-F-400034,172,105,67,560,105,67,0.0015153124030636363,1.5092781392921545e-06,2.238358336198735e-05,0.008642781769760313,131
Trh-F-400035,159,14,145,548,14,145,9.531114233172878e-05,1.6462970633697e-07,8.571246863331738e-06,0.007989548263906337,147
Trh-F-400036,114,60,54,475,60,54,0.00024578463257454144,6.314889984446402e-07,1.2535421532518788e-05,0.005728355359027185,95
Trh-F-400037,80,21,59,333,21,59,0.0008667776095213273,1.291691097893273e-05,9.17327956593264e-06,0.004019898497562936,78
Trh-F-400038,183,105,78,806,105,78,0.0007820448510477507,1.3186586709997475e-05,1.961997459118957e-05,0.009195517813175217,142
Trh-F-400039,216,128,88,846,128,88,0.0005213888637965197,1.3049487081632716e-06,2.123252564500635e-05,0.010853725943419929,179
Trh-F-400040,272,80,192,1188,80,192,0.0029963061704963174,3.820574297594986e-05,1.4495558021542984e-05,0.013667654891713983,217
Trh-F-400041,197,40,157,974,40,157,0.0007265819789589889,1.3701393694839707e-06,1.4213173367483581e-05,0.009899000050248732,150
Trh-F-400042,279,100,179,1672,100,179,0.0007534807032965137,2.606414908534885e-06,1.949300936338863e-05,0.014019396010250741,231
Trh-F-400043,689,455,234,7862,455,234,0.0006819774873046305,6.241446878286009e-06,0.0005420936414119954,0.03462137581026079,121
Trh-F-400045,52,12,40,137,12,40,3.1866729027640105e-05,7.897713651254968e-08,8.70349869179805e-06,0.002612934023415909,52
Trh-F-400046,443,134,309,2963,134,309,0.0008808399438693496,7.962918574897967e-06,3.015484979260623e-05,0.02226018793025476,186
Trh-F-400048,35,21,14,93,21,14,7.75998213575429e-05,8.978063919825968e-08,1.0624556122457072e-05,0.0017587055926837848,35
Trh-F-400049,60,32,28,157,32,28,8.452055523468242e-05,1.0493178897459791e-07,1.1881301731219156e-05,0.0030149238731722026,59
Trh-F-400051,1140,374,766,13530,374,766,0.00814579956860795,5.053894079890417e-05,0.00016600860334534833,0.057283553590271846,352
Trh-F-400052,146,75,71,588,75,71,0.002144767900688874,0.00021530921978576403,1.487711634813315e-05,0.007336314758052359,107
Trh-F-400054,1396,1006,390,5884,1006,390,0.02524564436319574,4.649845700541285e-05,7.129528152049633e-05,0.07014722878247324,352
Trh-F-400055,1766,1503,263,11150,1503,263,0.033109592339880166,6.680818186970159e-05,0.00015333633139589132,0.08873925933370183,352
Trh-F-400056,305,121,184,1448,121,184,0.0005638358010568192,1.315327676361926e-06,2.456812364564874e-05,0.015325863021958696,181
Trh-F-400057,1406,774,632,10678,774,632,0.017011887519883168,9.53965031081073e-05,0.00016646016908315663,0.07064971609466861,352
Trh-F-400058,291,185,106,1229,185,106,0.0007636050866067583,3.2890620621849236e-06,3.286509856966738e-05,0.014622380784885182,186
Trh-F-400059,105,45,60,333,45,60,0.0003493562884509665,5.215477141666445e-07,1.1181787610162877e-05,0.005276116778051354,94
Trh-F-400060,343,205,138,1341,205,138,0.0010364693006637779,2.09204350344135e-06,3.261753740586451e-05,0.01723531480830109,186
Trh-F-400062,476,128,348,2873,128,348,0.0021056228372762316,8.745311527902926e-07,1.2391862308013e-05,0.02391839606049947,291
Trh-F-400063,987,768,219,3495,768,219,0.021350653961976825,2.0394560010958638e-05,5.2744576368950805e-05,0.049595497713682726,352
Trh-F-400064,41,13,28,150,13,28,7.258633920421773e-05,1.011141033849705e-06,1.1088403381398027e-05,0.002060197980001005,40
Trh-F-400065,582,229,353,4218,229,353,0.0026754820644407274,2.175469257001114e-05,5.827790461190539e-05,0.029244761569770364,284
Trh-F-400066,577,117,460,2265,117,460,0.00029992741701679844,3.976081838445583e-07,3.4055089125193796e-05,0.02899351791367268,296
Trh-F-400067,204,100,104,1106,100,104,0.000537373377770334,3.3306832363387466e-06,1.154475590068369e-05,0.010250741168785488,197
Trh-F-400068,803,570,233,12189,570,233,0.007645528393593791,0.01199766791303235,0.0002599611120297271,0.04034973116928797,348
Trh-F-400069,243,116,127,991,116,127,0.0013599837748965995,4.2303785822560124e-05,1.4445052227087626e-05,0.01221044168634742,188
Trh-F-400070,434,145,289,2197,145,289,0.001154046548492213,7.412599438761594e-06,2.3517514291090907e-05,0.021807949349278932,186
Trh-F-400072,124,44,80,432,44,80,0.00022185420088855282,2.97927720519643e-07,1.127561796310676e-05,0.006230842671222552,107
Trh-F-400073,193,83,110,710,83,110,0.0005490529298361803,1.1893787885941709e-06,1.65231831904358e-05,0.009698005125370585,154
Trh-F-400074,784,559,225,5029,559,225,0.00958075505909653,1.1522699463373758e-05,7.526173769104705e-05,0.03939500527611678,331
Trh-F-400075,307,92,215,3481,92,215,0.0007333258176588367,5.098025391637013e-06,3.101833496560179e-05,0.015426360484397768,245
Trh-F-400076,109,31,78,452,31,78,0.00013654145058218526,9.64860934026999e-08,1.1194136904273601e-05,0.005477111702929501,94
Trh-F-400077,286,143,143,1299,143,143,0.00047747370362065454,1.0311131709367395e-06,2.7706323226956395e-05,0.014371137128787499,181
Trh-F-400079,211,65,146,839,65,146,0.0012209221752942387,1.2366666241476811e-05,1.3758495978828287e-05,0.010602482287322246,156
Trh-F-400080,487,297,190,2881,297,190,0.0037180076527606755,1.8801996084178832e-05,5.15686975661504e-05,0.024471132103914377,241
Trh-F-400081,310,178,132,1335,178,132,0.0014833439005608325,1.7998379187125273e-06,2.9861654678145995e-05,0.015577106678056379,201
Trh-F-400082,389,28,361,7110,28,361,0.0003203980011960827,6.619960917055476e-05,9.907257858305973e-06,0.01954675644439978,336
Trh-F-400083,514,297,217,2754,297,217,0.0031178120669852227,1.860282504426623e-05,4.6266451059136026e-05,0.02582784784684187,240
Trh-F-400085,76,37,39,425,37,39,0.00025601056351187983,1.0025415780966703e-05,3.962240743417373e-05,0.0038189035726847896,56
Trh-F-400086,383,196,187,3157,196,187,0.00042153053003785533,2.3109628464331905e-06,0.00022517481652375483,0.01924526405708256,109
Trh-F-400087,419,199,220,2189,199,220,0.0024952515394952254,2.2031552169714863e-06,3.090209157232863e-05,0.02105421838098588,209
Trh-F-400088,718,396,322,12976,396,322,0.005734194926950457,0.011195375722942305,7.632244435351238e-05,0.036078589015627355,348
Trh-F-400089,1145,832,313,5617,832,313,0.01732801984491161,1.235141061019157e-05,6.484336441067972e-05,0.05753479724636953,352
Trh-F-400090,458,291,167,3789,291,167,0.002830702026410182,8.074111039745e-06,7.650404773736823e-05,0.02301391889854781,241
Trh-F-400091,230,76,154,964,76,154,0.0029633984097467087,4.2963849825657364e-05,1.70146636987117e-05,0.011557208180493442,182
Trh-F-400092,606,221,385,2984,221,385,0.0006446280626307851,1.4093951253259213e-06,7.680994411022922e-05,0.030450731119039245,277
Trh-F-400093,520,180,340,16366,180,340,0.002530179650237353,0.0028116705431769,2.6772052054934873e-05,0.02612934023415909,348
Trh-F-400094,462,170,292,9871,170,292,0.0025928563231667635,0.001200303342261038,3.151617926356053e-05,0.02321491382342596,347
Trh-F-400095,641,236,405,15987,236,405,0.0034149793131711295,0.0042374848913962135,2.9349295282680363e-05,0.03220943671172303,348
Trh-F-400096,833,585,248,20243,585,248,0.007576533782792692,0.02983005539139232,0.00022040665973566072,0.041857193105874074,348
Trh-F-400097,502,114,388,11950,114,388,0.001575021880632341,0.0005538952510290684,2.9009550441470693e-05,0.025224863072207428,347
Trh-F-400098,586,186,400,15559,186,400,0.0027001775773564402,0.0027211935968752404,2.913606508499847e-05,0.02944575649464851,348
Trh-F-400099,853,517,336,29194,517,336,0.006506120734629667,0.05498552129160171,0.00029085704596583666,0.042862167730264814,348
Trh-F-400101,593,196,397,19127,196,397,0.0026156480512512497,0.0045421973422858555,2.7987933317318756e-05,0.029797497613185266,348
Trh-F-400102,361,26,335,10175,26,335,0.00038801373277311675,0.00011921984378626182,8.514020392523555e-06,0.018139791970252752,334
Trh-F-400104,538,347,191,6532,347,191,0.004585183166894041,0.003569721731606348,8.390796436837274e-05,0.027033817396110747,348
Trh-F-400105,488,106,382,14369,106,382,0.0014735225895157915,0.0027542305688258583,1.8965332521266936e-05,0.024521380835133912,348
Trh-F-400106,965,729,236,58909,729,236,0.008340467652017992,0.1332561246001768,0.0007747219416066142,0.04849002562685292,348
Trh-F-400107,487,241,246,9974,241,246,0.0035739529660442602,0.008453241611852982,0.00017114446890814446,0.024471132103914377,348
Trh-F-400108,445,228,217,7629,228,217,0.0034353981834421353,0.007839860041770794,5.031677531495471e-05,0.022360685392693834,348
Trh-F-400109,788,530,258,17533,530,258,0.006503978336495678,0.01405296642076618,0.0003591020448762515,0.03959600020099493,348
Trh-F-400110,579,185,394,19578,185,394,0.0026073190768832084,0.004010963223733402,5.040600121091292e-05,0.029094015376111754,348
Trh-F-400111,686,317,369,18014,317,369,0.0046152383982269235,0.010938971285794779,7.710524367917527e-05,0.03447062961660218,348
Trh-F-400112,607,429,178,17876,429,178,0.005644749491807889,0.020779270948565593,0.00035464761759123204,0.03050097985025878,348
Trh-F-400113,807,429,378,18068,429,378,0.0061339220555554075,0.008287890444983605,0.00017334945249227056,0.04055072609416612,348
Trh-F-400114,762,392,370,20805,392,370,0.005245944857005492,0.014624796728433118,0.0001026244683416513,0.03828953318928697,348
Trh-F-400115,640,282,358,12473,282,358,0.0038807112638750284,0.0019910844503942507,4.4012936969291296e-05,0.03215918798050349,348
Trh-F-400116,439,94,345,10540,94,345,0.0013426166198263873,0.00040215535141569013,1.6433367460272293e-05,0.022059193005376614,344
Trh-F-400118,507,73,434,23834,73,434,0.0011071480175540457,0.001473183193395303,1.4527247268414472e-05,0.02547610672830511,348
Trh-F-400119,438,92,346,10622,92,346,0.0013031311513047815,0.000791214953211146,1.966973328983524e-05,0.022008944274157078,343
Trh-F-400120,663,278,385,16338,278,385,0.004309013005875771,0.005222925556242454,8.948073477889181e-05,0.03331490879855284,348
Trh-F-400121,745,414,331,21697,414,331,0.005731896096871692,0.02367267135550197,0.00014125825723286265,0.037435304758554847,348
Trh-F-400122,826,400,426,26341,400,426,0.005174758381404365,0.013476129967060237,0.00010855806941764336,0.04150545198733732,348
Trh-F-400123,798,451,347,19618,451,347,0.005736667353420204,0.014153373084584137,0.0002383365624905456,0.04009848751319029,348
Trh-F-400124,678,274,404,18892,274,404,0.0038612457865169984,0.006641022448653779,4.04111925834704e-05,0.03406863976684589,348
Trh-F-500000,279,40,239,831,40,239,0.001724567481120474,1.3111422191588481e-05,9.442935080946957e-06,0.014019396010250741,213
Trh-F-500001,301,97,204,2072,97,204,0.0007911854883777878,3.4654278710519526e-06,2.288548296728967e-05,0.015124868097080548,245
Trh-F-500004,253,132,121,1995,132,121,0.000796504131854637,1.2439005554981116e-05,1.881850864026883e-05,0.012712928998542787,205
Trh-F-500005,298,72,226,2340,72,226,0.0006357375506309625,2.5190591335039825e-06,1.767871977838996e-05,0.014974121903421938,241
Trh-F-500006,293,71,222,1934,71,222,0.0005174794907228474,1.5449539850063126e-06,1.695297251249967e-05,0.014722878247324255,241
Trh-F-500007,554,268,286,2434,268,286,0.010065231084415678,1.4637423856945063e-05,2.214926436876711e-05,0.027837797095623337,352
Trh-F-500008,459,180,279,2148,180,279,0.0007193304717520492,1.3594600758072874e-06,3.0448895744076894e-05,0.02306416762976735,183
Trh-F-500009,400,180,220,1460,180,220,0.0008640276587805626,3.265728856193234e-06,2.3426909632370088e-05,0.02009949248781468,183
Trh-F-500010,253,109,144,833,109,144,0.001569722134069534,1.8271816354826369e-06,1.6852664082726046e-05,0.012712928998542787,191
Trh-F-500011,326,101,225,1586,101,225,0.0009740451534334574,3.16780057328681e-06,2.0611443543470916e-05,0.016381086377568965,236
Trh-F-500013,308,138,170,1311,138,170,0.0006181267153790419,1.1015195546380409e-06,2.4362635792293042e-05,0.015476609215617306,186
Trh-F-500014,131,82,49,518,82,49,0.0010062309236322658,1.3836998593220855e-05,3.2459826187470294e-05,0.006582583789759309,114
Trh-F-500015,498,335,163,2921,335,163,0.013598360289099484,2.1129200017663884e-05,3.0028459156563134e-05,0.02502386814732928,352
Trh-F-500016,540,303,237,3337,303,237,0.0014981774474002029,8.238001600959707e-06,7.424254096061254e-05,0.02713431485854982,186
Trh-F-500017,224,71,153,852,71,153,0.000278177256246496,7.111020556140001e-07,1.527417214287026e-05,0.011255715793176222,170
Trh-F-500018,305,70,235,2751,70,235,0.0006496606233043308,3.2067094060699642e-06,2.1556152704067658e-05,0.015325863021958696,246
Trh-F-500020,518,268,250,3571,268,250,0.003120561604546481,7.424179022152046e-06,5.1221324054895185e-05,0.026028842771720014,241
Trh-F-500021,963,564,399,8419,564,399,0.008243726984798931,6.0176306056283765e-05,0.0001388596229257779,0.04838952816441385,248
Trh-F-500022,310,190,120,1931,190,120,0.0018044890747238554,3.8344306859079875e-06,6.0444393595713706e-05,0.015577106678056379,207
Trh-F-500023,99,36,63,330,36,63,0.0004266258795834358,1.0635874390182135e-06,1.1651467851942304e-05,0.004974624390734134,89
Trh-F-500024,294,209,85,1038,209,85,0.0024949374907150793,3.6325938657460083e-05,4.1550236190575934e-05,0.014773126978543792,191
Trh-F-500025,373,53,320,1373,53,320,0.00035508950876467904,1.7201543240094232e-06,1.1581860907757694e-05,0.018742776744887193,183
Trh-F-500026,396,203,193,1634,203,193,0.0007452831458030383,1.6046813445512888e-06,3.030252147574825e-05,0.019898497562936535,186
Trh-F-500027,199,112,87,849,112,87,0.0011384476478144608,1.2440554458879181e-05,1.5517235853833894e-05,0.009999497512687805,193
Trh-F-500029,58,35,23,216,35,23,0.00014060347066630042,2.2748893326629946e-07,1.3903509124921323e-05,0.002914426410733129,58
Trh-F-500031,210,172,38,751,172,38,0.002646165770930662,1.1656345538123916e-05,5.7113665975755805e-05,0.010552233556102708,159
Trh-F-500032,245,93,152,1027,93,152,0.00026902494137545516,4.3013057437952637e-07,1.6990736779622272e-05,0.012310939148786493,175
Trh-F-500033,213,30,183,1033,30,183,0.0003110289493897981,1.5495373622921234e-06,8.786029318795588e-06,0.010702979749761319,194
Trh-F-500034,271,209,62,1405,209,62,0.002900883260987804,9.084982265513844e-06,5.483388740782492e-05,0.013617406160494448,228
Trh-F-500035,185,100,85,699,100,85,0.0016187297991858698,4.606550328660969e-06,2.6315793452839227e-05,0.009296015275614291,157
Trh-F-500036,225,110,115,1063,110,115,0.0011290115586542293,1.2115006779549234e-05,1.3440989083734735e-05,0.01130596452439576,205
Trh-F-500037,232,120,112,962,120,112,0.00041530804810123505,5.856561010176488e-07,2.0740026904721518e-05,0.011657705642932515,179
Trh-F-500039,216,154,62,934,154,62,0.0009837560233713824,6.828388408725911e-07,2.3308052236912313e-05,0.010853725943419929,186
Trh-F-500040,481,73,408,13034,73,408,0.0008081664853578496,0.0002522908420774751,9.460109191632899e-06,0.024169639716597156,348
Trh-F-500041,365,245,120,2711,245,120,0.003297763356174878,1.8968154916320042e-05,4.1258359514486165e-05,0.018340786895130898,241
Trh-F-500042,1090,440,650,7556,440,650,0.007590170847460659,1.188799882864884e-05,4.6766396524789755e-05,0.05477111702929501,352
Trh-F-500043,228,35,193,729,35,193,0.00018075960761124271,8.439850124135188e-08,9.071658901386164e-06,0.01145671071805437,148
Trh-F-500044,380,98,282,1477,98,282,0.000530816835400819,7.929245498360201e-07,2.047019379579468e-05,0.01909451786342395,186
Trh-F-500045,270,66,204,808,66,204,0.0015529082741773097,4.396207690610522e-05,1.1774893993314504e-05,0.01356715742927491,211
Trh-F-500046,256,101,155,1391,101,155,0.0005951072383812753,2.777198964758868e-06,1.4093997107267764e-05,0.012863675192201397,205
Trh-F-500047,259,125,134,1037,125,134,0.00036949712147917735,4.924366299257853e-07,2.1731346903512036e-05,0.013014421385860007,182
Trh-F-500048,293,122,171,1387,122,171,0.0009802491881275323,1.1564941251709339e-05,1.863792561736529e-05,0.014722878247324255,214
Trh-F-500049,283,148,135,1665,148,135,0.000833210870210326,5.468840423125672e-06,1.7770304801855143e-05,0.014220390935128889,205
Trh-F-500051,392,140,252,1380,140,252,0.0016562162389880304,1.2500211975849531e-06,2.244941071047683e-05,0.01969750263805839,208
Trh-F-500052,1030,712,318,7556,712,318,0.013413261284973508,6.693040210246885e-05,0.00011717747050797208,0.05175619315612281,352
Trh-F-500053,310,119,191,1284,119,191,0.0004464942865655701,5.841854388813447e-07,2.4726333870652005e-05,0.015577106678056379,181
Trh-F-500054,276,49,227,955,49,227,0.0005826985884150024,1.089742233635913e-06,1.2150772001616809e-05,0.013868649816592131,197
Trh-F-500055,2941,2160,781,17297,2160,781,0.05941215366347493,8.175709746751114e-05,0.00020046966384456503,0.14778151851665747,352
Trh-F-500056,350,252,98,2020,252,98,0.002038834403182062,3.169692692057613e-06,5.895678101308297e-05,0.017587055926837847,200
Trh-F-500057,252,114,138,839,114,138,0.0015197628492500375,1.583893195604515e-06,1.669685650354195e-05,0.01266268026732325,198
Trh-F-500059,347,195,152,2373,195,152,0.0011371306270205727,1.2951949392558977e-05,2.0035052278120977e-05,0.017436309733179237,205
Trh-F-500060,214,30,184,832,30,184,0.0002408547116029785,6.534923248854053e-06,9.409986010673625e-06,0.010753228480980856,188
Trh-F-500061,265,119,146,1886,119,146,0.0006035162901883143,1.030083301841185e-05,1.5991061824835317e-05,0.013315913773177228,205
Trh-F-500062,330,218,112,1982,218,112,0.0008143442896513135,4.601948052178002e-06,4.6934747187546225e-05,0.016582081302447114,186
Trh-F-500063,324,279,45,2343,279,45,0.001277998800854574,1.54516197129565e-05,5.8957672154326e-05,0.016280588915129894,183
Trh-F-500064,271,159,112,1281,159,112,0.0011825203909138042,2.001116401751427e-06,2.529850463695795e-05,0.013617406160494448,197
Trh-F-500065,311,76,235,2455,76,235,0.0005117061150175789,2.142982273444235e-06,2.0074703427076564e-05,0.015627355409275914,237
Trh-F-500066,28,18,10,71,18,10,4.8878306460521445e-05,3.7166560562599856e-08,9.229650836325405e-06,0.0014069644741470278,28
Trh-F-500068,176,41,135,657,41,135,0.0003862341950028711,5.2169599595864326e-06,1.671508546191691e-05,0.00884377669463846,112
Trh-F-500069,191,101,90,749,101,90,0.003391078499365782,2.991120086575706e-05,1.7214173878574335e-05,0.009597507662931512,176
Trh-F-500070,145,69,76,512,69,76,0.001686398560900565,0.0002538180150298944,1.5063698359957829e-05,0.007286066026832822,101
Trh-F-500071,222,155,67,702,155,67,0.002335358389375598,7.573822451720589e-06,1.720631694033571e-05,0.01115521833073715,191
Trh-F-500072,765,389,376,3988,389,376,0.005900639830608905,4.7244918170128277e-05,5.82538353679126e-05,0.03844027938294558,278
Trh-F-500073,217,119,98,690,119,98,0.0009493999563600427,9.162227572023059e-07,1.7574185050089396e-05,0.010903974674639466,187
Trh-F-500074,394,184,210,2329,184,210,0.0015190550761743848,3.045263628759583e-05,2.6788950775664296e-05,0.019798000100497464,249
Trh-F-500075,301,103,198,1650,103,198,0.0008170958530948642,1.0221283973268824e-05,2.2903133473872716e-05,0.015124868097080548,225
Trh-F-500077,212,114,98,1167,114,98,0.0006237112722937582,2.463025678486266e-06,1.2567275117740443e-05,0.010652731018541781,200
Trh-F-500078,369,172,197,1634,172,197,0.0018209008214805876,1.2836586547768841e-05,2.8444352052678958e-05,0.018541781820009044,209
Trh-F-500080,786,47,739,6770,47,739,0.0010543477785550433,5.18521799016619e-07,9.88150705007858e-06,0.03949550273855585,344
Trh-F-500081,320,128,192,1696,128,192,0.0010836132400984379,8.630521114406926e-06,2.0140190960570734e-05,0.016079593990251745,235
Trh-F-500082,161,41,120,626,41,120,0.000163933256936219,2.750867160162195e-07,1.0412087742157725e-05,0.00809004572634541,148
Trh-F-500083,110,70,40,392,70,40,0.0003535333459572484,4.866937807649503e-07,1.5542985434065224e-05,0.005527360434149038,99
Trh-F-500084,2712,2010,702,13229,2010,702,0.05563741964222888,5.4635577799975544e-05,0.00015863182055029284,0.13627455906738356,352
Trh-F-500085,191,100,91,1009,100,91,0.002902518051342091,2.0052386070574073e-05,1.7677327038129762e-05,0.009597507662931512,145
Trh-F-500086,111,55,56,386,55,56,0.0002401087143395772,5.250749890873742e-07,1.3165669905917767e-05,0.005577609165368575,94
Trh-F-500087,303,200,103,1540,200,103,0.011929734039613008,8.778454889602049e-05,4.724488621180621e-05,0.015225365559519623,227
Trh-F-500088,795,369,426,14368,369,426,0.005561016339800603,0.007618463094250127,7.269990635711222e-05,0.03994774131953168,348
Trh-F-500090,261,20,241,1042,20,241,0.0006826672525438643,4.823079421867892e-07,9.171035870213132e-06,0.01311491884829908,219
Trh-F-500091,369,175,194,1454,175,194,0.0017185411823001557,3.9791434369260496e-05,4.5480761248972846e-05,0.018541781820009044,215
Trh-F-500092,422,374,48,3846,374,48,0.0062437993910928,9.829023975305923e-06,9.565401409122197e-05,0.02120496457464449,241
Trh-F-500093,226,137,89,1051,137,89,0.0009767830377748158,3.897941190491898e-06,1.889710453113938e-05,0.011356213255615295,191
Trh-F-500094,338,238,100,1056,238,100,0.0024572580012383405,5.658005981107246e-05,4.185511191210716e-05,0.016984071152203406,200
Trh-F-500099,48,32,16,163,32,16,0.00014832348280430823,1.5937994138145492e-07,1.5537682690769632e-05,0.002411939098537762,46
Trh-F-500101,36,21,15,99,21,15,4.8105699303847286e-05,3.674971718850778e-08,1.1037520647760188e-05,0.0018089543239033215,36
Trh-F-500102,374,230,144,1640,230,144,0.0011234423867149753,1.2069343460497564e-05,3.1199921985850314e-05,0.01879302547610673,183
Trh-F-500104,243,23,220,1388,23,220,8.170123777828179e-05,1.1603927275686714e-07,8.178027373804417e-06,0.01221044168634742,166
Trh-F-500105,320,177,143,2230,177,143,0.00022105769125416684,3.115677028611676e-07,0.00020904817984222193,0.016079593990251745,109
Trh-F-500106,241,163,78,1333,163,78,0.0012111333420385532,1.5029034904436369e-06,2.6666025626561865e-05,0.012109944223908346,197
Trh-F-500108,713,387,326,8934,387,326,0.005299571632878967,0.003405880952876752,8.060206789722963e-05,0.03582734535952967,348
Trh-F-500110,301,201,100,1620,201,100,0.005088868972532397,0.0003207018940887148,3.927119806116825e-05,0.015124868097080548,211
Trh-F-500111,284,49,235,2694,49,235,0.000379065857907441,1.8430547597576355e-06,1.6811580857826822e-05,0.014270639666348424,231
Trh-F-500112,38,22,16,113,22,16,7.684502217621468e-05,5.113737639299727e-08,8.42591389006508e-06,0.0019094517863423948,38
Trh-F-500113,308,56,252,2175,56,252,0.00044872817354018723,1.6571353019119921e-06,1.5395309590771084e-05,0.015476609215617306,229
Trh-F-500114,273,105,168,2337,105,168,0.0005866332185906145,1.5723949637254998e-06,1.5974344307913987e-05,0.01371790362293352,211
Trh-F-500115,154,71,83,510,71,83,0.0005418910342547505,2.1022782722570852e-06,1.937082298045877e-05,0.007738304607808653,125
Trh-F-500117,401,93,308,1352,93,308,0.0005047261599635258,1.0459552026519152e-06,1.6222528682272075e-05,0.02014974121903422,186
Trh-F-500118,119,48,71,358,48,71,0.0010101849155375524,6.1601374662729715e-06,1.3344290185472554e-05,0.005979599015124868,107
Trh-F-500119,108,37,71,633,37,71,0.0008285229884168168,8.863798022958883e-07,1.0177158626382359e-05,0.005426862971709964,89
Trh-F-500121,144,8,136,728,8,136,1.9541923718705182e-05,2.6854619006497317e-08,1.1388983967447828e-05,0.007235817295613286,133
Trh-F-500122,302,90,212,1880,90,212,0.0009016866655329766,3.6232756330039392e-06,2.833951712847624e-05,0.015175116828300085,238
Trh-F-500123,232,131,101,1157,131,101,0.004448224067792264,9.428591111682033e-05,3.0827882393417226e-05,0.011657705642932515,199
Trh-F-500124,190,50,140,1032,50,140,0.00031515823694179415,8.810191432213947e-07,1.0246850666387676e-05,0.009547258931711974,189
Trh-F-500128,31,29,2,90,29,2,0.00013526584630339236,1.8758504827180068e-07,1.374726600386735e-05,0.001557710667805638,31
Trh-F-500130,296,188,108,1571,188,108,0.005119331653381376,0.00011775505924082251,3.709177175690577e-05,0.014873624440982865,219
Trh-F-500131,298,168,130,1470,168,130,0.000540949272827027,1.2785498212560967e-06,2.243962186636777e-05,0.014974121903421938,181
Trh-F-500134,317,63,254,1146,63,254,0.0003321675265462351,4.1176288339270126e-07,1.5300999875825032e-05,0.015928847796593135,161
Trh-F-500135,194,46,148,1490,46,148,0.00025404967777205333,5.349448425263715e-07,9.753443464807447e-06,0.009748253856590122,193
Trh-F-500136,342,272,70,2519,272,70,0.008060079217242654,0.0005762751135415691,7.705709209047875e-05,0.017185066077081555,215
Trh-F-500137,38,19,19,105,19,19,4.3020998363358955e-05,5.36563274488548e-08,1.1310443946431688e-05,0.0019094517863423948,38
Trh-F-500139,49,16,33,163,16,33,3.848447605299266e-05,2.0070393637526713e-08,1.1858359598591293e-05,0.0024621878297572987,49
Trh-F-500141,323,111,212,2682,111,212,0.0008333236446159272,6.258889184428593e-06,3.7905920261274225e-05,0.016230340183910355,236
Trh-F-500142,296,92,204,1905,92,204,0.0007161874527644797,2.1608717451769314e-06,2.0648724716212737e-05,0.014873624440982865,236
Trh-F-500143,231,22,209,1304,22,209,0.00018303049582411512,3.173347383626484e-07,9.024157617835315e-06,0.01160745691171298,206
Trh-F-500145,134,62,72,679,62,72,0.0007766289857555719,1.2677185820668671e-06,1.2301853039395543e-05,0.006733329983417919,111
Trh-F-500146,123,40,83,461,40,83,0.0011838758624934007,3.524731043759378e-05,1.4909849891001773e-05,0.0061805939400030145,93
Trh-F-500147,270,31,239,1101,31,239,0.00047623033634842563,1.4902106482724833e-06,1.0140318867714386e-05,0.01356715742927491,205
Trh-F-500148,183,131,52,684,131,52,0.0008195273502262875,5.447678120166119e-07,2.015661900705427e-05,0.009195517813175217,168
Trh-F-500149,190,27,163,868,27,163,0.00019506410496305225,3.6323145171180056e-07,1.0417394294845587e-05,0.009547258931711974,153
Trh-F-500150,256,176,80,1104,176,80,0.0014133873740763661,2.1801353294013147e-06,2.68901520152661e-05,0.012863675192201397,198
Trh-F-500151,333,217,116,2461,217,116,0.0007368732339082398,1.9493480128978734e-06,5.432826704319908e-05,0.016732827496105725,182
Trh-F-500152,278,153,125,2048,153,125,0.0009008707947396013,3.870131534719383e-06,2.0624579037101752e-05,0.013969147279031204,211
Trh-F-500153,232,135,97,963,135,97,0.00048528081311790703,2.1998656794747107e-06,2.733711778140272e-05,0.011657705642932515,182
Trh-F-500154,273,187,86,1216,187,86,0.001599057688785994,8.46273544111152e-06,2.8782120106542276e-05,0.01371790362293352,200
Trh-F-500156,237,84,153,937,84,153,0.00035288573188803384,4.4390333808792116e-07,1.4206076927725172e-05,0.0119089492990302,179
Trh-F-500157,455,279,176,2828,279,176,0.002853721231734856,3.6270274631480666e-05,4.4208188834261176e-05,0.0228631727048892,270
Trh-F-500158,330,30,300,1129,30,300,0.0022899900382850297,8.328254878380265e-06,1.2116951182543156e-05,0.016582081302447114,250
Trh-F-500160,265,43,222,1346,43,222,0.0004309722310451353,6.434778394760551e-06,9.991396334493209e-06,0.013315913773177228,220
Trh-F-500161,286,135,151,1443,135,151,0.0005412310892699102,1.6172537159468203e-06,2.7144001176777506e-05,0.014371137128787499,181
Trh-F-500162,463,294,169,2641,294,169,0.0010152257905363601,4.196738135469716e-06,6.721587591229114e-05,0.023265162554645495,186
Trh-F-500164,276,34,242,1079,34,242,0.0008864516119356984,9.308976176909182e-06,9.703818307237877e-06,0.013868649816592131,226
Trh-F-500166,256,164,92,1630,164,92,0.009482698165989345,0.0003019445914274307,4.661137204004348e-05,0.012863675192201397,205
Trh-F-500167,524,233,291,2965,233,291,0.001043131439050023,3.450701131568367e-06,4.106454453639387e-05,0.026330335159037235,183
Trh-F-500168,177,140,37,784,140,37,0.0007298571487935024,1.0664524350037077e-06,2.3250232377763143e-05,0.008894025425857996,146
Trh-F-500169,199,99,100,837,99,100,0.006521345606053297,6.446733637317282e-05,2.3589204751020162e-05,0.009999497512687805,183
Trh-F-500170,2192,1823,369,8471,1823,369,0.05769060258896729,5.68475424413983e-05,0.00013827209817066986,0.11014521883322446,352
Trh-F-500171,268,107,161,965,107,161,0.0005676948280261393,1.3573308958480507e-06,2.2056571056892125e-05,0.013466659966835838,178
Trh-F-500172,322,229,93,1831,229,93,0.0009607724765467465,3.3769812125387672e-06,4.6985295416609494e-05,0.01618009145269082,186
Trh-F-500173,443,181,262,1672,181,262,0.0010572006589325087,5.816399394264859e-06,2.662203690292604e-05,0.02226018793025476,186
Trh-F-500175,328,56,272,1351,56,272,0.00040372898837899573,5.85956401058052e-06,1.0014171663625205e-05,0.01648158384000804,175
Trh-F-500176,665,209,456,5438,209,456,0.003512597546887242,1.9648846398111906e-05,7.210475015484068e-05,0.03341540626099191,236
Trh-F-500177,494,165,329,5936,165,329,0.002355212951516065,0.00046844090842435064,1.7060270933728133e-05,0.024822873222451133,348
Trh-F-500178,1148,774,374,6864,774,374,0.016267584449266195,2.775432137956454e-05,6.606714258281199e-05,0.05768554344002814,352
Trh-F-500180,346,128,218,1411,128,218,0.0005372840090236386,1.0455887100415249e-06,2.4041780143298547e-05,0.0173860610019597,186
Trh-F-500181,393,229,164,2675,229,164,0.0066263286446219686,0.0005348399817129368,6.246064269436247e-05,0.019747751369277925,230
Trh-F-500182,73,45,28,259,45,28,0.00020014721848263375,1.5280405543301753e-06,2.639432260966454e-05,0.0036681573790261794,54
Trh-F-500183,327,156,171,1383,156,171,0.003253799509934725,3.9387465887551274e-06,2.3899917147315765e-05,0.016431335108788504,205
Trh-F-500184,411,224,187,1451,224,187,0.000975198389740022,1.9266180700195203e-06,3.3587847684266844e-05,0.020652228531229586,186
Trh-F-500185,1093,579,514,7733,579,514,0.011007443453855986,1.5033164570640257e-05,6.0824191971214504e-05,0.05492186322295362,352
Trh-F-500187,320,211,109,1795,211,109,0.0008468344400015053,2.2790369346791447e-06,4.428731590155973e-05,0.016079593990251745,186
Trh-F-500188,313,228,85,1312,228,85,0.003005449944961411,1.3428067091836312e-05,3.1551366000431544e-05,0.01572785287171499,207
Trh-F-500193,141,36,105,571,36,105,0.00039279435993469345,1.1869639630761373e-06,1.2085097455699239e-05,0.007085071101954676,137
Trh-F-500194,254,69,185,945,69,185,0.0013991926484360575,1.499630342354125e-05,1.235260355794198e-05,0.012763177729762324,178
Trh-F-500195,234,137,97,967,137,97,0.00043458188425034007,1.217950704662449e-06,2.0492764429946846e-05,0.01175820310537159,174
Trh-F-500196,146,17,129,773,17,129,0.00039175435149406814,1.6289407369071686e-07,8.535567080189054e-06,0.007336314758052359,125
Trh-F-500197,134,9,125,470,9,125,0.00031779366817197876,1.4950320939010452e-07,8.0083715384664e-06,0.006733329983417919,133
Trh-F-500198,335,76,259,2899,76,259,0.0008470831118235726,4.499349938236339e-06,2.079015292282067e-05,0.016833324958544796,262
Trh-F-500199,363,135,228,2236,135,228,0.0008987583289390256,1.11345403809636e-05,1.856286551909855e-05,0.018240289432691823,231
Trh-F-500200,265,103,162,2249,103,162,0.0009001043092138387,1.694275342033749e-05,1.4080003194256177e-05,0.013315913773177228,211
Trh-F-500203,38,37,1,107,37,1,0.0001821238866180202,1.431826608011796e-07,1.437559139940886e-05,0.0019094517863423948,37
Trh-F-500205,18,17,1,45,17,1,8.807978913881627e-05,9.915586189359029e-08,1.1938083548737088e-05,0.0009044771619516607,18
Trh-F-500208,220,102,118,769,102,118,0.0013542243343030904,7.149752237774692e-05,2.9095505464064513e-05,0.011054720868298076,148
Trh-F-500211,496,380,116,2359,380,116,0.0050038386404634635,0.0018346528725748008,4.397710777249587e-05,0.024923370684890207,337
Trh-F-500212,125,24,101,442,24,101,0.000386090551013488,0.0001522524783190465,2.3090116957696065e-05,0.006281091402442088,94
Trh-F-500213,188,98,90,701,98,90,0.0007528466776998076,2.997876282813026e-06,1.0429286579290132e-05,0.009446761469272901,186
Trh-F-500214,149,62,87,616,62,87,0.0017965300150217358,4.3233401252941156e-05,1.3991305497264e-05,0.007487060951710969,110
Trh-F-500215,808,521,287,10960,521,287,0.006609197058519463,0.01445794154052393,0.00011998159659765394,0.04060097482538566,348
Trh-F-500216,53,11,42,352,11,42,7.529902739224124e-05,2.441880230565936e-07,1.0178729517117349e-05,0.0026631827546354453,49
Trh-F-500217,170,105,65,761,105,65,0.0010266471428742507,1.2872406795709075e-05,1.4339068950093755e-05,0.00854228430732124,168
Trh-F-500218,367,24,343,1680,24,343,0.0001714921882655485,2.5507321362964968e-06,8.189017383919822e-06,0.018441284357569972,186
Trh-F-500220,201,112,89,1072,112,89,0.0009224182340340928,1.0210642629223202e-05,1.2994542095950326e-05,0.010099994975126878,198
Trh-F-500221,665,55,610,3947,55,610,0.0033952591015438617,2.4567662631284868e-05,1.0799641014818077e-05,0.03341540626099191,352
Trh-F-500222,211,86,125,622,86,125,0.0023465146531143196,3.7691211310088254e-06,2.632853009408396e-05,0.010602482287322246,186
Trh-F-500224,1603,899,704,6496,899,704,0.025864489918498882,2.936277107575146e-05,4.8200922304624207e-05,0.08054871614491733,352
Trh-F-600001,168,25,143,860,25,143,0.00012233462914131474,1.7598366789474327e-07,9.417585838292104e-06,0.008441786844882167,150
Trh-F-600002,292,267,25,2153,267,25,0.001054359366496965,4.139780948151287e-06,6.603358690303914e-05,0.014672629516104718,186
Trh-F-600003,167,47,120,688,47,120,0.0004168192003479697,7.821958602046767e-06,1.1289683403274504e-05,0.00839153811366263,161
Trh-F-600004,399,241,158,1636,241,158,0.0014745125051566419,6.481371182346713e-06,4.4230844760331126e-05,0.020049243756595145,183
Trh-F-600005,245,111,134,1106,111,134,0.001120157103886092,1.7646013447889378e-05,1.969188601941229e-05,0.012310939148786493,211
Trh-F-600006,103,1,102,1120,1,102,9.261295241479697e-07,2.2117422633963924e-10,8.570119164024703e-06,0.0051756193156122805,89
Trh-F-600007,290,136,154,2182,136,154,0.0009284776177380094,1.5336295249446528e-05,1.7136002041380743e-05,0.014572132053665645,205
Trh-F-600008,386,247,139,1985,247,139,0.0010570575697218991,6.265226449816295e-06,3.825006986605261e-05,0.01939601025074117,186
Trh-F-600009,352,60,292,1615,60,292,0.0001695713554203775,1.9374783650003294e-07,1.098394633968506e-05,0.01768755338927692,173
Trh-F-600010,353,176,177,1490,176,177,0.0006345834307477143,2.1240097579656015e-06,2.7933088921753158e-05,0.017737802120496457,186
Trh-F-600011,263,126,137,1392,126,137,0.0008062754130363719,8.042107723288498e-06,1.328631145189823e-05,0.013215416310738155,211
Trh-F-600012,313,212,101,2072,212,101,0.0007056351709339174,2.7361837649682786e-06,5.117376199798792e-05,0.01572785287171499,186
Trh-F-600014,216,95,121,1222,95,121,0.0005256194005757814,1.4385529927368975e-06,1.2817604313590193e-05,0.010853725943419929,203
Trh-F-600015,259,173,86,1596,173,86,0.0015637665023037893,3.309584126663207e-05,2.6036059791378245e-05,0.013014421385860007,205
Trh-F-600016,198,64,134,793,64,134,0.0003246780713504703,1.0304038228925927e-06,1.3960326353849733e-05,0.009949248781468268,162
Trh-F-600017,1811,690,1121,20641,690,1121,0.00994096267968823,0.0003525429433879546,0.00035424237136866423,0.09100045223858097,348
Trh-F-600018,415,201,214,1770,201,214,0.0007553690457107386,2.047374979570322e-06,4.444514116240599e-05,0.020853223456107732,186
Trh-F-600020,269,13,256,2312,13,256,0.00010527977859069141,1.9817955176497206e-07,8.289827039232525e-06,0.013516908698055373,218
Trh-F-600021,338,10,328,1309,10,328,4.782470149401235e-05,1.1184882904989768e-07,8.039168314394213e-06,0.016984071152203406,205
Trh-F-600022,290,94,196,2427,94,196,0.0006775700642978997,4.212332961119891e-06,1.9051129532871538e-05,0.014572132053665645,226
Trh-F-600023,310,120,190,2400,120,190,0.001046135685671711,3.3900711388338413e-06,2.595860892071052e-05,0.015577106678056379,244
Trh-F-600024,283,87,196,1390,87,196,0.00030120835274307967,2.737076830805338e-07,1.2531511955268383e-05,0.014220390935128889,181
Trh-F-600028,245,161,84,1100,161,84,0.0006327846452080823,1.9512570242778766e-06,2.9074315442677953e-05,0.012310939148786493,182
Trh-F-600029,317,112,205,2690,112,205,0.00020823906110356,1.2785835242636792e-07,0.00028704047565253593,0.015928847796593135,109
Trh-F-600031,277,180,97,1517,180,97,0.0005411909926790226,3.7058111481768206e-06,2.831289307172809e-05,0.013918898547811668,181
Trh-F-600032,342,155,187,1425,155,187,0.0006101524675144252,1.8157789805576005e-06,2.7929503705566657e-05,0.017185066077081555,186
Trh-F-600033,711,24,687,3492,24,687,0.0011535519139287105,4.226188938264107e-05,1.366259558796707e-05,0.035726847897090595,352
Trh-F-600034,246,131,115,1076,131,115,0.0003794837777778237,8.397182224674628e-07,2.608158514616865e-05,0.012361187880006029,177
Trh-F-600035,311,169,142,1477,169,142,0.0016537197177806612,8.80542724356015e-06,2.6766067894000322e-05,0.015627355409275914,201
Trh-F-600037,273,178,95,1068,178,95,0.0013973796459261516,2.2509555053701504e-06,2.881646854990357e-05,0.01371790362293352,197
Trh-F-600038,432,114,318,1709,114,318,0.0003054333457290878,4.167547908333072e-07,3.83423984956019e-05,0.021707451886839858,175
Trh-F-600041,146,50,96,615,50,96,0.000895276264962772,1.5342703312260936e-06,1.273095067808734e-05,0.007336314758052359,126
Trh-F-600042,64,32,32,191,32,32,0.00014015929526081197,1.7460089927582749e-07,1.5631219038219874e-05,0.0032159187980503492,61
Trh-F-600044,71,59,12,391,59,12,0.00015819281924215887,2.2520008185686875e-07,2.8706872803759136e-05,0.003567659916587106,64
Trh-F-600045,10,7,3,21,7,3,6.178689832857098e-05,4.545925431617941e-08,7.878195989003797e-06,0.000502487312195367,10
Trh-F-600051,36,31,5,107,31,5,0.00014584938254663397,1.9267505668828046e-07,3.301190885960745e-05,0.0018089543239033215,34
Trh-F-600052,23,14,9,65,14,9,7.378395857766392e-05,3.845161385487528e-08,1.277649786964742e-05,0.0011557208180493442,22
Trh-F-600053,374,187,187,1669,187,187,0.0013204973609173658,1.208738478768776e-06,2.6418553457525978e-05,0.01879302547610673,200
Trh-F-600054,284,208,76,1529,208,76,0.0016600841512038652,3.341390433975302e-06,4.119647509740878e-05,0.014270639666348424,198
Trh-F-600055,422,257,165,2718,257,165,0.0013894243455899596,1.4562764159401484e-05,6.54918520333374e-05,0.02120496457464449,183
Trh-F-600056,268,90,178,1672,90,178,0.0007094454322128086,2.329329157492324e-06,1.925530274956323e-05,0.013466659966835838,226
Trh-F-600057,87,9,78,682,9,78,3.663238087120019e-05,4.8396934616830064e-08,8.730169401985889e-06,0.004371639616099694,82
Trh-F-600058,247,32,215,1455,32,215,0.00016424026269507266,5.159287583264354e-07,9.293152697936744e-06,0.012411436611225566,213
Trh-F-600059,448,106,342,1558,106,342,0.0005410486619927531,8.021775974315438e-07,2.120811160926731e-05,0.022511431586352444,186
Trh-F-600060,295,51,244,1520,51,244,0.0006917425188230964,2.711838822457021e-05,1.1106793960717641e-05,0.014823375709763328,226
Trh-F-600061,196,23,173,758,23,173,0.00018147267137526207,1.9597538369114351e-07,8.81652885904306e-06,0.009848751319029195,177
Trh-F-600062,205,68,137,884,68,137,0.0002972676961060636,7.73454662176626e-07,1.4670588992656165e-05,0.010300989900005025,152
Trh-F-600063,338,253,85,1911,253,85,0.0010444145504005865,5.675921138233332e-06,4.4920775222412776e-05,0.016984071152203406,186
Trh-F-600066,193,81,112,1309,81,112,0.0004533726826452257,3.235773481770546e-06,1.2493550218594321e-05,0.009698005125370585,189
Trh-F-600067,154,25,129,678,25,129,0.00016326340988692247,2.1208569269810905e-07,9.265044252879895e-06,0.007738304607808653,143
Trh-F-600068,417,285,132,2148,285,132,0.004021721488340925,7.009570999329113e-05,4.104444331864715e-05,0.020953720918546807,286
Trh-F-600069,295,75,220,2324,75,220,0.0006114724643625745,2.1280024407461405e-06,1.6649590757874263e-05,0.014823375709763328,241
Trh-F-600070,342,100,242,1195,100,242,0.00059181948270031,7.129018516958701e-07,1.6135946536462423e-05,0.017185066077081555,186
Trh-F-600071,227,175,52,1146,175,52,0.001343727945134277,2.1656170939151134e-06,3.126067566581321e-05,0.011406461986834832,186
Trh-F-600072,246,126,120,1604,126,120,0.0008805313229905542,7.426275046288002e-06,1.6971121796121932e-05,0.012361187880006029,205
Trh-F-600073,2308,1908,400,12411,1908,400,0.05081656723085486,7.16060050430498e-05,0.00018338130797099976,0.11597407165469072,352
Trh-F-600074,310,203,107,1425,203,107,0.0014887476051429803,2.941764976039782e-06,3.678806091744093e-05,0.015577106678056379,199
Trh-F-600075,238,116,122,1040,116,122,0.00042826303271496714,1.1887752251008748e-06,2.298782848661384e-05,0.011959198030249736,175
Trh-F-600076,66,42,24,214,42,24,0.00019389690809587827,5.940651784607094e-06,9.306332019351337e-06,0.0033164162604894225,66
Trh-F-600077,292,144,148,2190,144,148,0.0008741083194104555,1.3841208856886745e-05,1.9579329669540944e-05,0.014672629516104718,211
Trh-F-600078,116,19,97,302,19,97,0.0001272603706372795,2.8494542956581987e-07,8.960017872227297e-06,0.005828852821466258,116
Trh-F-600079,259,81,178,1729,81,178,0.0007295096741691824,3.872455147080541e-06,1.9743706462308375e-05,0.013014421385860007,218
Trh-F-600080,337,162,175,1124,162,175,0.0007720263731855685,1.7696112883787316e-06,2.1025262551276153e-05,0.01693382242098387,186
Trh-F-600081,185,101,84,698,101,84,0.0008941203490012137,6.762546864884549e-07,1.5076427476127344e-05,0.009296015275614291,158
Trh-F-600082,363,320,43,1304,320,43,0.003120881007679398,8.829977532659585e-06,4.877629793657122e-05,0.018240289432691823,205
Trh-F-600083,287,230,57,1190,230,57,0.0022672056961119307,5.255013418338214e-06,2.8458106537718088e-05,0.014421385860007034,201
Trh-F-600084,254,130,124,1635,130,124,0.0006842285119829654,2.4743933858817647e-06,1.745571833979274e-05,0.012763177729762324,211
Trh-F-600085,329,212,117,1624,212,117,0.0016961888565349401,4.08736120328305e-06,3.997957831342811e-05,0.016531832571227575,200
Trh-F-600086,163,49,114,780,49,114,0.00026541148508846496,4.19032136033722e-07,9.96667652602635e-06,0.008190543188784483,150
Trh-F-600087,894,679,215,6622,679,215,0.009303942046601805,0.0047185264382709514,0.00026762203594505007,0.04492236571026582,334
Trh-F-600088,325,242,83,1636,242,83,0.0028444821770633225,4.042678734139583e-06,4.082175869999209e-05,0.01633083764634943,202
Trh-F-600089,184,49,135,765,49,135,0.0002229603122996309,3.382852783800492e-07,1.200723909214127e-05,0.009245766544394754,153
Trh-F-600090,360,184,176,2748,184,176,0.0009911708122689105,4.698165247566699e-06,2.368575677349666e-05,0.018089543239033213,212
Trh-F-600091,1151,540,611,6727,540,611,0.010449212522253426,1.2294290131600915e-05,5.08306465851566e-05,0.05783628963368675,352
Trh-F-600092,241,135,106,1443,135,106,0.0008819707097211689,8.494332080065691e-06,1.7392676327607344e-05,0.012109944223908346,205
Trh-F-600093,332,236,96,2036,236,96,0.002044640424907283,3.3876081176111276e-06,5.171627693398312e-05,0.016682578764886186,202
Trh-F-600094,174,10,164,827,10,164,7.173301136126929e-05,3.820646935260446e-08,7.7585771724368e-06,0.008743279232199388,160
Trh-F-600095,310,201,109,1950,201,109,0.0010018597615796979,6.5595181398470875e-06,2.112800419174495e-05,0.015577106678056379,211
Trh-F-600097,321,111,210,1283,111,210,0.0002851005971896057,1.1172816073000485e-06,1.8964297770484268e-05,0.016129842721471284,175
Trh-F-600099,314,28,286,1007,28,286,0.00019619908991795279,2.5257269671524917e-06,8.570662912263553e-06,0.015778101602934524,151
Trh-F-600100,170,56,114,646,56,114,0.001096103680069117,3.693067554309631e-05,1.1373649664185405e-05,0.00854228430732124,163
Trh-F-600101,2524,2003,521,12058,2003,521,0.05513851148647263,6.508457801428852e-05,0.0001613315932018174,0.12682779759811064,352
Trh-F-600102,270,210,60,1582,210,60,0.002592274671426857,1.1435833151601659e-05,3.329156931665571e-05,0.01356715742927491,201
Trh-F-600103,329,163,166,1434,163,166,0.0028999875686984444,2.320583467063782e-05,2.480629617549332e-05,0.016531832571227575,269
Trh-F-600104,230,122,108,1417,122,108,0.0009204331482411389,2.183129739755702e-05,1.6827022448320797e-05,0.011557208180493442,203
Trh-F-600105,518,169,349,6603,169,349,0.0023789210321653017,0.0009119757855859152,2.6867256432104045e-05,0.026028842771720014,348
Trh-F-600106,609,228,381,10440,228,381,0.003222789463094706,0.003365981926543345,2.536657949774834e-05,0.030601477312697856,348
Trh-F-600107,918,546,372,15588,546,372,0.006869437839158499,0.017925792263319355,0.00013296361236872907,0.0461283352595347,348
Trh-F-600108,210,115,95,1423,115,95,0.0009366578880654995,9.173946032354083e-06,1.5493118533882297e-05,0.010552233556102708,199
Trh-F-700001,203,25,178,835,25,178,0.00012546174180134843,1.2869537868437504e-07,1.0117834884619095e-05,0.01020049243756595,161
Trh-F-700002,262,140,122,1384,140,122,0.008782970793986582,6.93446528289743e-05,2.320978722667256e-05,0.013165167579518617,217
Trh-F-700005,25,24,1,65,24,1,6.806265289003082e-05,5.1555052500000324e-08,1.257484933443764e-05,0.0012562182804884176,25
Trh-F-700007,13,7,6,28,7,6,1.4688961622360202e-05,3.0218627752682772e-09,9.03000070480113e-06,0.0006532335058539772,13
Trh-F-700008,298,26,272,2491,26,272,6.727609583719925e-06,7.752502858057336e-10,2.7739145154894106e-05,0.014974121903421938,121
Trh-F-700009,302,45,257,2712,45,257,4.8762568885524e-05,4.197478252286284e-08,9.682857848957093e-05,0.015175116828300085,109
Trh-F-700010,284,130,154,1245,130,154,0.0014143643074271224,1.898149292370123e-05,2.6431329746780538e-05,0.014270639666348424,231
Trh-F-700011,361,235,126,1581,235,126,0.003080899493159927,1.2761067797337751e-05,5.622596421706192e-05,0.018139791970252752,239
Trh-F-700013,113,52,61,303,52,61,0.00014922481610061172,1.621300014947531e-07,8.986924650534442e-06,0.0056781066278076475,102
Trh-F-700014,410,173,237,1649,173,237,0.0005380258432311563,2.3106658538259853e-06,3.144659216118243e-05,0.02060197980001005,182
Trh-F-700015,366,177,189,1458,177,189,0.0005858734009325376,1.794456620384493e-06,2.9978630439818687e-05,0.018391035626350433,186
Trh-F-700016,346,103,243,3122,103,243,5.376718406716652e-05,2.713569913059309e-08,0.00018948068816057172,0.0173860610019597,121
Trh-F-700017,448,177,271,2023,177,271,0.0006477550765952223,1.8101118772420386e-06,2.9042036390544543e-05,0.022511431586352444,186
Trh-F-700018,272,189,83,1354,189,83,0.0015935740359894921,3.4066058468210713e-06,3.592944654332181e-05,0.013667654891713983,198
Trh-F-700019,267,129,138,1570,129,138,0.0010375633654651692,1.7904299625061104e-05,1.741301808807631e-05,0.0134164112356163,205
Trh-F-700021,237,82,155,1161,82,155,0.0005381744606870898,5.705874030894765e-06,1.1271836516733972e-05,0.0119089492990302,205
Trh-F-700022,1596,849,747,7525,849,747,0.02406725346078561,2.5543235434051824e-05,6.166012233014515e-05,0.08019697502638058,352
Trh-F-700023,360,91,269,1286,91,269,0.0004967745785946406,8.719396854685657e-07,1.8145822797556884e-05,0.018089543239033213,186
Trh-F-700024,285,27,258,3269,27,258,8.184327945263458e-06,2.175611627640384e-09,2.4502392656081583e-05,0.014320888397567962,121
Trh-F-700025,171,39,132,613,39,132,0.00011267435993772783,1.0891857095258346e-07,1.016549843796088e-05,0.008592533038540778,156
Trh-F-700026,205,163,42,802,163,42,0.001059228095293309,2.439263888705958e-06,2.3770777934912216e-05,0.010300989900005025,179
Trh-F-700027,166,21,145,743,21,145,0.0002126039449195343,2.7976856800661152e-06,8.469586488602884e-06,0.008341289382443093,152
Trh-F-700028,250,47,203,966,47,203,0.0002320698027528705,7.679803888829408e-07,1.0263363388450503e-05,0.012562182804884177,161
Trh-F-700029,454,336,118,2289,336,118,0.0011984645284955219,4.112860776362191e-06,7.381925139395087e-05,0.022812923973669665,186
Trh-F-700030,266,26,240,2885,26,240,1.084955712814042e-05,6.876062976475306e-09,7.187129808579624e-05,0.013366162504396765,121
Trh-F-700031,270,123,147,1049,123,147,0.0048207677204526785,5.533149612543996e-05,2.5716003066752584e-05,0.01356715742927491,211
Trh-F-700032,204,70,134,1109,70,134,0.00041297944933315185,8.492273603953768e-06,1.0063859247772004e-05,0.010250741168785488,197
Trh-F-700034,183,58,125,1224,58,125,0.00035477659067243447,6.264463532727476e-07,1.0074612431607345e-05,0.009195517813175217,182
Trh-F-700035,254,97,157,1578,97,157,0.0005502730299023849,1.692122718507403e-06,1.2266650530706949e-05,0.012763177729762324,211
Trh-F-700036,2613,1913,700,14247,1913,700,0.052604726723032444,6.391883436180294e-05,0.0001495181979310258,0.1312999346766494,352
Trh-F-700037,118,41,77,536,41,77,0.0004902926730141507,0.00011206255426303881,2.0506616151856255e-05,0.0059293502839053314,98
Trh-F-700038,182,88,94,974,88,94,0.0005347407200338481,8.48675845573451e-06,1.107456633253565e-05,0.009145269081955681,182
Trh-F-700039,176,30,146,592,30,146,0.000673127872851699,4.874520842693766e-07,1.4307256003641368e-05,0.00884377669463846,150
Trh-F-700040,125,85,40,828,85,40,0.00023686785982657467,1.16491259292521e-06,5.246013647456092e-05,0.006281091402442088,98
Trh-F-700041,146,101,45,607,101,45,0.000389008910535472,6.112034812578032e-07,1.691524126802661e-05,0.007336314758052359,118
Trh-F-700042,107,15,92,436,15,92,0.00017327522852199782,6.186768905646627e-07,1.0391185071732624e-05,0.005376614240490428,98
Trh-F-700043,341,238,103,2705,238,103,0.0008491723929164092,4.709607574505308e-06,6.738657413049597e-05,0.017134817345862016,186
Trh-F-700044,208,89,119,727,89,119,0.00028129893303661165,3.38689262133405e-07,1.2774907551012741e-05,0.010451736093663636,168
Trh-F-700045,775,612,163,3919,612,163,0.015270550502022154,2.492169235416173e-05,4.814925691201785e-05,0.03894276669514095,352
Trh-F-700047,307,115,192,1645,115,192,0.0007467327158192725,6.03198438718364e-06,3.984364857477361e-05,0.015426360484397768,186
Trh-F-700048,2711,2061,650,16031,2061,650,0.05640061917062725,7.734235906248784e-05,0.00017972395830809495,0.136224310336164,352
Trh-F-700049,208,71,137,708,71,137,0.0002715965809454804,3.861318193691096e-07,1.2098454486807714e-05,0.010451736093663636,170
Trh-F-700050,248,96,152,981,96,152,0.005180966474867522,7.023504517299374e-05,1.5676978366057515e-05,0.012461685342445104,199
Trh-F-700051,385,131,254,1511,131,254,0.00043930876796172195,1.1571783606129537e-06,2.1738240232953624e-05,0.019345761519521634,181
Trh-F-700052,286,74,212,1945,74,212,0.000721549062009033,5.373278848693883e-06,3.1995740805670653e-05,0.014371137128787499,239
Trh-F-700053,2470,1789,681,10663,1789,681,0.0513326212444752,5.263137328468519e-05,0.00012280526647763377,0.12411436611225567,352
Trh-F-700054,297,277,20,1085,277,20,0.0037733502480642644,6.318079431634754e-06,4.91523663438536e-05,0.014923873172202402,199
Trh-F-700055,244,116,128,1014,116,128,0.003598776789259774,4.617576880010103e-05,2.3941993190786805e-05,0.012260690417566956,198
Trh-F-700056,684,142,542,4749,142,542,0.002686042493854821,1.3025251560749455e-05,1.7106715549390185e-05,0.03437013215416311,325
Trh-F-700057,133,51,82,901,51,82,0.0012883415898679324,1.5607255656514193e-05,1.2632931338761754e-05,0.006683081252198382,99
Trh-F-700058,278,201,77,1418,201,77,0.0014136970257785384,1.8963426369778875e-06,3.3553026204113724e-05,0.013969147279031204,197
Trh-F-700059,300,135,165,1588,135,165,0.0014365035736024503,1.9426085191252805e-05,1.926092558153092e-05,0.015074619365861013,245
Trh-F-700060,256,155,101,1184,155,101,0.00842206990299623,0.0002056625229246651,3.2102345921535095e-05,0.012863675192201397,205
Trh-F-700061,1442,1302,140,13321,1302,140,0.02547866558849634,3.51235561598545e-05,0.00015801040986979383,0.07245867041857193,352
Trh-F-700062,186,7,179,706,7,179,2.9167356547068742e-05,3.395414551919765e-06,7.872360357541872e-06,0.009346264006833827,136
Trh-F-700063,268,138,130,1221,138,130,0.0010890529556697938,1.7643108557633604e-06,1.99623577651761e-05,0.013466659966835838,200
Trh-F-700064,324,174,150,1145,174,150,0.0014435692472040025,1.7514838133435692e-06,2.4065832899459964e-05,0.016280588915129894,200
Trh-F-800000,128,75,53,435,75,53,0.0013256744900930922,9.554211505060206e-06,1.3491397448246498e-05,0.0064318375961006985,123
Trh-F-800001,282,53,229,2246,53,229,5.308830936385062e-05,8.717033869836343e-08,9.25748920808182e-05,0.014170142203909351,109
Trh-F-800002,272,119,153,2010,119,153,0.000684206783304112,8.939908143996864e-06,1.6897719685228093e-05,0.013667654891713983,205
Trh-F-800003,194,30,164,816,30,164,0.0007299619632020366,6.793949513050858e-06,1.0531065109487857e-05,0.009748253856590122,173
Trh-F-900000,398,116,282,2883,116,282,0.0014593656839513379,1.5158807191150497e-06,2.3312787448029928e-05,0.01999899502537561,241
Trh-F-900001,1072,976,96,8646,976,96,0.01943901463623099,1.993998731489933e-05,0.00010742748877763303,0.05386663986734335,352
Trh-F-900002,270,176,94,1235,176,94,0.001842274332912415,5.179564345722841e-06,2.650969958239532e-05,0.01356715742927491,200
Trh-F-900003,106,104,2,214,104,2,0.00031320012898443703,1.4908645029713797e-07,2.7797365372110637e-05,0.005326365509270891,90
Trh-F-900004,126,42,84,794,42,84,0.0001569496898218658,2.7807155176298564e-07,2.11747138490504e-05,0.006331340133661625,103
Trh-F-900005,101,47,54,454,47,54,0.00010465750072538224,1.2837371435089322e-07,2.9372594217122043e-05,0.005075121853173208,84
Trh-F-900006,108,34,74,410,34,74,0.000354077954941208,2.925125789233436e-06,1.1431072939320412e-05,0.005426862971709964,101
Trh-F-900007,339,243,96,1531,243,96,0.0034688863684053327,7.192817269807443e-05,3.598817188923633e-05,0.017034319883422945,267
Trh-F-900008,242,73,169,1619,73,169,0.0007930997422160365,7.784431930224023e-06,2.0577259292085273e-05,0.012160192955127883,181
Trh-F-900009,141,60,81,1156,60,81,0.00019359521557073953,6.635597704214675e-07,4.703887231445633e-05,0.007085071101954676,107
Trh-F-900010,327,123,204,2709,123,204,0.0007013209479997135,1.098872202808447e-05,2.126830912545592e-05,0.016431335108788504,218
Trh-F-900011,191,64,127,728,64,127,0.00021064447686623287,2.3627919355033243e-07,1.1809638626333685e-05,0.009597507662931512,159
Trh-F-900012,101,62,39,303,62,39,0.0003818849717606994,4.88942541473278e-06,9.834542476002613e-06,0.005075121853173208,99
Trh-F-900014,421,241,180,2375,241,180,0.0022237546433171765,8.032057667334636e-06,4.5889347487600055e-05,0.021154715843424952,209
Trh-F-900015,277,132,145,1366,132,145,0.0004713534361317013,1.837690666880637e-06,2.53466108501588e-05,0.013918898547811668,186
Trh-F-900017,120,44,76,604,44,76,7.526797237667196e-05,5.536095809823995e-08,2.4217550836029298e-05,0.006029847746344405,103
Trh-F-900018,228,103,125,969,103,125,0.0005318761650367985,1.3862472308864087e-06,2.032044172917256e-05,0.01145671071805437,179
Trh-F-900019,338,66,272,1208,66,272,0.00026070420858880937,5.751166461600526e-07,1.1564793169396207e-05,0.016984071152203406,175
Trh-F-900020,364,229,135,1920,229,135,0.001989223152601569,4.781658019281354e-06,4.311162298758691e-05,0.018290538163911362,202
Trh-F-900022,340,190,150,1269,190,150,0.001478097435021035,4.605692066593093e-06,2.367900975437121e-05,0.01708456861464248,202
Trh-F-900023,92,84,8,438,84,8,0.00034303153793768993,2.0748456989183057e-06,3.152059512782681e-05,0.004622883272197377,81
Trh-F-900026,343,96,247,2304,96,247,0.0007635906060334803,6.018507037604924e-06,1.9598345533998266e-05,0.01723531480830109,245
Trh-F-900027,177,88,89,576,88,89,0.0014124576878809915,2.4046389336555888e-05,1.3271423604890022e-05,0.008894025425857996,140
Trh-F-900029,182,165,17,713,165,17,0.0024867165901375317,9.92255159034974e-06,2.4591505144275766e-05,0.009145269081955681,138
Trh-F-900030,183,160,23,545,160,23,0.0018305880246092773,9.816769742627892e-06,1.99140748845417e-05,0.009195517813175217,177
Trh-F-900031,231,131,100,1811,131,100,0.0008874255767052554,1.7816217328815795e-05,1.9569728291642605e-05,0.01160745691171298,203
Trh-F-900034,201,88,113,699,88,113,0.0005849612960139273,2.71773969856631e-06,1.8550091825274134e-05,0.010099994975126878,173
Trh-F-900035,348,47,301,1022,47,301,0.0001573717833013023,1.438011101008266e-07,1.0736491599220777e-05,0.017486558464398776,155
VGlut-F-000000,1667,289,1378,11307,289,1378,0.004512682283087152,2.723750010052278e-05,5.725093243531106e-05,0.0837646349429677,352
VGlut-F-000001,1121,484,637,9328,484,637,0.001250914793766833,4.2554054865265645e-06,0.0001347843179925946,0.056328827697100646,186
VGlut-F-000003,111,11,100,476,11,100,2.521944398652703e-05,8.283849902027967e-09,8.736617699666221e-06,0.005577609165368575,85
VGlut-F-000004,87,6,81,572,6,81,2.2484812717864988e-05,1.581388508831564e-08,9.785277419299391e-06,0.004371639616099694,71
VGlut-F-000005,103,31,72,832,31,72,0.00020772280537214753,3.7279426717586487e-06,1.3318107664980504e-05,0.0051756193156122805,90
VGlut-F-000006,604,300,304,4563,300,304,0.007151666275512346,2.767796278871446e-05,2.878681104933581e-05,0.03035023365660017,352
VGlut-F-000007,791,768,23,4958,768,23,0.02241500795497615,3.7733418131694165e-05,0.0006909342807884375,0.03974674639465354,352
VGlut-F-000008,54,25,29,261,25,29,0.00012881750467289683,4.938268715078657e-08,9.422587088125882e-06,0.002713431485854982,52
VGlut-F-000009,464,322,142,2015,322,142,0.003603371305691148,1.581197891812544e-05,5.193102698440859e-05,0.02331541128586503,231
VGlut-F-000010,24,2,22,98,2,22,1.4332489899092772e-05,2.5114019959546337e-08,7.596238163174973e-06,0.001205969549268881,24
VGlut-F-000011,181,100,81,693,100,81,0.0012801584790666516,2.8312814975506345e-06,1.1887321250838793e-05,0.009095020350736144,179
VGlut-F-000012,58,29,29,249,29,29,0.00011930905943887105,1.0124093838142452e-07,1.7798203269181192e-05,0.002914426410733129,55
VGlut-F-000014,48,6,42,289,6,42,2.48811470750674e-06,1.1583991610907293e-08,1.273862252583924e-05,0.002411939098537762,42
VGlut-F-000015,475,203,272,3262,203,272,0.005300189736878616,9.449293692764458e-06,2.164730721659581e-05,0.023868147329279936,352
VGlut-F-000018,323,293,30,1385,293,30,0.006432200919275258,4.924440380751635e-06,0.00016171580142827327,0.016230340183910355,269
VGlut-F-000019,155,70,85,760,70,85,0.0009406309738075215,1.2376533441524051e-06,2.2323252318938004e-05,0.007788553339028189,115
VGlut-F-000021,265,134,131,2547,134,131,0.00040490131077979295,3.128031793709109e-06,7.278363291473382e-05,0.013315913773177228,121
VGlut-F-000022,349,186,163,2048,186,163,0.004436552388794872,1.488528649640599e-05,1.6649734490192543e-05,0.01753680719561831,327
VGlut-F-000024,1171,670,501,10421,670,501,0.018021362489019418,0.00039308806468648294,0.00019040791420654548,0.05884126425807748,296
VGlut-F-000025,156,101,55,700,101,55,0.000381869465768207,4.311664647177772e-07,3.222992203683389e-05,0.007838802070247727,98
VGlut-F-000026,70,23,47,309,23,47,6.884034486324991e-05,3.038005540883692e-08,1.151606484574408e-05,0.0035174111853675696,58
VGlut-F-000027,443,213,230,2681,213,230,0.00541051341374411,9.910120502739036e-06,2.0407387842909193e-05,0.02226018793025476,352
VGlut-F-000028,40,24,16,84,24,16,0.00014058773667449513,1.851406097346229e-07,9.738560560582418e-06,0.002009949248781468,40
VGlut-F-000029,462,130,332,3356,130,332,0.0022139960497266115,5.97060374800964e-05,2.346164347135348e-05,0.02321491382342596,201
VGlut-F-000031,235,30,205,1639,30,205,1.0785530469010172e-05,4.402379303914705e-09,2.7775197971787554e-05,0.011808451836591126,121
VGlut-F-000035,508,340,168,2372,340,168,0.0017715783362141134,1.1169219557394771e-05,7.60114168729216e-05,0.025526355459524648,211
VGlut-F-000036,281,79,202,1787,79,202,0.0005382847998857862,1.4681018896512312e-05,0.0001046979034109478,0.014119893472689814,195
VGlut-F-000037,223,98,125,1734,98,125,0.00026349882007315183,8.7779033681063e-07,4.0073560808608964e-05,0.011205467061956685,121
VGlut-F-000038,1094,694,400,11034,694,400,0.0019362536207131347,1.2794412811081654e-05,0.0005554556257290013,0.054972111954173154,150
VGlut-F-000039,599,269,330,4774,269,330,0.006584494449936664,1.3805607993972279e-05,2.7799124680372817e-05,0.030098990000502486,352
VGlut-F-000040,75,28,47,360,28,47,0.0001009521657157845,5.240018448486885e-08,2.8185183607202923e-05,0.003768654841465253,65
VGlut-F-000041,527,285,242,3704,285,242,0.007806404595041225,2.472865727857957e-05,2.3365533842234643e-05,0.026481081352695845,352
VGlut-F-000042,100,66,34,445,66,34,0.00013305475629436404,7.823451586916385e-08,4.207748376154516e-05,0.00502487312195367,86
VGlut-F-000044,818,379,439,7062,379,439,0.005889159440133031,9.470813251203332e-05,0.00010712944744894051,0.04110346213758102,331
VGlut-F-000045,252,182,70,1828,182,70,0.0003738541346488986,1.7862879531537888e-06,0.00011428552403568066,0.01266268026732325,109
VGlut-F-000046,206,153,53,816,153,53,0.0004383797851895878,2.2452973183712869e-07,8.824789524192551e-05,0.010351238631224561,111
VGlut-F-000047,147,75,72,981,75,72,0.0002403907880117189,4.031054866964294e-07,2.8033413499850887e-05,0.007386563489271896,118
VGlut-F-000048,459,193,266,2868,193,266,0.005498899829284591,3.2350457840579244e-05,2.0537445686837472e-05,0.02306416762976735,352
VGlut-F-000049,78,42,36,269,42,36,9.291380667469214e-05,4.647147167684895e-08,2.2211443863238486e-05,0.003919401035123863,67
VGlut-F-000050,169,77,92,1375,77,92,0.00020600000025956623,7.198754073241567e-07,2.821501680485589e-05,0.008492035576101703,121
VGlut-F-000051,516,234,282,4107,234,282,0.00631938539107277,1.9214541302852015e-05,2.6066633493902657e-05,0.02592834530928094,352
VGlut-F-000052,684,80,604,3700,80,604,0.001879180841119491,2.5714272818682215e-05,1.4060878800516221e-05,0.03437013215416311,308
VGlut-F-000053,204,139,65,1298,139,65,0.0004808822400565913,5.346639580777703e-07,6.555869681709191e-05,0.010250741168785488,109
VGlut-F-000054,188,112,76,2408,112,76,0.00046766656825891973,6.268045092297866e-06,0.00014263196063734837,0.009446761469272901,96
VGlut-F-000055,507,328,179,1863,328,179,0.0014624632410074974,6.15147792946766e-06,8.777484651853218e-05,0.02547610672830511,205
VGlut-F-000056,303,109,194,1561,109,194,0.0003586636170969812,7.922052007803463e-07,4.95793442074986e-05,0.015225365559519623,148
VGlut-F-000057,523,181,342,3556,181,342,0.0025483338786534103,6.385788261431626e-05,3.7118041163375815e-05,0.0262800864278177,241
VGlut-F-000058,388,251,137,2461,251,137,0.0030137551121539436,0.00014602356820511366,0.00023541065146950456,0.019496507713180244,233
VGlut-F-000059,56,20,36,276,20,36,3.341587773148184e-05,1.8210378057973758e-08,1.2899840541402163e-05,0.0028139289482940555,47
VGlut-F-000060,932,523,409,10955,523,409,0.007539683244735709,0.00019912083191991192,0.00018488579401284563,0.04683181749660821,331
VGlut-F-000061,121,61,60,509,61,60,0.00019472000042604966,1.1686223925572738e-07,2.9378336118271547e-05,0.006080096477563942,86
VGlut-F-000062,48,25,23,458,25,23,4.3885633947230916e-05,1.380977522198568e-05,8.338497554409391e-05,0.002411939098537762,33
VGlut-F-000063,636,371,265,3542,371,265,0.005551104348840295,3.81846539165258e-05,7.511385478103333e-05,0.03195819305562535,297
VGlut-F-000064,181,151,30,1994,151,30,0.00024756041524112026,2.3351732680305865e-06,0.00018632461912879595,0.009095020350736144,82
VGlut-F-000066,411,290,121,2430,290,121,0.001272141834837752,9.402927788527426e-06,4.7568599336114553e-05,0.020652228531229586,211
VGlut-F-000067,2597,1107,1490,28077,1107,1490,0.025942949093886603,0.0048490793869552,0.0004312185922620953,0.13049595497713684,352
VGlut-F-000068,173,161,12,1742,161,12,0.0004963602508322923,1.214750702394987e-05,0.00011997391210053498,0.00869303050097985,94
VGlut-F-000069,210,165,45,1357,165,45,0.0004453272722922602,7.447888907324873e-07,7.634754284197827e-05,0.010552233556102708,121
VGlut-F-000070,58,34,24,168,34,24,0.00010866548553688243,7.926891124855735e-08,1.2586620092863709e-05,0.002914426410733129,57
VGlut-F-000071,1118,695,423,13740,695,423,0.010692498992757711,0.0002984816739923492,0.00023471336058266879,0.056178081503442036,331
VGlut-F-000072,181,140,41,982,140,41,0.00038604172745814683,3.59067681152743e-07,5.666829989172841e-05,0.009095020350736144,114
VGlut-F-000073,501,289,212,3251,289,212,0.00792941274571469,1.9066168651825656e-05,2.5147249869918513e-05,0.02517461434098789,352
VGlut-F-000074,116,75,41,575,75,41,0.00017340163482229556,1.6257209972668526e-07,2.5320298121760004e-05,0.005828852821466258,90
VGlut-F-000076,108,83,25,613,83,25,0.00014591899864847943,3.251267808589684e-07,5.8298920672340235e-05,0.005426862971709964,82
VGlut-F-000077,673,225,448,4606,225,448,0.005441555242397953,3.0785049262660565e-05,2.7725017340755994e-05,0.0338173961107482,254
VGlut-F-000078,439,222,217,2680,222,217,0.005669039143483085,9.642430262067164e-06,2.105771557431524e-05,0.022059193005376614,352
VGlut-F-000079,167,91,76,1201,91,76,0.0002583781128007789,5.568730650162038e-07,3.2222984529832765e-05,0.00839153811366263,121
VGlut-F-000080,751,424,327,4214,424,327,0.009533180420008799,1.0082122986070857e-05,2.571920709925934e-05,0.03773679714587207,352
VGlut-F-000081,1012,386,626,9143,386,626,0.00819459797597121,0.00010533961579713838,8.987391786122452e-05,0.05085171599417115,296
VGlut-F-000082,810,412,398,9678,412,398,0.006759722214711701,0.00016973350643323168,0.00013628256242768688,0.04070147228782473,331
VGlut-F-000083,70,12,58,546,12,58,3.86640665034531e-05,3.540536433434337e-08,9.549358642346911e-06,0.0035174111853675696,50
VGlut-F-000085,41,7,34,282,7,34,1.555047414983449e-05,9.26183756489081e-07,8.239705268449524e-06,0.002060197980001005,34
VGlut-F-000086,105,18,87,495,18,87,9.15589079824445e-05,4.086510337310249e-08,9.98459763056073e-06,0.005276116778051354,88
VGlut-F-000088,89,58,31,302,58,31,0.0002483218199772756,1.5358926525382406e-07,1.4556462157819661e-05,0.004472137078538767,80
VGlut-F-000089,731,456,275,6794,456,275,0.006245130416085225,0.00017272743278866657,0.0001306010691837983,0.036731822521481335,331
VGlut-F-000090,1033,516,517,6847,516,517,0.011083926812130277,0.0005725749860362058,0.00018855059482541134,0.05190693934978142,248
VGlut-F-000091,1035,225,810,7447,225,810,0.0033418524189869946,2.7276294643985752e-05,3.2303796006880526e-05,0.05200743681222049,331
VGlut-F-000092,153,22,131,1050,22,131,0.00010799405363271434,5.820678270969836e-07,1.2893434871207368e-05,0.0076880558765891165,108
VGlut-F-000093,87,75,12,528,75,12,0.0002825000994373997,7.509218278218253e-07,3.990452963130327e-05,0.004371639616099694,71
VGlut-F-000094,138,115,23,707,115,23,0.0005480743675272332,8.122534052730862e-07,3.818528373870581e-05,0.0069343249082960655,108
VGlut-F-000097,530,293,237,4221,293,237,0.007679280505981087,2.8689234962046455e-05,3.379590129069547e-05,0.026631827546354455,352
VGlut-F-000098,280,108,172,1568,108,172,0.0003193816951814052,7.406299425010438e-07,6.0752969739142e-05,0.014069644741470278,170
VGlut-F-000100,41,3,38,271,3,38,1.3076342227546325e-05,2.0799192972647065e-07,9.188545844045503e-06,0.002060197980001005,34
VGlut-F-000101,1551,619,932,12251,619,932,0.0046962620518807684,9.08034502231705e-05,0.00028974550127417695,0.07793578212150143,352
VGlut-F-000102,208,82,126,2046,82,126,0.00026144535239244814,1.3050575491583802e-06,3.1724943224856e-05,0.010451736093663636,121
VGlut-F-000103,522,276,246,3851,276,246,0.007443221730589469,2.3835999517346763e-05,2.8483142392848162e-05,0.02622983769659816,352
VGlut-F-000104,1342,315,1027,10993,315,1027,0.013401329421960553,0.00013653730505678585,4.355648275322814e-05,0.06743379729661826,352
VGlut-F-000105,463,217,246,2939,217,246,0.006033717717004625,1.5970492342022143e-05,2.1364265699913284e-05,0.023265162554645495,352
VGlut-F-000106,214,142,72,1076,142,72,0.0019829632906202535,1.3363082042214015e-05,2.0610661981661644e-05,0.010753228480980856,195
VGlut-F-000107,786,337,449,5394,337,449,0.005150789930109884,3.995204768733296e-05,0.00013780775972585944,0.03949550273855585,331
VGlut-F-000108,398,376,22,2457,376,22,0.009095836910628955,1.7477024742735363e-05,0.00045584624426472454,0.01999899502537561,316
VGlut-F-000109,112,76,36,450,76,36,0.00020487646514494122,1.6802155709982548e-07,2.489370207539749e-05,0.005627857896588111,83
VGlut-F-000110,143,127,16,743,127,16,0.00033627320567263544,2.530375939164647e-07,8.37775953938938e-05,0.0071855685643937494,98
VGlut-F-000111,824,305,519,5363,305,519,0.003078685261908023,3.483504352755284e-05,4.39723306319347e-05,0.041404954524898244,245
VGlut-F-000112,183,100,83,1815,100,83,0.0003209217470408996,2.4717991412127797e-06,6.102925474668385e-05,0.009195517813175217,109
VGlut-F-000113,77,46,31,528,46,31,0.00012811033994226294,8.403851072613708e-08,1.7195355263561947e-05,0.0038691523039043265,67
VGlut-F-000114,194,94,100,955,94,100,0.0006176593524476694,1.2313936844391001e-06,4.8300448798377674e-05,0.009748253856590122,120
VGlut-F-000115,1127,752,375,10991,752,375,0.011940565534740983,0.0002654702542149911,0.0002048444489414218,0.056630320084417866,331
VGlut-F-000116,1315,53,1262,6426,53,1262,0.0016045611829324947,9.208913255102815e-07,1.2456184027933958e-05,0.06607708155369077,352
VGlut-F-000117,924,527,397,13642,527,397,0.007688780646685161,0.0002476320829507345,0.00021713675309958854,0.04642982764685192,331
VGlut-F-000118,64,39,25,194,39,25,0.0008658377459141053,7.261460975696011e-07,1.2488753192031347e-05,0.0032159187980503492,64
VGlut-F-000119,286,22,264,2651,22,264,5.71559915454346e-06,1.620857318015399e-09,2.173448689311008e-05,0.014371137128787499,143
VGlut-F-000120,983,308,675,8769,308,675,0.006839332800396871,0.0002130642382003475,9.135127444829342e-05,0.049394502788804584,272
VGlut-F-000121,182,143,39,811,143,39,0.00044713501282906434,3.0379232049818073e-07,5.1926815293427785e-05,0.009145269081955681,109
VGlut-F-000122,12,11,1,25,11,1,2.2441374934640414e-05,5.1024270744659085e-09,9.440586593416715e-06,0.0006029847746344405,12
VGlut-F-000124,155,68,87,1169,68,87,0.00023352919224270405,1.0218685987531162e-06,3.306841413261356e-05,0.007788553339028189,106
VGlut-F-000125,95,58,37,432,58,37,0.00016505545936520887,8.437566884944423e-08,4.5329594491915425e-05,0.004773629465855987,80
VGlut-F-000126,432,283,149,1923,283,149,0.0012480362569883459,7.205619027305293e-06,7.560777079374599e-05,0.021707451886839858,205
VGlut-F-000127,2,1,1,4,1,1,8.04332089713409e-08,5.853034529528807e-12,7.597263541570666e-06,0.00010049746243907341,2
VGlut-F-000128,112,78,34,489,78,34,0.00021301302828356783,1.7890994207261662e-07,2.8317870788778104e-05,0.005627857896588111,82
VGlut-F-000130,182,67,115,951,67,115,0.00012106654903837154,1.93669192476067e-07,3.38547803834736e-05,0.009145269081955681,108
VGlut-F-000131,292,49,243,1906,49,243,0.00041074787854345586,1.7173800061043942e-06,2.1477969384591727e-05,0.014672629516104718,168
VGlut-F-000132,396,51,345,3748,51,345,0.000631928197509281,1.5866985246196475e-06,1.989450870921632e-05,0.019898497562936535,161
VGlut-F-000133,135,93,42,776,93,42,0.00033441760634222295,3.253000129961297e-07,2.544554386461523e-05,0.006783578714637455,99
VGlut-F-000134,498,253,245,3130,253,245,0.002795104331082354,4.175035689092342e-05,6.0852835870506124e-05,0.02502386814732928,217
VGlut-F-000135,595,476,119,5044,476,119,0.0038041206192805134,0.00025179958237955927,0.0003707000157646602,0.02989799507562434,224
VGlut-F-000136,91,28,63,407,28,63,4.971000777878881e-05,2.628301348815415e-07,1.665856869908863e-05,0.0045726345409778405,83
VGlut-F-000137,35,20,15,74,20,15,0.00013472540906919611,8.716958318330254e-07,8.064911944209305e-06,0.0017587055926837848,35
VGlut-F-000138,449,61,388,2742,61,388,0.0004890586333826351,2.4108962406604138e-05,4.334311890505949e-05,0.02256168031757198,205
VGlut-F-000139,508,270,238,3324,270,238,0.007074527033296866,1.624381711901136e-05,2.423310665085559e-05,0.025526355459524648,352
VGlut-F-000140,418,40,378,3031,40,378,0.0004787861435888108,3.37545283265122e-06,1.0021710662981475e-05,0.021003969649766342,179
VGlut-F-000141,918,304,614,4735,304,614,0.0038228370801106745,2.347473298721359e-05,8.991291917828462e-05,0.0461283352595347,318
VGlut-F-000143,377,81,296,1745,81,296,0.0008012530861312729,1.3365971365427146e-06,2.2704002814765217e-05,0.01894377166976534,235
VGlut-F-000144,1001,360,641,5368,360,641,0.0045596713175985164,1.8197678788745232e-05,9.282372125418373e-05,0.050298979950756245,320
VGlut-F-000145,424,126,298,3108,126,298,0.0024967172645863275,4.6916841257162835e-06,2.9819031752910265e-05,0.021305462037083563,213
VGlut-F-000146,844,57,787,5369,57,787,0.0006820081644793701,3.2725968605279762e-06,4.2039249657172406e-05,0.04240992914928898,245
VGlut-F-000147,384,57,327,3473,57,327,0.0007719305097925997,2.192537395926361e-05,1.4897989301427845e-05,0.019295512788302095,158
VGlut-F-000149,31,9,22,332,9,22,3.018852640570638e-05,4.300716867270507e-08,1.9223005862734362e-05,0.001557710667805638,30
VGlut-F-000150,1081,146,935,5201,146,935,0.0013114998154387138,5.041959075626803e-06,5.5917229992627746e-05,0.05431887844831918,352
VGlut-F-000151,452,296,156,3497,296,156,0.0040885327306064406,2.713782054150961e-05,6.556906938711976e-05,0.02271242651123059,209
VGlut-F-000152,265,186,79,1997,186,79,0.0028721526479537143,1.904576196927721e-05,9.330401830344912e-05,0.013315913773177228,188
VGlut-F-000153,90,60,30,281,60,30,0.00018238891233989131,1.350823126938189e-07,2.0500993888898635e-05,0.004522385809758303,78
VGlut-F-000155,71,17,54,295,17,54,8.016273611564553e-05,1.090134529261435e-07,1.0478577965669624e-05,0.003567659916587106,67
VGlut-F-000157,729,309,420,15449,309,420,0.003740448439653563,0.0051311077780293235,3.88393367315283e-05,0.036631325059042256,348
VGlut-F-000159,182,146,36,1029,146,36,0.0004611162309462732,5.809099465166226e-07,4.9102172128159015e-05,0.009145269081955681,108
VGlut-F-000160,86,19,67,347,19,67,3.2473759323803174e-05,1.1272527642318842e-08,1.4137379497139365e-05,0.004321390884880157,72
VGlut-F-000161,90,72,18,370,72,18,0.0002699226881148853,2.1050322540773872e-07,3.758757628815025e-05,0.004522385809758303,74
VGlut-F-000162,290,152,138,2440,152,138,0.0015936531352134572,1.559610561085551e-05,9.520295197115219e-05,0.014572132053665645,150
VGlut-F-000163,109,64,45,417,64,45,0.00018978625956816257,1.3321153391651433e-07,3.6509872446097645e-05,0.005477111702929501,82
VGlut-F-000164,551,360,191,4160,360,191,0.00499664461551107,0.00013416445534501876,9.915259130361832e-05,0.027687050901964726,241
VGlut-F-000165,569,516,53,3584,516,53,0.012343855461007695,3.061860091023437e-05,0.0006531810789834792,0.028591528063916388,348
VGlut-F-000166,394,152,242,2534,152,242,0.0041772718798994985,1.1044651028664292e-05,1.8180103718400376e-05,0.019798000100497464,352
VGlut-F-000167,704,389,315,3808,389,315,0.009047829891266377,0.0005039229341170404,6.562026901714433e-05,0.03537510677855384,237
VGlut-F-000169,290,27,263,1209,27,263,0.00017164688569272404,5.186911312459105e-06,3.313368010525252e-05,0.014572132053665645,198
VGlut-F-000170,498,182,316,3086,182,316,0.002196434757601024,2.760789408693564e-05,3.645640669458911e-05,0.02502386814732928,245
VGlut-F-000171,535,216,319,4257,216,319,0.0050651881011235895,7.081973378547802e-06,2.0674762992542986e-05,0.02688307120245214,352
VGlut-F-000173,220,163,57,715,163,57,0.0011940217847621495,1.4379965255724855e-05,2.660578101556556e-05,0.011054720868298076,163
VGlut-F-000176,1134,250,884,6099,250,884,0.002989903014499881,6.668917434779794e-05,0.00015001125340258456,0.056982061202954626,331
VGlut-F-000177,311,43,268,1885,43,268,0.0005170506354801159,7.254469099386277e-06,9.570891888377985e-06,0.015627355409275914,202
VGlut-F-000180,758,729,29,3494,729,29,0.021780619369566847,2.453506532683941e-05,0.00042200208144823427,0.038088538264408826,352
VGlut-F-000181,549,241,308,2829,241,308,0.0036211856307367092,2.3165343979308314e-05,4.955368444444475e-05,0.027586553439525652,296
VGlut-F-000182,50,37,13,238,37,13,9.553307362799129e-05,8.088287272452478e-08,3.800297209645162e-05,0.002512436560976835,46
VGlut-F-000183,4,1,3,6,1,3,2.682447687211628e-07,3.255700196343512e-12,7.626494854272482e-06,0.00020099492487814683,4
VGlut-F-000184,139,119,20,603,119,20,0.00038946793853480104,3.845400119666835e-07,3.2934613874327964e-05,0.006984573639515602,106
VGlut-F-000185,140,56,84,800,56,84,0.00026467272008863247,1.093860481785721e-06,5.358240252935549e-05,0.007034822370735139,107
VGlut-F-000187,718,276,442,4265,276,442,0.0036038120152278364,7.981573753165543e-05,4.4537355693655435e-05,0.036078589015627355,278
VGlut-F-000188,488,162,326,2764,162,326,0.0004384031536866198,2.133924260592446e-06,0.0001058118537268144,0.024521380835133912,224
VGlut-F-000189,851,357,494,6453,357,494,0.007815270291309394,0.0003741252673497687,6.28360807749472e-05,0.042761670267825735,348
VGlut-F-000190,183,167,16,826,167,16,0.001042651062393175,1.2052948763728803e-05,2.7156413548825378e-05,0.009195517813175217,162
VGlut-F-000191,648,590,58,4610,590,58,0.011115499777182434,0.0001705886849616916,0.00014523235521422164,0.03256117783025979,248
VGlut-F-000192,813,508,305,10102,508,305,0.0007477134365987763,7.687386681344723e-06,0.0005713267674781516,0.04085221848148334,121
VGlut-F-000193,354,102,252,1359,102,252,0.0014989432595792138,1.0824808061429171e-05,2.309126568365356e-05,0.017788050851715993,218
VGlut-F-000194,75,13,62,299,13,62,1.3322004718836238e-05,6.687199638603894e-08,1.174701180699773e-05,0.003768654841465253,64
VGlut-F-000196,219,123,96,2131,123,96,0.0003782517010262858,1.910555051897673e-06,8.197043477386188e-05,0.011004472137078539,109
VGlut-F-000197,61,34,27,196,34,27,8.476054088475592e-05,7.638408166596442e-08,1.9168671751780368e-05,0.003065172604391739,58
VGlut-F-000198,410,61,349,4371,61,349,0.0005524723258660839,2.559329516362159e-06,2.2063401314120907e-05,0.02060197980001005,180
VGlut-F-000199,785,503,282,6712,503,282,0.007406492728531704,0.00022384563828516671,0.00013319802375393717,0.03944525400733632,331
VGlut-F-000200,1607,664,943,16928,664,943,0.009347546144831385,0.005816471319778994,0.00038676916920317455,0.08074971106979549,344
VGlut-F-000201,115,89,26,548,89,26,0.00032956205366530043,3.8571630079111613e-07,4.745334046591739e-05,0.005778604090246721,87
VGlut-F-000202,154,75,79,807,75,79,0.00015394605303793095,1.3794181237584147e-07,6.997530197197541e-05,0.007738304607808653,97
VGlut-F-000203,201,109,92,660,109,92,0.001804229096004609,2.0667479984606735e-05,1.265487097889381e-05,0.010099994975126878,169
VGlut-F-000204,76,34,42,323,34,42,9.340377262139976e-05,5.515268349421137e-08,3.614926135491855e-05,0.0038189035726847896,66
VGlut-F-000205,130,50,80,943,50,80,0.00016843220850713088,2.15837881558312e-07,3.005837743675042e-05,0.006532335058539772,102
VGlut-F-000206,400,207,193,2440,207,193,0.002108436871559489,9.373973720501255e-06,4.723145819937411e-05,0.02009949248781468,240
VGlut-F-000207,68,7,61,387,7,61,3.8022534421787886e-05,1.137787221337443e-07,1.4518024227021447e-05,0.003416913722928496,58
VGlut-F-000208,322,239,83,3272,239,83,0.0037497393396095876,0.0002391843262325906,0.0001060813336333907,0.01618009145269082,269
VGlut-F-000209,182,66,116,1176,66,116,0.00035446962619555634,1.5282063621443008e-06,8.720131960032051e-05,0.009145269081955681,142
VGlut-F-000210,427,165,262,2540,165,262,0.004062629876060476,6.690656215131117e-06,1.3350446914280835e-05,0.021456208230742173,352
VGlut-F-000211,1125,619,506,6500,619,506,0.004967288998876939,1.7481539321970724e-05,0.00021845685523798263,0.056529822621978795,263
VGlut-F-000212,1560,526,1034,7770,526,1034,0.004273690074128468,9.192333162268011e-06,0.00012515892175218564,0.07838802070247726,296
VGlut-F-000213,200,38,162,895,38,162,0.0003476332052702388,1.6646852884673364e-06,9.949018595157434e-06,0.01004974624390734,172
VGlut-F-000214,51,10,41,213,10,41,5.2633154259179665e-05,2.7898201686161873e-08,1.1325701137887536e-05,0.002562685292196372,49
VGlut-F-000216,97,60,37,344,60,37,0.00025181016595246134,1.1527696813991072e-07,2.835742324487816e-05,0.004874126928295061,81
VGlut-F-000217,310,246,64,2536,246,64,0.0025954990047896568,0.00014014516589699554,4.945898750638657e-05,0.015577106678056379,216
VGlut-F-000218,66,31,35,280,31,35,0.00011422973518859293,1.486744213010598e-07,1.1683444710725635e-05,0.0033164162604894225,64
VGlut-F-000219,28,27,1,47,27,1,7.035951689701588e-05,8.768576780113428e-08,1.2335037670852795e-05,0.0014069644741470278,27
VGlut-F-000220,128,99,29,684,99,29,0.00017066373285448713,1.4238216728575255e-07,4.997251799481593e-05,0.0064318375961006985,97
VGlut-F-000221,91,58,33,436,58,33,0.0002315839993738587,1.718941384618745e-07,2.2975924005343847e-05,0.0045726345409778405,80
VGlut-F-000222,70,52,18,429,52,18,0.00015305326170234838,1.9353375613458698e-07,3.098577516489415e-05,0.0035174111853675696,62
VGlut-F-000223,26,19,7,74,19,7,4.7546625851690014e-05,4.2916651468049235e-08,1.2302461283206585e-05,0.0013064670117079544,26
VGlut-F-000224,269,127,142,1094,127,142,0.0008947184824012722,4.975510858389633e-07,1.908740679093613e-05,0.013516908698055373,190
VGlut-F-000226,119,101,18,373,101,18,0.0004271111221107763,3.650328444976473e-07,3.794655573310569e-05,0.005979599015124868,94
VGlut-F-000227,191,178,13,581,178,13,0.00045046334595356637,3.396265430663744e-07,4.517305710978396e-05,0.009597507662931512,149
VGlut-F-000228,485,166,319,3241,166,319,0.003546962735124239,2.6127213387940583e-05,3.0595283042774956e-05,0.024370634641475302,241
VGlut-F-000230,128,105,23,491,105,23,0.00020966879189084246,8.375465318566472e-08,5.434937571863949e-05,0.0064318375961006985,91
VGlut-F-000231,458,179,279,4602,179,279,0.005122775690317774,8.111020074448521e-06,1.92489646233518e-05,0.02301391889854781,352
VGlut-F-000233,24,21,3,63,21,3,6.356834345808628e-05,4.1276160929970704e-08,1.1174935717799344e-05,0.001205969549268881,24
VGlut-F-000234,49,26,23,221,26,23,0.00013578451261493134,3.947948227266711e-07,1.8286321331406112e-05,0.0024621878297572987,45
VGlut-F-000236,906,15,891,3829,15,891,9.135553226141738e-05,5.361455344575473e-08,9.840287136950583e-06,0.04552535048490026,327
VGlut-F-000237,240,157,83,1693,157,83,0.0024110653681692924,0.0006747869793252467,2.6565403357372938e-05,0.01205969549268881,227
VGlut-F-000238,503,203,300,4408,203,300,0.005155929304316964,8.998076639521929e-06,1.8291036483855703e-05,0.025275111803426963,352
VGlut-F-000240,191,22,169,634,22,169,0.00015780316053816849,3.7511574347877896e-08,8.62526522172035e-06,0.009597507662931512,126
VGlut-F-000241,311,128,183,3360,128,183,0.001284365730272823,3.7645102848333726e-06,0.00015775744305771333,0.015627355409275914,125
VGlut-F-000242,273,177,96,1494,177,96,0.0025836208351432306,0.0005161081792902813,3.1262686565231404e-05,0.01371790362293352,235
VGlut-F-000243,662,427,235,4664,427,235,0.00823765575696469,0.0006355303389927839,9.080242708974141e-05,0.0332646600673333,266
VGlut-F-000244,301,5,296,1611,5,296,3.8216581953761854e-05,3.837669713739064e-08,8.048298138477793e-06,0.015124868097080548,195
VGlut-F-000245,44,19,25,386,19,25,9.070679801656534e-05,3.3815820122961654e-07,1.6073176811740006e-05,0.002210944173659615,41
VGlut-F-000246,989,514,475,16970,514,475,0.007174765618563517,0.0002852393119194906,0.00022687306541547636,0.049695995176121804,331
VGlut-F-000247,125,91,34,408,91,34,0.001444327008075519,1.4394383010189966e-05,1.390734218135757e-05,0.006281091402442088,122
VGlut-F-000248,307,221,86,1788,221,86,0.0032802016173572707,0.0010035630939955657,3.0547218549950446e-05,0.015426360484397768,269
VGlut-F-000249,93,22,71,484,22,71,7.065427390386114e-05,3.3466551951652624e-08,1.7427624073551165e-05,0.0046731320034169134,83
VGlut-F-000250,177,43,134,1133,43,134,0.00013067759655799207,4.04121838858905e-07,1.574973676342469e-05,0.008894025425857996,94
VGlut-F-000251,607,44,563,4048,44,563,0.00042563538962232323,2.916389439763386e-06,2.8124554066927823e-05,0.03050097985025878,237
VGlut-F-000252,85,37,48,311,37,48,7.802381406909205e-05,5.603044175324016e-08,2.7025146037133303e-05,0.00427114215366062,77
VGlut-F-000253,130,86,44,568,86,44,0.0003460952633882063,2.542089895029656e-07,2.3049246435631486e-05,0.006532335058539772,100
VGlut-F-000254,161,51,110,838,51,110,0.0003297192409178735,3.5441126025880295e-07,2.986810716064144e-05,0.00809004572634541,129
VGlut-F-000256,14,3,11,33,3,11,8.932015009315255e-06,3.020039772916827e-09,8.29098052130031e-06,0.0007034822370735139,14
VGlut-F-000257,125,105,20,398,105,20,0.0004202307583349145,2.52461667839547e-07,3.2129471852066205e-05,0.006281091402442088,94
VGlut-F-000258,794,465,329,5520,465,329,0.00667206908548855,0.0001391830835690305,0.00011995793376918948,0.03989749258831214,331
VGlut-F-000259,566,225,341,8170,225,341,0.0026110590126426072,0.00010191330538912779,3.689196579655094e-05,0.028440781870257777,331
VGlut-F-000260,188,88,100,672,88,100,0.0012859814213956695,8.320822551845682e-06,1.3863994039740404e-05,0.009446761469272901,160
VGlut-F-000262,754,219,535,3891,219,535,0.0032031188753197716,9.334201968694272e-06,4.4321544024745566e-05,0.03788754333953068,312
VGlut-F-000263,344,296,48,1625,296,48,0.0005598429735621668,4.985821413428512e-07,0.00012062844134531907,0.017285563539520626,148
VGlut-F-000264,497,215,282,3719,215,282,0.0025071314639434094,2.0614259889337054e-05,4.866100255153815e-05,0.024973619416109743,231
VGlut-F-000265,495,213,282,3635,213,282,0.0032005525622915347,9.266903491515107e-05,4.988812126674729e-05,0.024873121953670668,235
VGlut-F-000266,630,230,400,4293,230,400,0.0008614808671906308,9.086752558471324e-06,8.709645227845901e-05,0.03165670066830813,236
VGlut-F-000267,379,78,301,1838,78,301,0.000787645751140479,1.0257280906103004e-06,1.7871460750368216e-05,0.019044269132204413,288
VGlut-F-000268,718,475,243,2982,475,243,0.013857135955023454,0.0008828660312099858,5.941410486440506e-05,0.036078589015627355,348
VGlut-F-000269,755,683,72,7374,683,72,0.009568491953364922,0.0002178190385788379,0.00024618010466456367,0.037937792070750216,298
VGlut-F-000270,492,167,325,2901,167,325,0.004527452421316625,9.214510853881632e-06,3.309444305148874e-05,0.024722375760012058,241
VGlut-F-000271,583,347,236,4126,347,236,0.006000314252165083,9.07556616185981e-05,0.0001389282268138488,0.0292950103009899,322
VGlut-F-000272,76,60,16,576,60,16,0.0003117222769260828,1.6284915070220904e-06,9.076035095979652e-05,0.0038189035726847896,52
VGlut-F-000274,269,24,245,1498,24,245,0.00020601957675757998,8.919473784251701e-06,5.218534231086486e-05,0.013516908698055373,205
VGlut-F-000275,169,110,59,904,110,59,0.00027176225232874643,9.11446564485925e-07,3.264067922673135e-05,0.008492035576101703,121
VGlut-F-000276,427,211,216,3558,211,216,0.002158465902642595,2.1471647461751783e-05,3.0448546411784275e-05,0.021456208230742173,248
VGlut-F-000278,468,194,274,2301,194,274,0.002496066116977397,1.4754828582151302e-05,3.600882657007879e-05,0.02351640621074318,293
VGlut-F-000280,217,175,42,1024,175,42,0.0007689123143084192,1.2412641624068083e-05,2.6455817369077576e-05,0.010903974674639466,160
VGlut-F-000281,328,184,144,1601,184,144,0.003915846665036393,1.4209459726884855e-05,3.835083520553789e-05,0.01648158384000804,247
VGlut-F-000283,340,212,128,1744,212,128,0.0019809374146668927,1.859586320720577e-05,3.145747409926625e-05,0.01708456861464248,202
VGlut-F-000284,341,305,36,2509,305,36,0.004834170156177212,0.0021120139515427142,8.663255055431989e-05,0.017134817345862016,276
VGlut-F-000286,1022,60,962,4414,60,962,0.0009006535338314393,3.6774075205553105e-06,1.803640302189478e-05,0.05135420330636652,352
VGlut-F-000287,310,201,109,1312,201,109,0.0014328835178084127,1.749983154306582e-05,3.921005919854516e-05,0.015577106678056379,221
VGlut-F-000288,144,11,133,899,11,133,7.197695413785528e-05,1.5105322172022156e-06,2.203580692099706e-05,0.007235817295613286,94
VGlut-F-000289,866,262,604,7651,262,604,0.0035336736170558905,3.64179565294229e-05,6.24771484116366e-05,0.043515401236118786,352
VGlut-F-000290,76,32,44,227,32,44,9.248475762546154e-05,4.5960521678660803e-08,1.6932310055282433e-05,0.0038189035726847896,72
VGlut-F-000291,24,21,3,59,21,3,9.228744866514793e-05,9.016404768693441e-08,1.383699326948419e-05,0.001205969549268881,22
VGlut-F-000293,350,46,304,7399,46,304,0.0006644177046374422,0.0002947689596014958,9.266173042598123e-06,0.017587055926837847,329
VGlut-F-000294,732,314,418,3400,314,418,0.005229063104190093,2.44899063244612e-05,8.128367940891792e-05,0.03678207125270087,296
VGlut-F-000295,581,105,476,2699,105,476,0.0017644372637959694,6.822768449592308e-06,1.4159806556383023e-05,0.02919451283855083,296
VGlut-F-000296,62,10,52,216,10,52,2.0460802120354585e-06,2.512550216507176e-09,1.720576697034505e-05,0.003115421335611276,56
VGlut-F-000297,2755,2111,644,38669,2111,644,0.03431162027907058,0.0049810037770686615,0.0010965131919280465,0.13843525450982364,352
VGlut-F-000298,1053,351,702,5843,351,702,0.005255128181273022,2.525798513884712e-05,9.927760105005211e-05,0.05291191397417215,331
VGlut-F-000300,482,256,226,3033,256,226,0.006361568119934208,1.5518396774959628e-05,2.0598178928531786e-05,0.024219888447816692,352
VGlut-F-000301,88,7,81,373,7,81,5.0402709741528714e-05,1.1657371224593816e-06,8.794965604790497e-06,0.00442188834731923,75
VGlut-F-000302,152,40,112,484,40,112,0.0001545897291527921,5.064472865630849e-06,9.062922439602528e-06,0.007637807145369579,143
VGlut-F-000303,1116,684,432,10493,684,432,0.009655872025618422,0.00024371126081335973,0.00016407594888811038,0.056077584041002965,325
VGlut-F-000304,880,169,711,4765,169,711,0.0015560652217717647,4.9612650119425334e-05,7.472925190909047e-05,0.044218883473192305,296
VGlut-F-000305,223,183,40,1073,183,40,0.001591551239860884,1.4129706450680714e-06,3.061581103623248e-05,0.011205467061956685,191
VGlut-F-000306,7,5,2,14,5,2,4.352081722295616e-06,3.8173271203201785e-09,9.783602186181868e-06,0.00035174111853675694,7
VGlut-F-000307,90,69,21,415,69,21,0.00029681465296311306,4.2883513024150205e-07,2.021535316442899e-05,0.004522385809758303,82
VGlut-F-000308,41,40,1,119,40,1,0.0004471662389567457,4.866386859724584e-06,9.379062002391866e-06,0.002060197980001005,41
VGlut-F-000309,264,174,90,2224,174,90,0.0005673603135945054,2.4924580077653596e-06,0.00010027917999029184,0.01326566504195769,118
VGlut-F-000311,97,70,27,524,70,27,0.0001850506953660415,1.6097480838440241e-07,5.66715056312281e-05,0.004874126928295061,77
VGlut-F-000313,1130,723,407,15267,723,407,0.011032493063870165,0.0003477823613912193,0.0003395327226904847,0.05678106627807648,331
VGlut-F-000314,873,649,224,5134,649,224,0.014779056440092937,2.008866529186982e-05,4.53084649949932e-05,0.043867142354655546,352
VGlut-F-000315,245,130,115,1542,130,115,0.00033132884258798824,1.993089304749527e-06,4.4626375560492e-05,0.012310939148786493,121
VGlut-F-000316,61,1,60,393,1,60,1.0906986411952653e-08,2.5605784058062536e-12,7.541512995552573e-06,0.003065172604391739,53
VGlut-F-000317,473,194,279,3622,194,279,0.004705847451500716,8.137610068749016e-06,1.663946725797627e-05,0.02376764986684086,352
VGlut-F-000318,41,14,27,142,14,27,4.0221065058763864e-05,1.4986149814079298e-06,2.002986149750731e-05,0.002060197980001005,36
VGlut-F-000319,411,170,241,2930,170,241,0.004757319312578098,2.439041596309759e-05,1.962735535867862e-05,0.020652228531229586,352
VGlut-F-000320,209,108,101,1166,108,101,0.0010298236404131021,4.169411311951744e-06,3.8419238697236326e-05,0.010501984824883171,160
VGlut-F-000321,349,57,292,3527,57,292,0.0007674263496947558,8.218325608738961e-06,1.1787792657036233e-05,0.01753680719561831,287
VGlut-F-000322,165,130,35,428,130,35,0.0005739178185723121,3.82390385464597e-07,3.56285311661536e-05,0.008291040651223557,109
VGlut-F-000323,639,131,508,4255,131,508,0.0007350030230147789,3.849767401658718e-06,2.5686989175627748e-05,0.03210893924928396,213
VGlut-F-000324,262,160,102,1236,160,102,0.0021177504571218194,1.0613499629415858e-05,3.328734168785926e-05,0.013165167579518617,201
VGlut-F-000325,201,95,106,1310,95,106,0.0002859553158812357,1.8984069926657023e-06,3.456671176184685e-05,0.010099994975126878,121
VGlut-F-000326,815,180,635,5978,180,635,0.0029452225727062105,4.875840371604847e-05,3.75406310848102e-05,0.04095271594392241,248
VGlut-F-000327,357,109,248,1752,109,248,0.00033523972509294254,3.198827376596733e-07,2.6682429159658954e-05,0.017938797045374603,135
VGlut-F-000328,499,178,321,3009,178,321,0.001526148392855582,1.1836619925152494e-05,2.972620843069868e-05,0.025074116878548817,211
VGlut-F-000329,371,196,175,2127,196,175,0.0030798708014203526,2.3170540470521707e-05,3.801393094570033e-05,0.018642279282448118,226
VGlut-F-000330,281,195,86,1419,195,86,0.00039588226325887446,1.711039771708757e-06,8.944327849610907e-05,0.014119893472689814,121
VGlut-F-000331,223,47,176,2696,47,176,0.000635958680328144,1.0231076988103952e-05,7.602314283901483e-05,0.011205467061956685,205
VGlut-F-000332,775,409,366,8810,409,366,0.006303319671281129,0.00019458475857202616,0.00015960871144502553,0.03894276669514095,331
VGlut-F-000333,189,64,125,686,64,125,0.00022493806272189332,2.2240004878036605e-07,3.642417963671141e-05,0.009497010200492437,143
VGlut-F-000335,973,821,152,8806,821,152,0.00835747532729129,0.00031337177252086694,0.0003989778531429626,0.048892015476609214,298
VGlut-F-000336,1282,613,669,12868,613,669,0.007414085791036081,0.020609596630514284,0.00015031932736295052,0.06441887342344606,348
VGlut-F-000337,540,130,410,12769,130,410,0.001820703152536786,0.0008620683247420864,1.3489475250805007e-05,0.02713431485854982,348
VGlut-F-000341,167,19,148,497,19,148,0.0001511668098907752,2.0524473277825346e-06,8.308319287278873e-06,0.00839153811366263,142
VGlut-F-000343,398,230,168,2210,230,168,0.011102103387199433,2.0206857043453146e-05,5.92676689680739e-05,0.01999899502537561,243
VGlut-F-000344,686,563,123,3778,563,123,0.004981614883966686,6.650648283776646e-05,8.940053567348261e-05,0.03447062961660218,240
VGlut-F-000345,331,28,303,1760,28,303,0.0002690104976050333,1.980397754008117e-06,1.0234228802447063e-05,0.01663233003366665,221
VGlut-F-000348,624,342,282,4997,342,282,0.004595125308010089,0.004325326410784016,3.135896505503268e-05,0.03135520828099091,348
VGlut-F-000349,266,115,151,1255,115,151,0.00035123190603373363,4.5013405739150055e-07,4.803287058232085e-05,0.013366162504396765,148
VGlut-F-000350,176,78,98,1614,78,98,0.0010931564629998657,0.00033997481304273144,1.0619632542672793e-05,0.00884377669463846,169
VGlut-F-000351,378,125,253,1509,125,253,0.0003615013194876378,9.286107460551495e-07,2.1372122828724976e-05,0.018994020400984874,175
VGlut-F-000352,59,40,19,205,40,19,0.00019117150244397221,2.8767782704260194e-07,1.8541853630215587e-05,0.0029646751419526657,51
VGlut-F-000353,91,42,49,382,42,49,7.000160457905455e-05,3.956116674929204e-08,0.00010659693461385513,0.0045726345409778405,79
VGlut-F-000354,691,423,268,5562,423,268,0.006873117209917558,5.435570663495905e-05,0.00011124413773428189,0.03472187327269986,298
VGlut-F-000355,698,323,375,11810,323,375,0.00451556338461854,0.004146463556128426,8.34282643636351e-05,0.03507361439123662,348
VGlut-F-000356,349,294,55,2181,294,55,0.004407901822880099,0.0018475953386092412,5.247491692746565e-05,0.01753680719561831,282
VGlut-F-000357,721,548,173,3678,548,173,0.007999662668592583,3.842821641405056e-05,0.00014077182572146084,0.036229335209285965,302
VGlut-F-000358,149,73,76,659,73,76,0.0001832818327841852,1.4829799078818828e-07,5.1887997217397376e-05,0.007487060951710969,94
VGlut-F-000359,174,173,1,449,173,1,0.001329180784454338,1.421726014170981e-05,3.420292292195701e-05,0.008743279232199388,137
VGlut-F-000360,154,49,105,497,49,105,0.0005064784083526663,5.262764043014371e-07,2.461527171566881e-05,0.007738304607808653,133
VGlut-F-000361,168,140,28,892,140,28,0.0009669188818204589,6.266293610830715e-07,2.25069702536946e-05,0.008441786844882167,163
VGlut-F-000362,254,205,49,1280,205,49,0.0024091431670359843,5.2828901155364776e-05,2.8615996944663375e-05,0.012763177729762324,211
VGlut-F-000363,66,4,62,359,4,62,3.813762506832851e-07,1.7219125909623764e-11,9.959827219890213e-06,0.0033164162604894225,60
VGlut-F-000365,634,319,315,2825,319,315,0.005199043367017988,1.6879407327833523e-05,8.26504601347094e-05,0.03185769559318627,296
VGlut-F-000366,326,42,284,1587,42,284,0.0002946798411125327,6.608044029669396e-07,9.955120808039062e-06,0.016381086377568965,211
VGlut-F-000367,86,35,51,441,35,51,0.00034076347967688025,4.165163452208863e-06,2.6821105067350605e-05,0.004321390884880157,69
VGlut-F-000368,453,256,197,4343,256,197,0.0010270193335668344,1.0924378789429934e-05,0.00017214119522752613,0.02276267524245013,186
VGlut-F-000369,414,357,57,2217,357,57,0.0066079677795485865,4.423493668683773e-05,9.407734290791226e-05,0.020802974724888196,274
VGlut-F-000370,539,188,351,8335,188,351,0.0026404570590550652,7.759484561734851e-05,2.673748246955902e-05,0.027084066127330286,334
VGlut-F-000371,75,53,22,270,53,22,0.0005477336113934423,1.9990931750891112e-06,9.99382102002584e-06,0.003768654841465253,75
VGlut-F-000373,108,11,97,790,11,97,0.0001488149164989011,1.0038909136034486e-07,8.61659072083172e-06,0.005426862971709964,108
VGlut-F-000375,260,113,147,888,113,147,0.0032267317989482934,7.429998606887099e-06,1.744098102270828e-05,0.013064670117079544,211
VGlut-F-000376,907,582,325,15900,582,325,0.007306745035497777,0.023435309169362276,0.0001658036083833838,0.04557559921611979,348
VGlut-F-000378,1081,957,124,7426,957,124,0.013509864139757173,0.0003247264030329605,0.0001955917324814162,0.05431887844831918,331
VGlut-F-000380,88,55,33,280,55,33,0.0002803594801022133,2.7337724795027234e-07,3.03943713478319e-05,0.00442188834731923,77
VGlut-F-000382,422,173,249,3417,173,249,0.004347708654071109,6.852666515624025e-06,1.618383480339404e-05,0.02120496457464449,352
VGlut-F-000384,427,169,258,2997,169,258,0.0042633932434806825,1.2284076209223683e-05,1.5096690966621485e-05,0.021456208230742173,352
VGlut-F-000385,421,71,350,2593,71,350,0.001125453442513364,3.0867537582748482e-06,1.1811766139321698e-05,0.021154715843424952,235
VGlut-F-000387,174,107,67,715,107,67,0.000440812867056431,4.956181141374471e-07,4.9003419024343996e-05,0.008743279232199388,105
VGlut-F-000389,488,279,209,2519,279,209,0.004426794508953405,3.8726658376244854e-05,6.833870546910019e-05,0.024521380835133912,314
VGlut-F-000390,193,83,110,619,83,110,0.0008740486385366017,6.022681636981522e-05,1.781648762199885e-05,0.009698005125370585,174
VGlut-F-000391,298,234,64,1596,234,64,0.0011242329153783894,5.180619335732011e-06,3.668762787903474e-05,0.014974121903421938,195
VGlut-F-000393,446,262,184,2815,262,184,0.006853970850578117,1.4009326293893817e-05,2.342086558287682e-05,0.02241093412391337,352
VGlut-F-000396,29,4,25,93,4,25,1.0946666757605679e-05,3.0805559554845883e-09,8.948135747459146e-06,0.0014572132053665644,28
VGlut-F-000397,236,10,226,915,10,226,0.00011196695480258723,4.2899252616097304e-07,7.766707505893306e-06,0.011858700567810663,131
VGlut-F-000398,87,13,74,475,13,74,0.00012853547066886067,2.67187836699765e-07,9.975437155401949e-06,0.004371639616099694,86
VGlut-F-000399,649,210,439,2924,210,439,0.008682129763361341,4.0296060019004125e-05,2.622272145899032e-05,0.03261142656147932,312
VGlut-F-000400,367,44,323,3637,44,323,0.0004928263973752873,1.0855274261116506e-06,1.262332513328141e-05,0.018441284357569972,158
VGlut-F-000401,17,8,9,56,8,9,8.053766733319412e-06,4.147658277299172e-09,1.8385286403283008e-05,0.000854228430732124,17
VGlut-F-000402,34,11,23,94,11,23,4.5988921883905417e-05,2.988988132107067e-08,1.5894793783149363e-05,0.001708456861464248,31
VGlut-F-000404,572,365,207,4525,365,207,0.004689740825107949,5.5337700806762105e-05,9.130937867375306e-05,0.028742274257574998,264
VGlut-F-000405,118,44,74,505,44,74,0.00024664965311809627,2.7320348188817494e-07,1.3782907138169851e-05,0.0059293502839053314,94
VGlut-F-000406,60,8,52,177,8,52,2.6894049057509286e-05,1.1130374783929417e-08,8.832692175722842e-06,0.0030149238731722026,56
VGlut-F-000407,651,174,477,4534,174,477,0.004596615156978076,1.1835379308349125e-05,1.8472079457707143e-05,0.0327119240239184,352
VGlut-F-000408,83,62,21,289,62,21,0.00022881362794798158,1.4811543950921437e-07,2.3449432115077917e-05,0.004170644691221546,71
VGlut-F-000410,563,278,285,2803,278,285,0.005271613954847382,1.856363693656108e-05,3.638971741800574e-05,0.028290035676599167,308
VGlut-F-000411,463,107,356,11401,107,356,0.0015207700038810568,0.000873313902115538,1.3161359250539617e-05,0.023265162554645495,348
VGlut-F-000412,136,45,91,623,45,91,0.00021065760138217797,1.316299260009975e-07,1.9224112873948734e-05,0.006833827445856992,92
VGlut-F-000413,92,23,69,444,23,69,0.00011133849465599338,8.435618509617427e-08,2.0223057313495315e-05,0.004622883272197377,81
VGlut-F-000416,5,4,1,10,4,1,9.026512685684779e-06,9.900633959725947e-10,7.998299889196851e-06,0.0002512436560976835,5
VGlut-F-000417,669,357,312,4638,357,312,0.009217935841224495,2.1404003541401893e-05,5.466812539329259e-05,0.03361640118587006,352
VGlut-F-000418,56,11,45,269,11,45,7.445608539636316e-05,4.537731102696073e-06,1.0455265434332074e-05,0.0028139289482940555,50
VGlut-F-000419,751,440,311,6086,440,311,0.008741125009465228,0.00023524326227181443,9.59671945298369e-05,0.03773679714587207,248
VGlut-F-000420,65,38,27,195,38,27,0.0006357536603467001,3.927748771862594e-06,8.995248221577811e-06,0.003266167529269886,65
VGlut-F-000421,52,37,15,217,37,15,0.00010167602483830465,4.225751931809279e-08,1.6578406355344243e-05,0.002612934023415909,52
VGlut-F-000422,1993,673,1320,10885,673,1320,0.011019290251355958,5.0966070339354526e-05,0.0002801036523764718,0.10014572132053666,348
VGlut-F-000423,446,178,268,3719,178,268,0.004431093867820301,5.6672784051325965e-06,1.7331546949174584e-05,0.02241093412391337,352
VGlut-F-000424,97,66,31,376,66,31,0.0002374869474084437,3.458083473157233e-07,2.0867681040312444e-05,0.004874126928295061,83
VGlut-F-000425,384,319,65,1560,319,65,0.0006407376452605031,4.895037278139226e-07,7.615868540528728e-05,0.019295512788302095,148
VGlut-F-000426,318,259,59,1647,259,59,0.0010397978188049501,4.588421322871428e-06,4.743636845104431e-05,0.015979096527812674,198
VGlut-F-000427,433,111,322,4009,111,322,0.0013674325801536823,1.5647432656152012e-05,1.6742658312208982e-05,0.021757700618059393,179
VGlut-F-000428,418,119,299,2000,119,299,0.0013548428559998279,1.1384174014794144e-05,1.9954809686834113e-05,0.021003969649766342,296
VGlut-F-000429,805,468,337,11606,468,337,0.0007467402499411146,1.3026145890060354e-05,0.0006389354349332352,0.04045022863172705,123
VGlut-F-000430,1111,562,549,12427,562,549,0.015381395095230121,0.00032112989832698785,0.00010884913357740584,0.05582634038490528,348
VGlut-F-000431,244,109,135,1395,109,135,0.0012148411474323141,5.614273058751079e-05,4.0733045004648436e-05,0.012260690417566956,186
VGlut-F-000432,312,44,268,3294,44,268,1.4666744791927857e-05,5.342570649832805e-09,8.268088456893319e-05,0.015677604140495453,121
VGlut-F-000433,616,135,481,3418,135,481,0.0014290214832818197,1.793204437568138e-05,4.7734269735020114e-05,0.03095321843123461,243
VGlut-F-000434,1403,836,567,9706,836,567,0.009844518122459366,9.811893911775478e-05,0.00029471398701978263,0.07049896990101,331
VGlut-F-000435,841,421,420,4244,421,420,0.006118417090881578,1.117975753153446e-05,5.770213427184348e-05,0.04225918295563037,296
VGlut-F-000436,314,180,134,2040,180,134,0.001700700530788038,6.843474381269782e-06,3.495623736427668e-05,0.015778101602934524,191
VGlut-F-000437,76,62,14,548,62,14,0.00023804068713065743,3.207280287770249e-07,3.8402644606776827e-05,0.0038189035726847896,69
VGlut-F-000438,67,7,60,250,7,60,6.266655820629121e-05,4.2641441131559784e-08,8.304200250537034e-06,0.0033666649917089594,62
VGlut-F-000439,65,44,21,298,44,21,0.00018168217531377837,9.787739256421282e-08,2.7440847043441293e-05,0.003266167529269886,61
VGlut-F-000440,784,376,408,15127,376,408,0.005304100242340158,0.0076949175937814016,0.00015488622487411618,0.03939500527611678,348
VGlut-F-000441,471,236,235,2740,236,235,0.0034533803358166235,4.141385447397793e-05,4.242194655023705e-05,0.02366715240440179,293
VGlut-F-000442,642,178,464,4250,178,464,0.0029853440370171598,0.00019859717489052823,2.839044288319007e-05,0.03225968544294257,248
VGlut-F-000444,167,127,40,697,127,40,0.00041542136224889296,3.0910265868152355e-07,3.4578442027443125e-05,0.00839153811366263,107
VGlut-F-000448,352,80,272,1893,80,272,0.0014085984822523,1.9166792029182537e-05,1.4211170084954411e-05,0.01768755338927692,215
VGlut-F-000449,322,37,285,1315,37,285,0.000268270005016953,4.982862361450467e-07,9.076983319687976e-06,0.01618009145269082,205
VGlut-F-000451,436,246,190,2716,246,190,0.003632443456889218,2.5750747949502097e-05,5.1069922074724946e-05,0.021908446811718003,240
VGlut-F-000452,34,1,33,110,1,33,6.298917165738994e-09,4.6121181066706935e-12,7.862976390715823e-06,0.001708456861464248,32
VGlut-F-000453,595,330,265,3269,330,265,0.005051882175080236,3.002703229945649e-05,5.8968356914160365e-05,0.02989799507562434,279
VGlut-F-000454,2075,1250,825,19310,1250,825,0.015188618336867661,0.02766945798833274,0.00036773619262021054,0.10426611728053867,352
VGlut-F-000455,656,616,40,6514,616,40,0.008111983940881671,0.0002903223195401597,0.00017134489552771996,0.03296316768001608,298
VGlut-F-000456,139,82,57,508,82,57,0.0005401313748856561,2.014051360809038e-06,1.6457362522909497e-05,0.006984573639515602,121
VGlut-F-000457,497,244,253,1893,244,253,0.0031641540202957826,9.083513570244822e-06,5.6491964572881906e-05,0.024973619416109743,275
VGlut-F-000458,959,544,415,10873,544,415,0.007774924081482275,0.00017581595206421553,0.0001963869290153634,0.0481885332395357,331
VGlut-F-000459,113,50,63,935,50,63,0.0002089737326437468,6.828225479750227e-07,2.535856777195456e-05,0.0056781066278076475,94
VGlut-F-000460,113,51,62,594,51,62,0.00018007331488319222,1.0159088877128952e-06,2.1716268362929542e-05,0.0056781066278076475,88
VGlut-F-000461,45,36,9,186,36,9,0.00010943622353568626,1.8600126276736362e-07,1.9963643992433306e-05,0.0022611929048791516,44
VGlut-F-000462,124,77,47,565,77,47,0.00015884120735958047,1.1095322614775333e-07,4.497723239086796e-05,0.006230842671222552,94
VGlut-F-000463,464,217,247,3646,217,247,0.002242177611679594,3.005721607272956e-05,3.874241488059304e-05,0.02331541128586503,280
VGlut-F-000464,181,98,83,902,98,83,0.0007034056266178942,1.8881745871092975e-06,2.856099335001395e-05,0.009095020350736144,130
VGlut-F-000465,596,319,277,4081,319,277,0.005255618838616372,3.119704908832452e-05,6.458853031109244e-05,0.029948243806843876,278
VGlut-F-000466,141,64,77,797,64,77,0.00020161072704908876,3.313174265621497e-07,2.29743976979433e-05,0.007085071101954676,115
VGlut-F-000467,144,86,58,1179,86,58,0.0003213537329378772,1.944394551526297e-06,4.322195386909912e-05,0.007235817295613286,109
VGlut-F-000468,899,439,460,14089,439,460,0.0064134601774300986,0.00028098067743752205,0.00021070376615193185,0.0451736093663635,331
VGlut-F-000469,138,63,75,503,63,75,0.0006265808759228893,1.4068936127308848e-06,1.5675821218245595e-05,0.0069343249082960655,98
VGlut-F-000470,121,83,38,694,83,38,0.0003082826940736295,2.1205853236183353e-07,3.9066417574867826e-05,0.006080096477563942,95
VGlut-F-000473,247,227,20,1884,227,20,0.000656536124455178,1.325955416201217e-06,0.00010368824371510967,0.012411436611225566,123
VGlut-F-000474,344,289,55,3019,289,55,0.0027363288200254196,0.00016776798396748896,6.312728679654416e-05,0.017285563539520626,208
VGlut-F-000476,81,44,37,185,44,37,0.0004303345844493303,4.0327479380504304e-07,9.208360997347123e-06,0.0040701472287824735,81
VGlut-F-000477,436,213,223,2380,213,223,0.0016326662146380992,6.6255253790536055e-06,3.192131124923143e-05,0.021908446811718003,203
VGlut-F-000478,150,90,60,495,90,60,0.0014167864898974266,4.277052343050358e-05,1.407201648837686e-05,0.007537309682930506,135
VGlut-F-000479,549,299,250,4183,299,250,0.007318522742996789,1.665601795426351e-05,2.6741062330507286e-05,0.027586553439525652,352
VGlut-F-000480,114,48,66,699,48,66,6.164078994579168e-05,8.211334769635001e-08,3.8456913778816366e-05,0.005728355359027185,77
VGlut-F-000481,880,489,391,9561,489,391,0.007215555251204917,0.00015459425932640557,0.00015448283928499472,0.044218883473192305,331
VGlut-F-000483,80,69,11,368,69,11,0.00023294364182177945,1.797290010985821e-07,4.9809399600543997e-05,0.004019898497562936,70
VGlut-F-000484,641,469,172,2690,469,172,0.012238444320733548,1.5157537093714148e-05,3.0375757860926802e-05,0.03220943671172303,352
VGlut-F-000485,348,96,252,3163,96,252,0.0009847970666162081,9.530384207143893e-06,1.3968600881933387e-05,0.017486558464398776,271
VGlut-F-000486,90,57,33,375,57,33,0.00012557058102636778,1.2324425239524688e-07,2.5397313809062887e-05,0.004522385809758303,77
VGlut-F-000487,372,182,190,1614,182,190,0.004107238326151468,2.190812420908523e-06,1.487304128541647e-05,0.018692528013667654,347
VGlut-F-000488,1773,782,991,13385,782,991,0.009159355410566483,0.0005126556689308014,0.00019871192162121024,0.08909100045223858,352
VGlut-F-000490,311,246,65,2096,246,65,0.0028363487632186964,3.6053559956304474e-06,5.1288260344164745e-05,0.015627355409275914,202
VGlut-F-000491,765,576,189,3856,576,189,0.007666290937400976,0.0042071934864697045,5.266640339987397e-05,0.03844027938294558,348
VGlut-F-000492,732,554,178,3700,554,178,0.008010318730235569,3.9365631939379264e-05,0.00013711055195186607,0.03678207125270087,303
VGlut-F-000493,832,206,626,5082,206,626,0.003544126476586072,1.1973922209259258e-05,3.0226499020274428e-05,0.04180694437465454,248
VGlut-F-000494,133,70,63,1057,70,63,0.00023354801812112296,1.2234209176463882e-06,2.238339472840638e-05,0.006683081252198382,114
VGlut-F-000495,62,36,26,504,36,26,0.00015159222174482192,3.2728624872857864e-06,8.181247805526379e-05,0.003115421335611276,42
VGlut-F-000496,98,75,23,482,75,23,0.00036032516657031065,4.774311906704068e-07,2.4750726738755063e-05,0.004924375659514597,88
VGlut-F-000497,31,29,2,65,29,2,7.92772688808234e-05,3.029915738513742e-08,1.1885604820366722e-05,0.001557710667805638,31
VGlut-F-000498,381,39,342,3094,39,342,0.00031879901380018477,9.77649132816738e-07,1.1825060773336412e-05,0.019144766594643484,169
VGlut-F-000499,335,83,252,1080,83,252,0.0008531119606289725,6.58002190384186e-06,1.6954227888409533e-05,0.016833324958544796,243
VGlut-F-000500,40,27,13,128,27,13,5.0701287165017495e-05,2.004015724664163e-08,1.6555075979847583e-05,0.002009949248781468,39
VGlut-F-000501,93,83,10,413,83,10,0.0015859147659098099,1.6449788164454878e-06,1.471099326419536e-05,0.0046731320034169134,89
VGlut-F-000503,850,457,393,10559,457,393,0.006924819820859473,0.00015720656478546036,0.0001496143230606008,0.0427114215366062,331
VGlut-F-000504,353,272,81,2715,272,81,0.0004952944797347148,1.3756324328538638e-06,0.0003078012937528442,0.017737802120496457,103
VGlut-F-000505,66,35,31,313,35,31,0.00012084266471760792,1.252660889659452e-07,1.2192477317872105e-05,0.0033164162604894225,60
VGlut-F-000506,59,19,40,255,19,40,7.03890677054332e-05,5.938540698776117e-08,9.3539317624195e-06,0.0029646751419526657,57
VGlut-F-000510,842,452,390,10126,452,390,0.006650453512764741,0.00023350129689469145,0.00018485129239171678,0.042309431686849905,331
VGlut-F-000512,881,479,402,10282,479,402,0.006830314216502495,0.00016988671882724112,0.00017029807924640833,0.04426913220441184,331
VGlut-F-000513,438,245,193,4390,245,193,0.003744883727285859,2.479827268104251e-05,0.00012169959724597754,0.022008944274157078,217
VGlut-F-000514,56,42,14,195,42,14,8.233315367377513e-05,5.5761558436932785e-08,1.6712528857483135e-05,0.0028139289482940555,50
VGlut-F-000516,220,107,113,856,107,113,0.0017163973169256387,6.161509501803385e-06,6.361362088382069e-05,0.011054720868298076,185
VGlut-F-000517,637,236,401,2935,236,401,0.002432768944721953,1.1310335268199733e-05,6.818334768256593e-05,0.03200844178684488,282
VGlut-F-000518,123,87,36,596,87,36,0.0003183272155509991,1.971772375524438e-07,4.213407690328242e-05,0.0061805939400030145,94
VGlut-F-000519,239,166,73,1832,166,73,0.0017410584496155568,7.139441575394714e-05,3.265614506085137e-05,0.012009446761469273,204
VGlut-F-000520,24,17,7,87,17,7,0.00011797696306540968,1.1791239050467637e-07,9.770463639075455e-06,0.001205969549268881,24
VGlut-F-000521,190,96,94,2228,96,94,0.00042828136553216706,2.605489184492027e-06,3.86533882501001e-05,0.009547258931711974,104
VGlut-F-000522,115,86,29,664,86,29,0.0002729087953889445,1.6605480171897837e-06,4.162869620000281e-05,0.005778604090246721,99
VGlut-F-000523,551,188,363,3289,188,363,0.0026598797235791514,6.444290249118357e-05,4.142166254707532e-05,0.027687050901964726,237
VGlut-F-000525,1081,930,151,5846,930,151,0.02472948659290555,3.418302300485169e-05,7.534524573151972e-05,0.05431887844831918,352
VGlut-F-000526,790,201,589,4337,201,589,0.0014102135816984993,1.7523106524641462e-05,4.331170673500059e-05,0.039696497663434,209
VGlut-F-000527,454,288,166,2893,288,166,0.004124881208755372,2.9379947172014223e-05,8.877502756069921e-05,0.022812923973669665,216
VGlut-F-000528,206,160,46,1014,160,46,0.0024649258269917357,1.450639228488883e-05,3.0456005199828416e-05,0.010351238631224561,170
VGlut-F-000529,801,263,538,4580,263,538,0.004720894872110179,1.357288225456653e-05,5.714695019292765e-05,0.0402492337068489,296
VGlut-F-000530,463,205,258,3611,205,258,0.005097604663961242,1.837711165758632e-05,1.8294382652117903e-05,0.023265162554645495,352
VGlut-F-000531,465,195,270,2382,195,270,0.0029270473969162524,1.4457811673692158e-05,4.749920894579524e-05,0.02336566001708457,286
VGlut-F-000532,438,144,294,2983,144,294,0.002353600708167248,6.731663841130108e-06,3.9996815241561685e-05,0.022008944274157078,236
VGlut-F-000533,567,237,330,3034,237,330,0.003521584005959332,4.770446460130773e-05,3.887117908053873e-05,0.028491030601477313,296
VGlut-F-000534,281,203,78,1013,203,78,0.0015109790544874072,9.406874233158831e-06,3.379296679596219e-05,0.014119893472689814,205
VGlut-F-000535,716,411,305,3404,411,305,0.019675613347535568,6.248794120113867e-05,6.142768869566878e-05,0.035978091553188284,310
VGlut-F-000536,64,47,17,367,47,17,3.9114948526283205e-05,1.2152314487383907e-08,3.5694117609169176e-05,0.0032159187980503492,49
VGlut-F-000537,189,158,31,1240,158,31,0.0003176138575118203,5.577386457862651e-07,7.522976856551994e-05,0.009497010200492437,98
VGlut-F-000538,427,175,252,2736,175,252,0.004104339640140686,7.751531844385105e-06,1.585439049723042e-05,0.021456208230742173,352
VGlut-F-000539,493,195,298,3420,195,298,0.004856489525441336,1.2292682710789396e-05,1.852124155559436e-05,0.024772624491231597,352
VGlut-F-000540,458,247,211,3226,247,211,0.006601693681860684,1.3862890884043157e-05,2.295277608618965e-05,0.02301391889854781,352
VGlut-F-000541,31,12,19,98,12,19,6.241783341017355e-05,1.1964686174084203e-07,1.1034942156616199e-05,0.001557710667805638,30
VGlut-F-000542,828,433,395,9527,433,395,0.0063666357830198,0.00013032002818426591,0.0001451489769102457,0.04160594944977639,331
VGlut-F-000544,451,152,299,1775,152,299,0.0017808029196472504,1.5795990548664635e-05,2.192616438763695e-05,0.022662177780011054,293
VGlut-F-000545,1066,248,818,6788,248,818,0.00352644154936471,0.00011754729042882843,0.00010752387861548606,0.05356514748002613,352
VGlut-F-000546,154,123,31,563,123,31,0.0006895866296598453,3.958922605412431e-06,1.9115757284787405e-05,0.007738304607808653,132
VGlut-F-000547,469,422,47,1658,422,47,0.002557087712905566,2.5727508351192964e-05,6.247192275507597e-05,0.023566654941962716,211
VGlut-F-000548,329,217,112,1980,217,112,0.005820306978831675,1.7782703314050686e-05,2.1414648688529543e-05,0.016531832571227575,314
VGlut-F-000549,673,643,30,3114,643,30,0.02019489859662991,2.1810333160869514e-05,0.00037103190488026823,0.0338173961107482,352
VGlut-F-000550,51,30,21,167,30,21,0.00010920747944952117,8.995752094310085e-08,1.2167871159754371e-05,0.002562685292196372,49
VGlut-F-000553,596,281,315,5591,281,315,0.007327624283621756,2.315678316067812e-05,2.4868844970642158e-05,0.029948243806843876,352
VGlut-F-000554,208,102,106,648,102,106,0.002244737473996814,4.908987620685401e-06,1.654711702300207e-05,0.010451736093663636,165
VGlut-F-000555,1053,272,781,5394,272,781,0.0021173397361809346,6.509976961753482e-05,4.0333151106708284e-05,0.05291191397417215,296
VGlut-F-000556,623,67,556,3530,67,556,0.0010403186725815791,6.666805229149803e-06,1.11692637677501e-05,0.03130495954977137,301
VGlut-F-000557,250,221,29,1609,221,29,0.00033403178368274927,4.7169972851180445e-07,0.00015546109094425977,0.012562182804884177,109
VGlut-F-000558,583,285,298,3150,285,298,0.0020613216694992695,1.6446758448931807e-05,3.862951333605481e-05,0.0292950103009899,211
VGlut-F-000559,825,449,376,10079,449,376,0.006954996731841481,0.0001327689814136026,0.00014117820535204824,0.04145520325611778,331
VGlut-F-000560,716,529,187,12281,529,187,0.0067769465077335235,0.024113861630851077,0.00015757946633458177,0.035978091553188284,348
VGlut-F-000561,495,304,191,2877,304,191,0.0011934336368592095,4.250292649486287e-06,6.329359910168256e-05,0.024873121953670668,181
VGlut-F-000563,223,185,38,1139,185,38,0.0009193928634651445,8.521740412411956e-06,2.2612547967854505e-05,0.011205467061956685,194
VGlut-F-000564,116,51,65,693,51,65,0.00018609945308356563,4.6125508693229137e-07,3.013641417473086e-05,0.005828852821466258,93
VGlut-F-000565,429,102,327,2808,102,327,0.0005569857252091359,2.077983062802453e-06,1.3564634571245574e-05,0.021556705693181247,186
VGlut-F-000566,267,52,215,1398,52,215,0.0003312907208335916,5.065811534590887e-07,2.3229054356668842e-05,0.0134164112356163,205
VGlut-F-000567,422,163,259,3230,163,259,0.004458302489662329,7.09972150308948e-06,1.7657007928574383e-05,0.02120496457464449,352
VGlut-F-000572,549,283,266,3609,283,266,0.007711797499656102,1.3956623223955942e-05,2.858859845363764e-05,0.027586553439525652,352
VGlut-F-000573,561,212,349,3591,212,349,0.0031820125770012798,2.736046083474032e-05,4.868712397730867e-05,0.028189538214160093,296
VGlut-F-000574,864,414,450,12225,414,450,0.0060941801260262565,0.00018572784368363335,0.00016287305622413988,0.043414903773679715,331
VGlut-F-000575,249,179,70,1391,179,70,0.0007407065419303336,1.906733927135664e-06,1.722302401669713e-05,0.01251193407366464,210
VGlut-F-000576,456,248,208,3488,248,208,0.006983437504304572,3.181520419937053e-05,2.911100522309166e-05,0.02291342143610874,352
VGlut-F-000579,93,59,34,503,59,34,0.0001772111038401491,1.5347025684717047e-07,2.100393741247609e-05,0.0046731320034169134,80
VGlut-F-000580,65,45,20,264,45,20,0.0002328229671710886,2.077280187987415e-07,1.9348384819712376e-05,0.003266167529269886,64
VGlut-F-000582,1813,1079,734,11097,1079,734,0.0037852984514600645,1.3183815863782697e-05,0.0002676758686325809,0.09110094970102005,206
VGlut-F-000583,630,175,455,3629,175,455,0.002694426553243994,2.1678784774554773e-05,3.077055941247394e-05,0.03165670066830813,296
VGlut-F-000584,69,55,14,242,55,14,0.0005344301827046926,1.2249137020573618e-06,1.0301913778713847e-05,0.0034671624541480327,69
VGlut-F-000585,280,236,44,1427,236,44,0.0036022149997714903,0.001693719020061146,3.660414134244951e-05,0.014069644741470278,255
VGlut-F-000586,181,30,151,683,30,151,8.961654000954254e-05,3.697889860991036e-08,1.7068576209148507e-05,0.009095020350736144,148
VGlut-F-000588,518,272,246,4230,272,246,0.006928812401221857,2.1716873438237484e-05,2.763995733178665e-05,0.026028842771720014,352
VGlut-F-000589,76,41,35,380,41,35,9.73544231291401e-05,9.357924583633337e-08,1.2195051081715571e-05,0.0038189035726847896,62
VGlut-F-000590,246,154,92,1038,154,92,0.00044278807259103686,3.3656377463382557e-07,6.207857982554618e-05,0.012361187880006029,148
VGlut-F-000592,796,431,365,10241,431,365,0.006431169054215839,0.0001668020006975568,0.00016761276966610245,0.03999799005075122,331
VGlut-F-000594,198,91,107,969,91,107,0.0007884359833471561,3.6946601792585624e-06,2.4025630257739828e-05,0.009949248781468268,176
VGlut-F-000595,59,41,18,193,41,18,0.0001699028477670075,3.875520151276723e-07,1.6701572187589835e-05,0.0029646751419526657,51
VGlut-F-000596,82,32,50,388,32,50,8.332912753965211e-05,5.168584522568282e-08,1.5493802699676617e-05,0.00412039596000201,72
VGlut-F-000597,114,38,76,680,38,76,0.0001507452737753978,2.276090289563451e-07,1.9565894926280617e-05,0.005728355359027185,93
VGlut-F-000598,62,32,30,298,32,30,7.136795041479955e-05,5.9072509248129734e-08,1.3992571584458368e-05,0.003115421335611276,61
VGlut-F-000599,99,38,61,392,38,61,0.00013030492028394514,9.040853004296558e-08,1.4260916887272247e-05,0.004974624390734134,88
VGlut-F-000600,885,523,362,3971,523,362,0.000932731293108847,1.0829918042943825e-06,0.000336733230821739,0.04447012712928999,209
VGlut-F-000601,302,155,147,3046,155,147,0.001766602114400539,1.9078753028540178e-05,0.00014780432677111502,0.015175116828300085,134
VGlut-F-000602,840,460,380,10405,460,380,0.006992673708705497,0.00020636935855131405,0.00016295337751376973,0.042208934224410834,331
VGlut-F-000603,107,41,66,459,41,66,0.0003020971383187545,4.454551384349601e-06,1.141760145575445e-05,0.005376614240490428,90
VGlut-F-000606,193,76,117,997,76,117,0.00035947320566619666,9.389468363116099e-07,1.0846705783452717e-05,0.009698005125370585,187
VGlut-F-000607,403,157,246,2312,157,246,0.002221939266858028,5.00820129221144e-05,3.291090632626133e-05,0.02025023868147329,226
VGlut-F-000608,697,18,679,4267,18,679,0.0002739573605788129,1.4998550496743294e-07,8.16732975744674e-06,0.03502336566001708,352
VGlut-F-000609,316,246,70,2169,246,70,0.002289743696547729,7.348065398408846e-05,4.173575829168981e-05,0.0158785990653736,205
VGlut-F-000610,166,90,76,1215,90,76,0.000321807955604469,1.668683581946116e-06,4.005453132149125e-05,0.008341289382443093,109
VGlut-F-000611,160,25,135,757,25,135,0.00010008005497344798,3.076576057256858e-08,1.1701350563157068e-05,0.008039796995125872,99
VGlut-F-000612,475,267,208,3445,267,208,0.006931455713147879,2.042438086970818e-05,2.6354429088668827e-05,0.023868147329279936,352
VGlut-F-000613,842,433,409,11832,433,409,0.006527765139489074,0.0002001374449037427,0.00016193436652385892,0.042309431686849905,331
VGlut-F-000617,540,232,308,5939,232,308,0.005862789266172164,1.4662342123799918e-05,2.1828882610495823e-05,0.02713431485854982,352
VGlut-F-000618,812,455,357,10473,455,357,0.0068498918358486085,0.00018253336128512686,0.0001689733583280565,0.0408019697502638,331
VGlut-F-000619,515,473,42,2697,473,42,0.012552214207135844,1.1967305987187906e-05,0.0002618813895091993,0.025878096578061404,348
VGlut-F-000620,296,294,2,1579,294,2,0.004897752309700141,2.568884353146561e-05,5.058252528135236e-05,0.014873624440982865,208
VGlut-F-000621,473,205,268,2306,205,268,0.002946368652980961,3.399094115247606e-05,3.5562674857297794e-05,0.02376764986684086,296
VGlut-F-000623,821,425,396,9777,425,396,0.0067706152422745145,0.00017723880936754916,0.00012307195856856823,0.041254208331239633,331
VGlut-F-000624,1095,585,510,11303,585,510,0.016088801685712154,0.00029704187151983504,0.00011959858892594184,0.05502236068539269,348
VGlut-F-000625,159,67,92,616,67,92,0.0003130401592360285,3.2159147494641803e-07,1.5776203819959722e-05,0.007989548263906337,115
VGlut-F-000626,512,203,309,4857,203,309,0.004668063633308484,1.4090647422357076e-05,1.8901228691968148e-05,0.025727350384402794,352
VGlut-F-000627,349,148,201,1948,148,201,0.001816356624712557,6.490248199284191e-06,3.3599320012704434e-05,0.01753680719561831,246
VGlut-F-000628,529,221,308,3823,221,308,0.005278974528191169,7.880623957406057e-06,1.856626107435281e-05,0.02658157881513492,352
VGlut-F-000629,123,70,53,399,70,53,0.001254717045199722,3.4070989715254536e-06,1.3035813862542594e-05,0.0061805939400030145,122
VGlut-F-000630,529,266,263,3932,266,263,0.00688795944229614,1.9378055133244226e-05,2.6807506095990436e-05,0.02658157881513492,352
VGlut-F-000631,980,186,794,6768,186,794,0.0030189644518716905,1.6644621170906953e-05,5.169512489699182e-05,0.049243756595145974,349
VGlut-F-000632,743,399,344,11332,399,344,0.005804254597903139,0.00020912164550007407,0.00019168232959530573,0.037334807296115775,331
VGlut-F-000633,716,355,361,8927,355,361,0.005302357504522003,0.00012990522845844263,0.00013854772460086495,0.035978091553188284,331
VGlut-F-000634,957,937,20,4426,937,20,0.02962979254930231,3.619075103448244e-05,0.0007060034161110252,0.04808803577709663,352
VGlut-F-000635,432,132,300,2168,132,300,0.0020837450027207704,1.4562577023717067e-05,2.766604727490197e-05,0.021707451886839858,286
VGlut-F-000636,350,43,307,3218,43,307,0.00041514283175234676,1.306910595352508e-06,1.4070823671178417e-05,0.017587055926837847,163
VGlut-F-000637,77,7,70,371,7,70,4.490780433008496e-05,1.1617615875232698e-06,9.678669073410837e-06,0.0038691523039043265,71
VGlut-F-000638,315,211,104,1939,211,104,0.001700544666304923,1.1152696245410535e-05,3.4499322134961565e-05,0.015828350334154064,189
VGlut-F-000639,1218,244,974,9619,244,974,0.0037007311461469653,0.0001856828532512127,9.878629313219496e-05,0.06120295462539571,352
VGlut-F-000640,477,217,260,2478,217,260,0.0033194359054389854,3.867670512614934e-05,3.6691765308672946e-05,0.02396864479171901,296
VGlut-F-000641,869,459,410,15163,459,410,0.0070360208371796126,0.00022637338867137773,0.0002212367181161252,0.0436661474297774,331
VGlut-F-000642,861,455,406,13792,455,406,0.006730801952829163,0.00023117543973135468,0.0002109275616410902,0.043264157580021105,331
VGlut-F-000644,396,235,161,2457,235,161,0.006095989065740651,7.714731651122757e-06,2.3608477797254078e-05,0.019898497562936535,352
VGlut-F-000645,219,25,194,1391,25,194,2.4043995097682647e-05,6.249478513413105e-09,1.808811588634154e-05,0.011004472137078539,131
VGlut-F-000646,606,338,268,3696,338,268,0.00783416061451184,1.029772800275564e-05,2.955316903429161e-05,0.030450731119039245,352
VGlut-F-000647,916,539,377,10649,539,377,0.00723665661215701,0.000153961266998579,0.00022143317546433706,0.04602783779709562,331
VGlut-F-000648,207,100,107,616,100,107,0.0005294867263054502,5.365412425129192e-07,1.6478770128343486e-05,0.010401487362444098,174
VGlut-F-000649,153,87,66,972,87,66,0.0002359189229356452,9.701132196994385e-07,3.05947633509974e-05,0.0076880558765891165,116
VGlut-F-000650,498,259,239,3674,259,239,0.0064963408201084115,1.880051671227069e-05,2.7757231345604568e-05,0.02502386814732928,352
VGlut-F-000651,1029,636,393,17031,636,393,0.008468264845540939,0.01193652049447461,0.00025164398860598117,0.05170594442490327,348
VGlut-F-000652,1166,683,483,6029,683,483,0.008814250734159243,5.170547512136275e-05,0.00041690835731002175,0.0585900206019798,318
VGlut-F-000654,251,176,75,1279,176,75,0.00026262614514921867,2.663222715826816e-07,7.970195045453081e-05,0.012612431536103714,121
VGlut-F-000655,242,171,71,1540,171,71,0.0008338586141677367,7.695420632267432e-06,1.9556675280044573e-05,0.012160192955127883,189
VGlut-F-000656,325,248,77,2160,248,77,0.0010617109182856723,5.547434976279246e-06,3.563053903714357e-05,0.01633083764634943,211
VGlut-F-000659,44,26,18,132,26,18,7.432540213470541e-05,3.304495203116019e-08,1.3172574539217885e-05,0.002210944173659615,43
VGlut-F-000660,112,111,1,368,111,1,0.0003544826232601596,1.977559851908584e-07,4.001370687667859e-05,0.005627857896588111,86
VGlut-F-000661,107,57,50,576,57,50,0.0004466066514634068,1.6769750550361783e-06,3.410738184505684e-05,0.005376614240490428,94
VGlut-F-000662,107,54,53,342,54,53,0.0004659205424886781,1.2336150004082403e-05,1.3958947328364605e-05,0.005376614240490428,103
VGlut-F-000664,588,192,396,3444,192,396,0.002117562563731211,0.000136453040138938,0.0003101136830588029,0.029546253957087584,263
VGlut-F-000665,241,155,86,1330,155,86,0.0019158883838932422,3.236488090001285e-05,4.281380928598729e-05,0.012109944223908346,193
VGlut-F-000667,99,50,49,502,50,49,0.00021837708571244733,2.420589634616988e-07,1.5072684078629474e-05,0.004974624390734134,83
VGlut-F-000668,722,407,315,8268,407,315,0.00588420330016337,0.00012721257615258585,0.00015294324806835443,0.036279583940505504,331
VGlut-F-000669,385,209,176,2320,209,176,0.005242775833397241,5.564919637946912e-06,2.2472428618238884e-05,0.019345761519521634,337
VGlut-F-000670,128,68,60,599,68,60,0.00029244715109426615,4.2021504588818854e-07,2.420037119277712e-05,0.0064318375961006985,98
VGlut-F-000671,218,168,50,689,168,50,0.0006181864351403664,8.067511480217269e-07,3.151451042975507e-05,0.010954223405859002,148
VGlut-F-000672,456,294,162,2503,294,162,0.004504180718663981,2.4728423010748887e-05,0.00017033907854920174,0.02291342143610874,209
VGlut-F-000673,885,706,179,4343,706,179,0.01809254152331724,1.701468087824259e-05,4.719105024500995e-05,0.04447012712928999,352
VGlut-F-000674,236,133,103,809,133,103,0.0013279160356546404,1.5706185453773965e-05,1.5359855407974265e-05,0.011858700567810663,163
VGlut-F-000675,72,17,55,326,17,55,0.00014493243475717879,6.432492914732503e-08,9.811203171075751e-06,0.003617908647806643,71
VGlut-F-000676,503,177,326,4164,177,326,0.0037594321457269523,5.29124649210552e-06,1.8542073982382933e-05,0.025275111803426963,352
VGlut-F-000677,101,72,29,1033,72,29,0.0004300241193653521,5.685639637831436e-07,9.377629985668129e-05,0.005075121853173208,87
VGlut-F-000678,236,62,174,974,62,174,0.0006725014265418313,1.665474127863902e-06,1.6590127136833798e-05,0.011858700567810663,203
VGlut-F-000679,1074,637,437,6484,637,437,0.012701171380575959,1.7344201666254915e-05,5.119929605599619e-05,0.05396713732978242,352
VGlut-F-000682,480,204,276,4169,204,276,0.005365025048444754,8.22574777675381e-06,2.079629008528561e-05,0.02411939098537762,352
VGlut-F-000683,514,218,296,3569,218,296,0.005238621898409992,5.29097110720833e-06,2.0797411397757773e-05,0.02582784784684187,352
VGlut-F-000684,502,281,221,3507,281,221,0.0072507497373062915,1.49080288107154e-05,2.294697236223394e-05,0.025224863072207428,352
VGlut-F-000685,576,266,310,5636,266,310,0.006434233158042564,1.4918603992858854e-05,2.486196402748922e-05,0.028943269182453144,352
VGlut-F-100000,1121,1098,23,7012,1098,23,0.0314340836155423,5.432262605415555e-05,0.0008858274092979795,0.056328827697100646,352
VGlut-F-100001,191,172,19,3668,172,19,0.0006041523649986317,1.2862920513550048e-05,0.0002743487293488433,0.009597507662931512,104
VGlut-F-100002,944,501,443,7137,501,443,0.007110521930614215,0.0001198888139727463,0.0001087562816090996,0.04743480227124265,331
VGlut-F-100003,1301,692,609,13788,692,609,0.017180699112239777,0.000410463377508861,0.00014121238289457332,0.06537359931661725,348
VGlut-F-100004,107,32,75,1220,32,75,0.00011165334795530735,3.231439725155452e-07,1.1687673733621471e-05,0.005376614240490428,94
VGlut-F-100005,398,115,283,2404,115,283,0.0025525038816579123,7.697101202041638e-06,1.0593515282571398e-05,0.01999899502537561,352
VGlut-F-100007,501,343,158,2080,343,158,0.004642181110303215,2.1543380385635005e-05,7.62221495161577e-05,0.02517461434098789,266
VGlut-F-100008,231,42,189,1096,42,189,0.00026501883754873913,3.0551368909035706e-07,1.418362624327515e-05,0.01160745691171298,192
VGlut-F-100009,426,217,209,3294,217,209,0.0016013682577483064,3.2862371124079396e-05,3.902657155499266e-05,0.021405959499522637,205
VGlut-F-100010,5,4,1,13,4,1,3.7035158910904435e-05,2.009976813052069e-08,8.006779524293074e-06,0.0002512436560976835,5
VGlut-F-100015,9,4,5,40,4,5,1.783663150326515e-06,1.4906601840004473e-10,1.1266770484208087e-05,0.00045223858097583037,9
VGlut-F-100016,778,366,412,4079,366,412,0.005870599956160139,4.0684059482389736e-05,7.392248191272228e-05,0.03909351288879956,326
VGlut-F-100017,279,205,74,1480,205,74,0.002728696124827154,1.2800409238509155e-05,0.0001174080107227373,0.014019396010250741,206
VGlut-F-100019,483,232,251,3252,232,251,0.005967754872957432,1.425639390645328e-05,2.1360896637193934e-05,0.02427013717903623,352
VGlut-F-100020,838,405,433,3782,405,433,0.004800443753477342,0.00024540522070512824,0.00044828663942641123,0.04210843676197176,274
VGlut-F-100021,388,90,298,3050,90,298,0.0019346488976600973,8.847427691775003e-07,9.385459576843187e-06,0.019496507713180244,352
VGlut-F-100023,1181,1044,137,9537,1044,137,0.027130084507593376,6.574649921876476e-05,0.000136992982866743,0.05934375157027285,352
VGlut-F-100024,92,72,20,431,72,20,0.0001741500090097025,9.706100458050381e-08,4.949079743762624e-05,0.004622883272197377,70
VGlut-F-100025,799,428,371,8025,428,371,0.006791852851615148,0.00012967091094633166,0.00013665938928933432,0.04014873624440983,331
VGlut-F-100026,436,168,268,3062,168,268,0.004443294517918871,1.1036233209112365e-05,1.833277109517424e-05,0.021908446811718003,352
VGlut-F-100028,537,447,90,2987,447,90,0.00650590977840473,0.00037965719157371456,0.0001812815936771866,0.02698356866489121,245
VGlut-F-100029,224,145,79,2437,145,79,0.00033408033141614274,3.3754275988161504e-06,9.118427439936502e-05,0.011255715793176222,121
VGlut-F-100030,187,148,39,872,148,39,0.00036723728939994815,2.258679674402681e-07,7.57327120584891e-05,0.009396512738053364,111
VGlut-F-100031,515,13,502,2714,13,502,2.483373711855418e-05,3.443827739391058e-08,8.045774795935177e-06,0.025878096578061404,214
VGlut-F-100032,113,67,46,498,67,46,0.00012288161128875505,1.8705362971082352e-07,2.1452759821232215e-05,0.0056781066278076475,80
VGlut-F-100033,145,19,126,667,19,126,7.872955717989888e-05,5.313812790865017e-08,1.1576317457105283e-05,0.007286066026832822,97
VGlut-F-100034,545,295,250,3334,295,250,0.00787311743222196,1.2551601570737103e-05,2.637385382995647e-05,0.027385558514647506,352
VGlut-F-100035,1259,625,634,8427,625,634,0.012914898595553071,0.00026063711392681403,0.00010158084333841168,0.06326315260539671,301
VGlut-F-100036,373,20,353,3668,20,353,0.00039251191575522166,5.987949116817299e-07,1.2295613593664898e-05,0.018742776744887193,156
VGlut-F-100037,501,179,322,2242,179,322,0.002590006457650388,2.0628808099760007e-05,6.19153759161797e-05,0.02517461434098789,243
VGlut-F-100038,371,6,365,2692,6,365,3.0411977789664724e-05,3.6479457148838626e-08,8.93447426383122e-06,0.018642279282448118,202
VGlut-F-100039,746,429,317,9224,429,317,0.006203302959569469,0.00017118989787851763,0.0001930778372313607,0.037485553489774386,331
VGlut-F-100040,55,16,39,174,16,39,6.0241424403192224e-05,2.9300667822517906e-08,1.9213133286829196e-05,0.002763680217074519,52
VGlut-F-100041,767,428,339,8977,428,339,0.006155419699301979,0.00015665526569878075,0.00014233206376717335,0.03854077684538466,331
VGlut-F-100042,142,100,42,780,100,42,0.0003403557271406259,4.6020083053207825e-07,6.017628387364725e-05,0.007135319833174212,90
VGlut-F-100043,154,58,96,746,58,96,0.000743065502124783,2.1226076960739076e-06,1.29463185854085e-05,0.007738304607808653,119
VGlut-F-100044,361,132,229,1723,132,229,0.00041641328151459064,3.8902905397343916e-07,3.3190531451080015e-05,0.018139791970252752,129
VGlut-F-100045,1674,376,1298,17435,376,1298,0.004838206238058021,0.004243307448274592,9.157352742878137e-05,0.08411637606150445,337
VGlut-F-100046,250,197,53,1749,197,53,0.00038415288465121195,7.358633624406018e-07,0.00021490606556679598,0.012562182804884177,109
VGlut-F-100047,87,63,24,302,63,24,0.0002995751087878725,4.101896914897428e-07,1.865929781620692e-05,0.004371639616099694,79
VGlut-F-100048,175,78,97,1402,78,97,0.0002683521188549847,1.8438353067711864e-06,2.9132399580245568e-05,0.008793527963418923,121
VGlut-F-100049,101,19,82,406,19,82,0.00013874668972443246,1.0859381006756897e-07,1.1206385714835508e-05,0.005075121853173208,91
VGlut-F-100051,199,161,38,1016,161,38,0.0005598100413618363,8.484609347284395e-07,6.140708338368954e-05,0.009999497512687805,112
VGlut-F-100052,62,48,14,232,48,14,0.0006268772541588493,4.305074571622464e-06,2.1369786485193037e-05,0.003115421335611276,60
VGlut-F-100054,170,127,43,567,127,43,0.0006264148242501765,6.668686900948647e-07,2.4931518077486187e-05,0.00854228430732124,138
VGlut-F-100055,182,90,92,1032,90,92,0.00022392808610643107,4.6650657063618867e-07,4.394880036035587e-05,0.009145269081955681,109
VGlut-F-100056,135,120,15,690,120,15,0.0005147136456969773,6.699570372515867e-07,4.423032189568463e-05,0.006783578714637455,107
VGlut-F-100060,1004,686,318,10695,686,318,0.010465326846416462,0.0001962555633291963,0.0002400370928584862,0.050449726144414855,331
VGlut-F-100061,374,123,251,3300,123,251,6.115892885726094e-05,3.788607472093267e-08,0.00025950173201241773,0.01879302547610673,121
VGlut-F-100062,783,261,522,5124,261,522,0.0040865932867600145,5.728286205722819e-05,5.820895852546283e-05,0.03934475654489724,245
VGlut-F-100065,42,34,8,111,34,8,0.00011376393408018627,8.334979567677595e-08,1.1390372373523676e-05,0.002110446711220542,42
VGlut-F-100066,145,80,65,1158,80,65,0.00024286458894369798,8.397181361690014e-07,3.834603572155587e-05,0.007286066026832822,111
VGlut-F-100067,117,96,21,446,96,21,0.00030170281217564487,1.866773253452279e-07,3.140018812335802e-05,0.005879101552685795,97
VGlut-F-100068,350,105,245,2409,105,245,0.0014063908579695413,4.8996339292286456e-05,1.6595820793734134e-05,0.017587055926837847,205
VGlut-F-100069,172,74,98,668,74,98,0.0007130750101941521,7.229841763331756e-06,1.2733513165553103e-05,0.008642781769760313,154
VGlut-F-100070,284,165,119,1323,165,119,0.004138560072462331,5.522599621903651e-05,2.5342993405137074e-05,0.014270639666348424,279
VGlut-F-100071,217,185,32,681,185,32,0.0021295462491492554,1.160428947821041e-05,2.1778346066380726e-05,0.010903974674639466,150
VGlut-F-100072,86,52,34,383,52,34,0.00015656905053624623,1.1549683953506333e-07,3.0783756246218954e-05,0.004321390884880157,76
VGlut-F-100073,319,124,195,1898,124,195,0.0022432769736973448,8.759921513391985e-05,2.0594282173508754e-05,0.01602934525903221,209
VGlut-F-100074,72,47,25,242,47,25,0.0002488633662835408,3.2351296104854327e-06,9.339995066107322e-06,0.003617908647806643,71
VGlut-F-100075,213,141,72,1107,141,72,0.00208734550759915,0.0017759115259015237,1.8751637209817216e-05,0.010702979749761319,210
VGlut-F-100076,892,480,412,4810,480,412,0.006476729556356962,8.522606769894469e-05,0.00012377132693475843,0.04482186824782674,296
VGlut-F-100077,807,184,623,4131,184,623,0.0015233632737716896,7.147159123556194e-06,5.76846316677733e-05,0.04055072609416612,252
VGlut-F-100078,82,52,30,365,52,30,0.0001944641998319354,1.1738770551658462e-07,2.5017679375341893e-05,0.00412039596000201,74
VGlut-F-100079,123,55,68,393,55,68,0.0004632904466754527,1.2914339479783756e-06,1.0499208287840411e-05,0.0061805939400030145,120
VGlut-F-100080,294,64,230,1159,64,230,0.0024101144029337125,3.199973859825355e-06,1.2817049699819787e-05,0.014773126978543792,166
VGlut-F-100081,302,215,87,1660,215,87,0.0024172597218045096,3.2991694007075464e-05,0.0001264742810520031,0.015175116828300085,200
VGlut-F-100082,706,686,20,3738,686,20,0.020447286781004846,2.8041889175740095e-05,0.0007229638712015183,0.035475604240992914,352
VGlut-F-100084,927,632,295,5144,632,295,0.009306600326211322,0.0001771602732557372,9.736512794970979e-05,0.04658057384051053,320
VGlut-F-100085,74,20,54,415,20,54,0.0001041219465055518,4.232651821822137e-07,1.0255246437862952e-05,0.0037184061102457163,71
VGlut-F-100086,159,113,46,728,113,46,0.00026153365317593683,2.348933127344225e-07,8.482096366922788e-05,0.007989548263906337,101
VGlut-F-100087,123,104,19,439,104,19,0.0013888587854890251,4.693952381407389e-06,4.25506519458414e-05,0.0061805939400030145,108
VGlut-F-100088,638,399,239,3987,399,239,0.00626021508307099,7.509593723951747e-05,0.0001624020609374554,0.03205869051806442,331
VGlut-F-100090,441,62,379,2285,62,379,0.002137108860093871,6.476596405953254e-06,1.3768764773776077e-05,0.022159690467815688,243
VGlut-F-100091,528,252,276,3248,252,276,0.005582869878616935,7.190429336712796e-06,2.084085091823316e-05,0.02653133008391538,352
VGlut-F-100092,901,185,716,5067,185,716,0.0030366159985404555,1.8317139725514363e-05,2.8598172426156167e-05,0.04527410682880257,308
VGlut-F-100094,196,153,43,1309,153,43,0.0012994911679232988,2.623874136640167e-05,2.6184772964647498e-05,0.009848751319029195,180
VGlut-F-100095,521,122,399,1690,122,399,0.001476411216310903,5.575839665951723e-06,4.56903695258183e-05,0.026179588965378624,286
VGlut-F-100096,304,207,97,1177,207,97,0.0034283170382408243,1.546775085956837e-05,4.6645584682861986e-05,0.015275614290739158,245
VGlut-F-100097,157,117,40,601,117,40,0.0003480269616094454,2.43678057204685e-07,3.004163527037686e-05,0.007889050801467262,108
VGlut-F-100098,877,463,414,9312,463,414,0.0067610109723668065,0.0001789610915246183,0.00016344609088558934,0.044068137279533695,331
VGlut-F-100099,837,468,369,9723,468,369,0.007203630149211785,0.00015039257085404134,0.00016375745450007722,0.042058188030752224,331
VGlut-F-100100,156,87,69,1087,87,69,0.0003416575945388536,8.599457394631336e-07,4.141521490348871e-05,0.007838802070247727,108
VGlut-F-100101,162,96,66,565,96,66,0.0011433785824550061,1.1816852924926378e-06,3.063049624108018e-05,0.008140294457564947,152
VGlut-F-100102,489,257,232,3876,257,232,0.002769658603957853,3.2592779442009e-05,3.956449838099761e-05,0.024571629566353448,276
VGlut-F-100103,32,3,29,139,3,29,2.0881869837879363e-05,1.4334686593568647e-07,8.880401061852545e-06,0.0016079593990251746,30
VGlut-F-100104,474,169,305,3437,169,305,0.0040351801278691365,5.186947765583348e-06,1.7221900763689583e-05,0.0238178985980604,352
VGlut-F-100105,318,103,215,1627,103,215,0.001676071447991478,5.492447818700928e-06,2.3271676735143412e-05,0.015979096527812674,178
VGlut-F-100108,430,47,383,4812,47,383,0.000303008226165643,9.145515145435684e-07,1.4180102841075296e-05,0.021606954424400783,182
VGlut-F-100109,317,291,26,1088,291,26,0.003981652605207472,1.7228878370457242e-05,7.026181026390932e-05,0.015928847796593135,165
VGlut-F-100110,526,253,273,2638,253,273,0.003984697745135693,0.0001424369945628351,5.6724431993025655e-05,0.02643083262147631,257
VGlut-F-100111,385,241,144,2880,241,144,0.004003358548987446,1.4339759985647772e-05,8.668233325796873e-05,0.019345761519521634,200
VGlut-F-100112,101,78,23,479,78,23,0.0002902171902435971,5.382237156610914e-07,2.8314815061726438e-05,0.005075121853173208,86
VGlut-F-100113,205,52,153,1185,52,153,0.0008525674684857602,2.438995644471667e-06,1.0714534292896245e-05,0.010300989900005025,194
VGlut-F-100114,409,280,129,2840,280,129,0.0031494287139168034,1.7469590843512864e-05,0.0002158903066816215,0.02055173106879051,245
VGlut-F-100115,342,193,149,1413,193,149,0.004598933181236306,4.3766024770800185e-06,1.8424501427390656e-05,0.017185066077081555,297
VGlut-F-100117,106,53,53,950,53,53,0.0002673359996683234,7.965235860253142e-07,0.00010137963737481347,0.005326365509270891,86
VGlut-F-100118,444,119,325,2438,119,325,0.0024929267570204324,1.1944214675696429e-05,1.7895301827700607e-05,0.0223104366614743,289
VGlut-F-100119,318,166,152,1734,166,152,0.0015620523425288646,5.975149840808294e-06,3.5183260253260225e-05,0.015979096527812674,197
VGlut-F-100120,285,15,270,1043,15,270,0.00038117246212232103,5.631561646366851e-07,9.247155394512097e-06,0.014320888397567962,228
VGlut-F-100122,92,14,78,429,14,78,0.00019763416290493571,9.353441519910518e-07,1.1523118022607415e-05,0.004622883272197377,80
VGlut-F-100124,52,11,41,226,11,41,8.999891498830543e-05,1.806289758707859e-08,8.70632733025804e-06,0.002612934023415909,51
VGlut-F-100125,658,140,518,3552,140,518,0.0017383356147037347,5.348855767860816e-06,3.56583714423919e-05,0.03306366514245515,233
VGlut-F-100128,673,574,99,4274,574,99,0.007611301445877766,0.0010376786310005858,9.224863021473726e-05,0.0338173961107482,329
VGlut-F-100129,485,92,393,3250,92,393,0.0014847761468268173,6.76746181502755e-05,2.6536797616043252e-05,0.024370634641475302,205
VGlut-F-100130,209,102,107,758,102,107,0.0008752873970576074,2.3522025469204863e-05,1.5568388546175862e-05,0.010501984824883171,176
VGlut-F-100131,449,123,326,2459,123,326,0.0021872407974835822,5.145901817703811e-05,1.833112287676479e-05,0.02256168031757198,199
VGlut-F-100132,1051,42,1009,8850,42,1009,0.0006612545639126343,1.346435292458597e-06,9.637533773396291e-06,0.05281141651173308,331
VGlut-F-100133,884,471,413,10996,471,413,0.0071353351622846575,0.00016892770615672929,0.00015320015834490052,0.04441987839807045,331
VGlut-F-100134,798,423,375,12323,423,375,0.005999176154810452,0.0002242791383128167,0.00020410038952730803,0.04009848751319029,331
VGlut-F-100135,400,158,242,2970,158,242,0.0016287778641762354,5.714546500672503e-06,3.7928922807934146e-05,0.02009949248781468,206
VGlut-F-100136,232,145,87,722,145,87,0.0025506307942053576,2.5273264061352493e-05,1.9222531693292607e-05,0.011657705642932515,155
VGlut-F-100137,724,334,390,2922,334,390,0.006065081131820181,1.4774181595071638e-05,8.387801400540297e-05,0.036380081402944575,298
VGlut-F-100138,1066,817,249,6162,817,249,0.02106018590382402,3.099917183696343e-05,6.38475377699755e-05,0.05356514748002613,352
VGlut-F-100139,158,109,49,652,109,49,0.0007293633765870601,1.4723506191861732e-06,1.9552426168168953e-05,0.0079392995326868,148
VGlut-F-100140,385,289,96,2451,289,96,0.004667710399838388,4.818195056974757e-05,8.071352358598583e-05,0.019345761519521634,274
VGlut-F-100141,254,221,33,930,221,33,0.004500053228542202,2.565780120287034e-05,3.702715511327127e-05,0.012763177729762324,205
VGlut-F-100142,261,15,246,1683,15,246,8.580070765124764e-06,1.7013359178742286e-09,1.043966556588788e-05,0.01311491884829908,114
VGlut-F-100144,159,89,70,757,89,70,0.0004958523412705211,6.441794636323761e-07,1.812687397331225e-05,0.007989548263906337,120
VGlut-F-100145,177,127,50,984,127,50,0.0003035323863687309,9.441727820196399e-07,3.7730434837672413e-05,0.008894025425857996,121
VGlut-F-100146,775,236,539,3977,236,539,0.00960222083084858,2.989083270901884e-05,4.937573424061435e-05,0.03894276669514095,297
VGlut-F-100147,1514,1018,496,17344,1018,496,0.01061083296902047,0.0008030722947362476,0.00032369271565705515,0.07607657906637857,331
VGlut-F-100148,492,178,314,3837,178,314,0.003922060878103746,5.078659437247256e-06,1.6712839909390537e-05,0.024722375760012058,352
VGlut-F-100150,651,181,470,3840,181,470,0.001620609267279228,1.544334211254449e-05,4.1913398407040326e-05,0.0327119240239184,203
VGlut-F-100151,407,47,360,3397,47,360,0.0005589694727454633,9.840952662135362e-07,1.6188465924734915e-05,0.02045123360635144,169
VGlut-F-100152,241,173,68,1684,173,68,0.0006267383829161528,6.363588164942271e-06,8.977114404622293e-05,0.012109944223908346,119
VGlut-F-100153,31,4,27,149,4,27,8.777357121032436e-08,2.2522207886365593e-11,8.19115519808974e-06,0.001557710667805638,27
VGlut-F-100154,424,222,202,2452,222,202,0.002702350664462482,1.1695228622212449e-05,4.40450992873719e-05,0.021305462037083563,271
VGlut-F-100157,442,93,349,4715,93,349,0.001251409465307092,2.8497353786293045e-05,2.521344460745957e-05,0.022209939199035224,297
VGlut-F-100158,340,154,186,2618,154,186,0.00018966414530791572,4.130077946244403e-07,0.00012019135499041716,0.01708456861464248,128
VGlut-F-100159,461,168,293,3537,168,293,0.003976376700161459,5.3640956958205346e-06,1.5186305116629617e-05,0.02316466509220642,352
VGlut-F-100163,126,56,70,351,56,70,0.0006225707075825367,2.8449276958971102e-06,9.817775574161001e-06,0.006331340133661625,124
VGlut-F-100164,521,153,368,2890,153,368,0.003911320361508703,1.0940501617459747e-05,1.4327232542586089e-05,0.026179588965378624,352
VGlut-F-100165,1249,770,479,11834,770,479,0.015164714271332171,0.019331685681323207,0.0001633134283600338,0.06276066529320135,348
VGlut-F-100167,155,82,73,603,82,73,0.0003808995411840341,3.0632079371307413e-07,3.135981986121489e-05,0.007788553339028189,101
VGlut-F-100168,109,48,61,348,48,61,0.0005577665624906111,4.447839532400888e-07,1.2162732428153825e-05,0.005477111702929501,106
VGlut-F-100169,67,29,38,548,29,38,0.00011503043980510609,1.4256780993385343e-06,0.00017685368497922244,0.0033666649917089594,44
VGlut-F-100170,485,170,315,4171,170,315,0.004562402152299009,7.822428889964834e-06,1.6990305255661566e-05,0.024370634641475302,352
VGlut-F-100171,929,532,397,13103,532,397,0.007537115572340838,0.00020129978088636978,0.00023498595600777232,0.0466810713029496,331
VGlut-F-100172,326,287,39,2385,287,39,0.0044448129370897906,0.004099365385245089,7.009510541224199e-05,0.016381086377568965,270
VGlut-F-100174,398,155,243,2580,155,243,0.0037851811812616956,4.883690751912731e-06,1.3873627394809754e-05,0.01999899502537561,352
VGlut-F-100175,738,397,341,9581,397,341,0.005757559469816815,0.00017990622382804808,0.00016049615776645598,0.03708356364001809,331
VGlut-F-100177,253,30,223,636,30,223,0.00017107739317005795,1.9067047509128666e-06,8.252336764617776e-06,0.012712928998542787,153
VGlut-F-100179,117,86,31,687,86,31,0.0002535114568267358,1.407468060331673e-07,6.154413367460367e-05,0.005879101552685795,83
VGlut-F-100180,453,198,255,3468,198,255,0.005058456054824752,9.655838769848497e-06,1.7402355768493062e-05,0.02276267524245013,352
VGlut-F-100181,468,177,291,3168,177,291,0.004411916635290562,4.873883545329779e-06,1.4915370734618162e-05,0.02351640621074318,352
VGlut-F-100182,471,189,282,3379,189,282,0.004686036811249016,5.044524431793224e-06,1.69444719220689e-05,0.02366715240440179,352
VGlut-F-100184,800,603,197,6943,603,197,0.008972626999107114,0.0005737653304053774,0.0001462846531071174,0.04019898497562936,303
VGlut-F-100186,89,43,46,468,43,46,0.00011636025676534227,8.130092847986146e-08,2.165766795482975e-05,0.004472137078538767,77
VGlut-F-100187,408,293,115,2916,293,115,0.00363208277613933,1.6628046502202765e-05,6.486639159421181e-05,0.020501482337570976,214
VGlut-F-100188,348,58,290,1554,58,290,0.0014063902161260094,1.4364840584828165e-06,1.8867224985991078e-05,0.017486558464398776,235
VGlut-F-100189,906,587,319,15996,587,319,0.006855798818021769,0.013818850649182781,0.0002879752906932393,0.04552535048490026,348
VGlut-F-100191,484,199,285,3600,199,285,0.0049686268866210755,1.1938089805986635e-05,1.6217799814964073e-05,0.024320385910255767,352
VGlut-F-100192,76,14,62,468,14,62,0.00017151058009558188,4.7186552299305606e-05,9.273465570562067e-06,0.0038189035726847896,75
VGlut-F-100193,444,200,244,2395,200,244,0.005106684638987454,1.828064103142166e-05,1.735828388262366e-05,0.0223104366614743,352
VGlut-F-100194,12,7,5,23,7,5,1.7995339416982723e-05,2.1040623543533012e-09,9.079266334411858e-06,0.0006029847746344405,12
VGlut-F-100195,81,60,21,191,60,21,0.00025735343278228303,5.320725986736089e-07,9.42459644421871e-06,0.0040701472287824735,81
VGlut-F-100196,196,158,38,1085,158,38,0.0014593783086571312,1.3579526583906488e-05,2.525923499522528e-05,0.009848751319029195,175
VGlut-F-100197,496,450,46,2346,450,46,0.012850543874019389,2.0892241763224894e-05,0.00018495579535771843,0.024923370684890207,349
VGlut-F-100198,387,190,197,2653,190,197,0.002501190106761756,1.1988951245215971e-05,4.005577043689604e-05,0.019446258981960705,229
VGlut-F-100199,609,258,351,3635,258,351,0.002757979343027033,4.0586349273055974e-05,4.41650278829959e-05,0.030601477312697856,250
VGlut-F-100200,41,23,18,171,23,18,6.0384913785879704e-05,4.721487493741871e-08,1.4081164118094372e-05,0.002060197980001005,40
VGlut-F-100203,117,38,79,366,38,79,0.00037578198932161714,6.491546276139086e-06,1.0318835394721063e-05,0.005879101552685795,117
VGlut-F-100204,36,32,4,93,32,4,0.00012181274936608666,2.0893084962762514e-08,1.5455131750450112e-05,0.0018089543239033215,36
VGlut-F-100205,351,203,148,1458,203,148,0.0023144190509039207,7.353637510196167e-06,9.476623002778567e-05,0.017637304658057382,205
VGlut-F-100206,272,42,230,2331,42,230,0.00018870436077764286,1.8592638322144813e-06,1.2342737053985356e-05,0.013667654891713983,233
VGlut-F-100207,693,461,232,3333,461,232,0.010059815019878116,2.837988803649996e-05,3.781572538951414e-05,0.03482237073513894,352
VGlut-F-100208,447,188,259,2783,188,259,0.004905316198748885,8.230807588793107e-06,1.519984725651982e-05,0.02246118285513291,352
VGlut-F-100209,21,14,7,72,14,7,1.5296575675832274e-05,5.1811579199769117e-08,1.1177111456255946e-05,0.001055223355610271,21
VGlut-F-100210,141,70,71,589,70,71,0.0007942625978607995,5.376118281249065e-06,1.7633380065973646e-05,0.007085071101954676,99
VGlut-F-100213,507,201,306,4167,201,306,0.004351065659478569,5.8350038541277985e-06,1.922643799698893e-05,0.02547610672830511,352
VGlut-F-100214,346,20,326,1733,20,326,0.0003002174103123125,8.434003736649618e-06,8.506556093008136e-06,0.0173860610019597,180
VGlut-F-100215,409,240,169,2604,240,169,0.006528132143770633,1.846247696074271e-05,2.093953267428765e-05,0.02055173106879051,352
VGlut-F-100217,57,12,45,486,12,45,9.699562700985367e-06,2.9024019572012152e-09,1.4462365756197319e-05,0.0028641776795135924,49
VGlut-F-100218,86,62,24,471,62,24,0.0002289560181239613,2.998990418871085e-07,4.417912405766826e-05,0.004321390884880157,72
VGlut-F-100219,250,235,15,1568,235,15,0.0021821351087049075,8.964788838049382e-05,5.749156666243589e-05,0.012562182804884177,210
VGlut-F-100220,978,191,787,5928,191,787,0.0038999681960163223,5.8378375245234214e-05,3.1137798443544744e-05,0.049143259132706896,322
VGlut-F-100221,117,99,18,512,99,18,0.0007219410295355749,2.049420576004137e-06,1.6109420728786304e-05,0.005879101552685795,116
VGlut-F-100222,150,66,84,445,66,84,0.0005007636980678893,2.103158850154758e-06,9.986222625359627e-06,0.007537309682930506,137
VGlut-F-100223,1074,774,300,36882,774,300,0.009938724159025416,0.04010650449976357,0.0007763305501099224,0.05396713732978242,348
VGlut-F-100224,155,76,79,557,76,79,0.0008930134091942189,3.854027206887616e-05,1.1289540444608574e-05,0.007788553339028189,152
VGlut-F-100226,479,299,180,3196,299,180,0.003953494884912073,3.082912525539133e-05,0.00019313746132653493,0.02406914225415808,219
VGlut-F-100227,322,280,42,1416,280,42,0.0004988993065543375,7.510243613028006e-07,7.430459997757667e-05,0.01618009145269082,148
VGlut-F-100228,101,47,54,401,47,54,0.00016586717432180226,8.37100850138961e-08,1.4304458060581779e-05,0.005075121853173208,83
VGlut-F-100229,993,330,663,7288,330,663,0.008359342023365994,0.00039372628201600365,7.907404586762309e-05,0.04989699010099995,264
VGlut-F-100230,758,236,522,4914,236,522,0.0006650465298219938,1.6080221433253965e-06,4.7035561694945804e-05,0.038088538264408826,183
VGlut-F-100231,232,60,172,2106,60,172,0.00018856427800976468,6.455300697313132e-07,2.5172680934323174e-05,0.011657705642932515,121
VGlut-F-100232,589,232,357,3319,232,357,0.003085572953675201,3.810889877801068e-05,4.6997676932171576e-05,0.02959650268830712,296
VGlut-F-100233,363,22,341,1357,22,341,0.00010473562484848207,4.1111283542202155e-06,8.269521640124438e-06,0.018240289432691823,150
VGlut-F-100234,1224,406,818,6905,406,818,0.0023219415390705496,2.20711981398841e-05,9.670567093907047e-05,0.06150444701271293,212
VGlut-F-100235,1853,1083,770,11734,1083,770,0.002136602392794957,7.213183692963719e-06,0.00048091050295398757,0.09311089894980151,298
VGlut-F-100236,163,106,57,975,106,57,0.0002546304596234781,4.6092465763899163e-07,5.62124505206806e-05,0.008190543188784483,108
VGlut-F-100237,811,295,516,8763,295,516,0.0038539468293550387,4.329993208883483e-05,5.855757611806139e-05,0.04075172101904427,244
VGlut-F-100238,1070,689,381,43650,689,381,0.00842287839636328,0.07800253325124257,0.00044549705588863063,0.05376614240490428,348
VGlut-F-100239,280,39,241,989,39,241,0.0005005999792907531,1.2553865635982345e-06,1.43280385636137e-05,0.014069644741470278,245
VGlut-F-100240,430,170,260,2311,170,260,0.0017144794512584853,3.0617145690557276e-06,8.041795576608902e-05,0.021606954424400783,255
VGlut-F-100241,626,245,381,2664,245,381,0.003420572674013093,1.2412616824840809e-05,0.00012650075344780893,0.03145570574342998,293
VGlut-F-100242,768,384,384,10232,384,384,0.005666779295762431,0.0001700561561056844,0.00015021964799332465,0.03859102557660419,331
VGlut-F-100243,168,98,70,750,98,70,0.0009479915272875471,2.6109650429135817e-05,5.7475071989325845e-05,0.008441786844882167,114
VGlut-F-100244,448,118,330,1446,118,330,0.0013663832382471664,7.783626166110863e-06,1.4898069669075825e-05,0.022511431586352444,175
VGlut-F-100245,113,11,102,492,11,102,0.00011406390964073338,1.7884721777642765e-07,7.904331882690408e-06,0.0056781066278076475,110
VGlut-F-100246,258,97,161,1804,97,161,0.0004985421987542722,1.8542590127256836e-06,1.463434135066821e-05,0.01296417265464047,211
VGlut-F-100247,888,539,349,18378,539,349,0.006699665465620468,0.012251402113565214,0.0002471951170870845,0.0446208733229486,348
VGlut-F-100248,412,151,261,3391,151,261,0.003454007161800427,3.400071710050699e-06,1.5839956888382186e-05,0.020702477262449122,352
VGlut-F-100249,454,256,198,2660,256,198,0.006792806947411771,1.556763247029421e-05,2.4713841515839015e-05,0.022812923973669665,352
VGlut-F-100250,460,225,235,3095,225,235,0.005592898055515876,7.561049971121532e-06,1.6986563336842204e-05,0.023114416360986885,352
VGlut-F-100251,514,195,319,4364,195,319,0.004893363616602483,1.2553393947646792e-05,1.75794062112377e-05,0.02582784784684187,352
VGlut-F-100252,108,32,76,245,32,76,0.0003202348458572731,3.1397853621473947e-07,8.565758834845531e-06,0.005426862971709964,103
VGlut-F-100253,506,206,300,4623,206,300,0.0056400585545198275,1.256951481408568e-05,2.0340143657305322e-05,0.025425857997085573,352
VGlut-F-100254,447,221,226,2691,221,226,0.005615135253241791,7.21967128952052e-06,2.6106701490874453e-05,0.02246118285513291,352
VGlut-F-100255,543,411,132,2382,411,132,0.00994646937727014,9.810891227780795e-06,2.4380267589552754e-05,0.02728506105220843,352
VGlut-F-100256,624,56,568,5922,56,568,0.0007644279943172524,3.4601080950747015e-06,1.0477251033796904e-05,0.03135520828099091,301
VGlut-F-100258,1595,1246,349,10662,1246,349,0.002322029547405181,4.545329658535028e-06,0.0006494068363579364,0.08014672629516105,150
VGlut-F-100259,274,179,95,1794,179,95,0.0004479812196993714,2.1931328374790143e-06,0.0001040079879740295,0.013768152354153058,125
VGlut-F-100260,413,238,175,2392,238,175,0.0062905191276040094,1.4943165268177365e-05,2.3056390110427463e-05,0.02075272599366866,352
VGlut-F-100261,121,78,43,646,78,43,0.00020549838911932338,1.1519241212551173e-06,2.7345105953929346e-05,0.006080096477563942,102
VGlut-F-100262,95,74,21,428,74,21,0.0003617319014609423,2.700446960489723e-07,2.2751507076655092e-05,0.004773629465855987,84
VGlut-F-100263,483,221,262,3265,221,262,0.005542810234381406,9.910386345645881e-06,2.0005476661877106e-05,0.02427013717903623,352
VGlut-F-100264,393,178,215,2691,178,215,0.0015699957827935843,1.5233805022223161e-05,2.3115932622324106e-05,0.019747751369277925,246
VGlut-F-100265,145,64,81,641,64,81,0.00011732544900909135,1.5529147856412166e-07,3.95712660537023e-05,0.007286066026832822,94
VGlut-F-100266,127,85,42,511,85,42,0.0002609558401025119,1.2203284111881447e-06,2.81826399706571e-05,0.006381588864881162,96
VGlut-F-100267,548,322,226,4432,322,226,0.005135804981657241,3.618707479063096e-05,5.555798440632664e-05,0.027536304708306116,302
VGlut-F-100268,115,70,45,312,70,45,0.0012150797374271157,5.223959905759336e-06,1.104207251513011e-05,0.005778604090246721,115
VGlut-F-100269,1669,584,1085,7906,584,1085,0.002674875763454505,1.3244661595777798e-05,0.00015979230351743513,0.08386513240540676,296
VGlut-F-100270,73,54,19,405,54,19,0.000157594692229013,2.970241140396634e-07,2.3309244999373487e-05,0.0036681573790261794,69
VGlut-F-100271,512,191,321,4412,191,321,0.005095139330229816,1.1224832562019283e-05,1.6671787316978868e-05,0.025727350384402794,352
VGlut-F-100272,747,528,219,5850,528,219,0.009267774398298732,0.0004456437161301173,9.720783886334967e-05,0.03753580222099392,317
VGlut-F-100273,1038,316,722,4675,316,722,0.011595290549430596,1.9486414483338117e-05,6.0213661495662175e-05,0.0521581830058791,352
VGlut-F-100274,1122,264,858,5861,264,858,0.003832209291054581,1.7643007370403665e-05,5.014083957973332e-05,0.056379076428320185,331
VGlut-F-100275,76,43,33,276,43,33,7.84001970146151e-05,6.676653134691837e-08,2.110234737783089e-05,0.0038189035726847896,70
VGlut-F-100277,1411,784,627,7532,784,627,0.0031009975414489992,1.2273100572671826e-05,0.0002074162912539866,0.0709009597507663,197
VGlut-F-100278,499,252,247,3484,252,247,0.0064379624369661605,1.6703323110508194e-05,2.166169221902067e-05,0.025074116878548817,352
VGlut-F-100279,201,60,141,1662,60,141,0.0002203223785731562,7.951653759092523e-07,2.2885425379117844e-05,0.010099994975126878,109
VGlut-F-100281,113,90,23,476,90,23,0.00019430975682437838,9.827964322578455e-08,6.421617387123148e-05,0.0056781066278076475,82
VGlut-F-100282,874,231,643,7413,231,643,0.003033896926511635,2.9730956026824544e-05,4.4113181187952834e-05,0.043917391085875085,236
VGlut-F-100283,275,9,266,1434,9,266,8.337686181385561e-05,8.573383899468278e-08,8.63794159881728e-06,0.013818401085372594,209
VGlut-F-100284,261,223,38,751,223,38,0.0030959207852764214,2.134965844426975e-05,4.596522423062697e-05,0.01311491884829908,173
VGlut-F-100285,157,110,47,1198,110,47,0.0003012384094760906,5.670582572990477e-07,0.00010077403873935751,0.007889050801467262,88
VGlut-F-100286,189,92,97,1514,92,97,0.0003040522559478724,1.2070928626620007e-06,3.576542501299588e-05,0.009497010200492437,121
VGlut-F-100287,90,36,54,392,36,54,6.544729779344932e-05,1.4298996541561167e-08,2.4426316554922015e-05,0.004522385809758303,76
VGlut-F-100288,452,229,223,2733,229,223,0.0060136233401895285,1.1134099986611075e-05,1.9343805701008248e-05,0.02271242651123059,352
VGlut-F-100291,401,278,123,2108,278,123,0.004173636612318782,2.141328598338087e-05,9.194113775491793e-05,0.02014974121903422,274
VGlut-F-100292,495,217,278,3903,217,278,0.005378763522958146,9.604671005452706e-06,2.0016809375499727e-05,0.024873121953670668,352
VGlut-F-100297,112,60,52,479,60,52,0.0002040871959229403,2.1408397295792997e-07,1.875926927296662e-05,0.005627857896588111,77
VGlut-F-100300,1074,637,437,7136,637,437,0.014415842044591304,3.391310763972559e-05,6.943621046077029e-05,0.05396713732978242,352
VGlut-F-100302,252,107,145,928,107,145,0.000336571099330541,2.9274628516768806e-07,3.476184973874141e-05,0.01266268026732325,148
VGlut-F-100303,474,172,302,3885,172,302,0.003930182846821477,4.123472408232708e-06,1.6180735105003366e-05,0.0238178985980604,352
VGlut-F-100304,77,56,21,240,56,21,0.00022945888436586885,1.5521409963536613e-07,1.8153243217140743e-05,0.0038691523039043265,72
VGlut-F-100306,469,242,227,3435,242,227,0.006519172864872976,1.3291183484747102e-05,2.2850804143755575e-05,0.023566654941962716,352
VGlut-F-100307,101,24,77,501,24,77,0.00010145045795665637,5.304301814766905e-08,1.1025273800242582e-05,0.005075121853173208,92
VGlut-F-100308,63,26,37,288,26,37,0.00012754068966672975,4.541549321949661e-08,1.6643223212502314e-05,0.0031656700668308124,56
VGlut-F-100310,449,217,232,3815,217,232,0.005931377119636802,2.0069025907528605e-05,2.4924668237015307e-05,0.02256168031757198,352
VGlut-F-100311,439,192,247,2594,192,247,0.002364668840096463,2.1884003908118386e-05,3.374468873003363e-05,0.022059193005376614,286
VGlut-F-100312,1134,329,805,6805,329,805,0.004728816044809507,0.00013848043223110753,0.00013435915173588256,0.056982061202954626,352
VGlut-F-100316,141,108,33,405,108,33,0.001878801617556252,4.8747157482608515e-06,1.4278969939530748e-05,0.007085071101954676,127
VGlut-F-100317,242,190,52,1175,190,52,0.0004028045529686536,1.4281775978654261e-06,9.582498469466879e-05,0.012160192955127883,121
VGlut-F-100318,557,219,338,2991,219,338,0.002861982552907261,3.786883962690967e-05,4.6096107418335275e-05,0.027988543289281947,296
VGlut-F-100319,148,83,65,1012,83,65,0.00030267866045161323,1.083472291815841e-06,3.783097614101552e-05,0.0074368122204914325,108
VGlut-F-100320,702,443,259,4436,443,259,0.010587469780486532,2.2484269549027755e-05,3.140225738604927e-05,0.035274609316114765,352
VGlut-F-100321,438,235,203,3176,235,203,0.006329415865584135,1.4358494157625605e-05,2.5674372184203194e-05,0.022008944274157078,352
VGlut-F-100323,1239,255,984,9516,255,984,0.0035377608628998332,0.00018340941204404972,0.00011294599284704157,0.06225817798100598,352
VGlut-F-100328,123,83,40,516,83,40,0.00030331073805647053,3.043864399627349e-07,3.1261312175554156e-05,0.0061805939400030145,95
VGlut-F-100330,117,35,82,525,35,82,0.00018172539405646648,8.081498586672454e-08,9.750369280691204e-06,0.005879101552685795,99
VGlut-F-100335,205,158,47,1057,158,47,0.00045068339650557307,6.266508506983779e-07,5.0506410162854514e-05,0.010300989900005025,128
VGlut-F-100336,912,498,414,12168,498,414,0.007784131301765193,0.00023135819715410386,0.0002005852695713166,0.04582684287221748,331
VGlut-F-100337,75,60,15,380,60,15,0.0001692685605935124,1.8136465522607842e-07,3.462864146929462e-05,0.003768654841465253,67
VGlut-F-100338,453,237,216,2916,237,216,0.0063107206856006445,1.6499810187153446e-05,2.569422194589887e-05,0.02276267524245013,352
VGlut-F-100339,507,243,264,4322,243,264,0.006668873804098801,1.212407689189212e-05,2.6874548351175025e-05,0.02547610672830511,352
VGlut-F-100340,184,123,61,570,123,61,0.003049815371386121,2.5270165029270137e-06,9.493752784362119e-05,0.009245766544394754,170
VGlut-F-100341,84,45,39,444,45,39,9.367572127780026e-05,1.249835418929929e-07,1.487274042216122e-05,0.004220893422441084,71
VGlut-F-100342,1161,981,180,6566,981,180,0.024501016783753535,3.4715024484182215e-05,8.241030315351688e-05,0.05833877694588212,352
VGlut-F-100343,903,416,487,13687,416,487,0.00620590026634816,0.00019585866638431674,0.00018030803751414225,0.04537460429124165,331
VGlut-F-100344,1158,766,392,14946,766,392,0.011523811995638403,0.0002568350271573744,0.00028038316140253727,0.05818803075222351,331
VGlut-F-100346,109,58,51,440,58,51,0.00022006885048017199,1.1714791962325256e-07,2.821140452939474e-05,0.005477111702929501,85
VGlut-F-100347,327,52,275,1868,52,275,0.0006823626392793157,3.352540735281061e-06,2.887803109681831e-05,0.016431335108788504,221
VGlut-F-100348,229,99,130,944,99,130,0.0011835058455237025,8.29368468617657e-06,1.9807101233430386e-05,0.011506959449273905,193
VGlut-F-100349,331,112,219,1489,112,219,0.0016732258875038093,0.0004624768522383627,1.656385926472685e-05,0.01663233003366665,277
VGlut-F-100350,549,175,374,8239,175,374,0.0019972457619596533,0.0020267661045132554,1.766616551109892e-05,0.027586553439525652,348
VGlut-F-100351,191,50,141,773,50,141,0.00020108848541967848,1.7801623488766747e-07,1.793274644483149e-05,0.009597507662931512,148
VGlut-F-100352,597,228,369,3375,228,369,0.0031967707789221965,4.718382334528173e-05,4.0811692897067454e-05,0.029998492538063415,296
VGlut-F-100353,410,208,202,2903,208,202,0.005946231970388054,1.9320575903525475e-05,2.1797758788879956e-05,0.02060197980001005,352
VGlut-F-100354,511,208,303,3482,208,303,0.0024100514474656005,1.9595366025283197e-05,4.783682255670378e-05,0.02567710165318326,296
VGlut-F-100355,693,384,309,4290,384,309,0.00649908102360778,0.00021585291490191304,0.00010701615248346931,0.03482237073513894,301
VGlut-F-100356,1645,722,923,8614,722,923,0.004871896177170369,7.862806022492902e-06,0.00017030445358739115,0.08265916285613788,277
VGlut-F-100357,144,93,51,768,93,51,0.00024511075481195067,1.0212402022099169e-07,5.855043634355357e-05,0.007235817295613286,97
VGlut-F-100358,760,380,380,9531,380,380,0.005753441096744046,0.00016947730918362382,0.00016458803802589528,0.0381890357268479,331
VGlut-F-100359,251,146,105,1063,146,105,0.002696547132168695,8.74889270505039e-05,2.2905105488420298e-05,0.012612431536103714,182
VGlut-F-100360,848,456,392,12414,456,392,0.006638627268191377,0.00021213002985565838,0.00017375879224499821,0.042610924074167125,331
VGlut-F-100361,187,147,40,743,147,40,0.0019396415781027443,9.762042558045116e-05,2.0504309805637167e-05,0.009396512738053364,161
VGlut-F-100362,950,440,510,16112,440,510,0.006682609356410994,0.00025148966392051007,0.00017140372760664107,0.04773629465855987,331
VGlut-F-100363,796,416,380,5403,416,380,0.006736516646960023,0.00021141145803840454,0.00013245376303240596,0.03999799005075122,312
VGlut-F-100364,997,654,343,13292,654,343,0.010009570844615776,0.0003076072736953996,0.0003038235977287632,0.050097985025878096,331
VGlut-F-100365,614,245,369,3854,245,369,0.0034143845077651254,4.503804953134742e-05,4.018204384622313e-05,0.030852720968795537,296
VGlut-F-100366,220,32,188,1322,32,188,0.0003188963560124902,2.9248017014077422e-06,9.161412548491072e-06,0.011054720868298076,205
VGlut-F-100367,387,94,293,4226,94,293,0.0010586627379068605,9.22523125784755e-06,1.8997363336517866e-05,0.019446258981960705,297
VGlut-F-100368,369,265,104,2015,265,104,0.0011364037276396718,5.043252048210771e-06,3.900817148456577e-05,0.018541781820009044,211
VGlut-F-100369,251,161,90,1132,161,90,0.0007033001644499385,1.5342190588467824e-06,2.38791363089937e-05,0.012612431536103714,190
VGlut-F-100370,316,257,59,2125,257,59,0.0014204036511614936,1.4888255478647613e-05,3.8105119385887036e-05,0.0158785990653736,205
VGlut-F-100371,805,415,390,12329,415,390,0.006253807819061548,0.00019541372390639264,0.00019402107334138148,0.04045022863172705,331
VGlut-F-100373,236,178,58,1521,178,58,0.0014200903094038037,1.7955424148791852e-06,3.5092813621655775e-05,0.011858700567810663,192
VGlut-F-100374,718,348,370,6804,348,370,0.00478847122734812,0.00666425564949961,4.297557633287946e-05,0.036078589015627355,348
VGlut-F-100375,327,117,210,1525,117,210,0.0009405448958093208,1.1756356828767115e-05,1.7879812919112365e-05,0.016431335108788504,205
VGlut-F-100376,300,234,66,1298,234,66,0.0012088439136901034,7.752564392605213e-06,3.4678687999425825e-05,0.015074619365861013,202
VGlut-F-100377,673,411,262,5881,411,262,0.005414677562056382,0.0064273083710589,4.865255814685041e-05,0.0338173961107482,348
VGlut-F-100378,392,316,76,1983,316,76,0.0014592736119261951,1.0349244646155582e-05,5.055129464178907e-05,0.01969750263805839,205
VGlut-F-100379,252,224,28,1464,224,28,0.001847440839282119,2.7687914567695413e-06,4.3608034430793015e-05,0.01266268026732325,198
VGlut-F-100380,677,397,280,6411,397,280,0.004996062665112498,0.007071057405318081,4.895320952153568e-05,0.03401839103562635,348
VGlut-F-100381,445,265,180,2872,265,180,0.0011898433739880073,1.3856202803672738e-05,3.4773807290069965e-05,0.022360685392693834,211
VGlut-F-100382,429,178,251,3505,178,251,0.0044025308898842505,8.196381848339214e-06,1.9370720142267622e-05,0.021556705693181247,352
VGlut-F-100383,119,85,34,766,85,34,0.0004000780366682479,1.0490268881610787e-06,8.286801931443019e-05,0.005979599015124868,99
VGlut-F-100385,146,90,56,665,90,56,0.0007303262289523195,9.701419259762334e-06,1.671067523628622e-05,0.007336314758052359,121
VGlut-F-100386,474,163,311,2463,163,311,0.005924701414578028,9.766511579647179e-06,2.777806532592207e-05,0.0238178985980604,255
VGlut-F-100387,198,130,68,1383,130,68,0.0008331295685075172,2.402813930684768e-06,9.62245727746843e-05,0.009949248781468268,109
VGlut-F-100388,1105,980,125,8003,980,125,0.025500938789746398,5.336498219698032e-05,0.00010747874376256067,0.05552484799758806,352
VGlut-F-100390,504,188,316,3457,188,316,0.0029094801878887626,3.694755328665521e-05,3.266836308457653e-05,0.0253253605346465,236
VGlut-F-100391,840,453,387,11123,453,387,0.006913382057809488,0.00021405299596846043,0.00019150551889273744,0.042208934224410834,331
VGlut-F-100392,134,62,72,433,62,72,0.0007020941838824694,6.60578677207064e-05,1.1514646255860782e-05,0.006733329983417919,129
VGlut-F-100393,538,155,383,3670,155,383,0.004441634389110859,9.363913976858789e-06,2.6624708597389754e-05,0.027033817396110747,241
VGlut-F-100395,685,379,306,7252,379,306,0.005789771082396485,0.0001295892395672773,0.00014174275757378974,0.03442038088538264,331
VGlut-F-100396,523,249,274,3797,249,274,0.0058748662855731305,9.584321710026745e-06,2.3534928578911116e-05,0.0262800864278177,352
VGlut-F-100397,346,194,152,2218,194,152,0.0002691077678157724,2.6563192853392064e-07,0.00018520771894585465,0.0173860610019597,122
VGlut-F-200000,392,169,223,2937,169,223,0.0020388032915160574,2.1446237243582748e-05,2.7501744653932957e-05,0.01969750263805839,267
VGlut-F-200002,495,276,219,3225,276,219,0.003272864081088846,2.432642278745146e-05,4.477516912065143e-05,0.024873121953670668,266
VGlut-F-200003,287,83,204,1405,83,204,0.0005428912411972104,1.243460097032241e-06,3.2804439586161586e-05,0.014421385860007034,206
VGlut-F-200004,1290,763,527,6361,763,527,0.02321102838318992,9.90946188722978e-05,0.00012517433017382153,0.06482086327320236,348
VGlut-F-200005,1957,999,958,10702,999,958,0.021884716962737263,0.00012191699551039083,0.00027689583390541747,0.09833676699663334,352
VGlut-F-200008,367,199,168,1791,199,168,0.003286254206653506,2.134954487704541e-05,5.8829694115826274e-05,0.018441284357569972,266
VGlut-F-200011,123,68,55,693,68,55,0.00019412225542989346,1.9607238739076543e-07,5.809395332073434e-05,0.0061805939400030145,85
VGlut-F-200012,595,121,474,3688,121,474,0.00026455503486267517,2.03509853020048e-06,9.73492644111574e-05,0.02989799507562434,177
VGlut-F-200013,207,154,53,1188,154,53,0.0004465954265404088,4.014997314486518e-07,8.091170515439952e-05,0.010401487362444098,108
VGlut-F-200014,446,232,214,3554,232,214,0.0002820010766117673,3.361984575914155e-07,0.00023743914734888758,0.02241093412391337,142
VGlut-F-200015,237,144,93,1006,144,93,0.002046043043775009,5.12746198552534e-06,4.3528276358523536e-05,0.0119089492990302,199
VGlut-F-200016,74,52,22,326,52,22,0.00022376803118089606,1.8934828299744845e-07,1.66369529972105e-05,0.0037184061102457163,71
VGlut-F-200018,59,4,55,237,4,55,4.280579050796674e-07,9.586971324366742e-11,8.014959419625436e-06,0.0029646751419526657,51
VGlut-F-200019,30,5,25,202,5,25,4.322866794768313e-06,1.5793216513873273e-09,9.151251180151095e-06,0.0015074619365861013,24
VGlut-F-200020,334,58,276,1825,58,276,0.0009074112720337446,1.3223983264293764e-06,1.541492013947613e-05,0.01678307622732526,229
VGlut-F-200022,341,149,192,1409,149,192,0.0016143966837144832,2.2927024517158866e-06,5.511498626220429e-05,0.017134817345862016,217
VGlut-F-200023,673,503,170,7384,503,170,0.006812732663278814,0.006809607971242713,0.00015629837133174413,0.0338173961107482,348
VGlut-F-200024,499,168,331,4129,168,331,0.0036400229293794884,8.803203160187436e-06,3.5087010970867306e-05,0.025074116878548817,235
VGlut-F-200025,541,255,286,5726,255,286,0.003538765641182481,0.0010622206762763073,4.653503944245177e-05,0.027184563589769357,348
VGlut-F-200027,457,256,201,2915,256,201,0.006828197021959782,1.2323984162553331e-05,2.5791293750811474e-05,0.022963670167328275,352
VGlut-F-200028,228,105,123,1385,105,123,0.0004926086041293612,5.187920650970724e-07,2.3619875154997464e-05,0.01145671071805437,135
VGlut-F-200029,399,319,80,2867,319,80,0.002359368353712821,2.763965862243703e-05,5.0480675250788354e-05,0.020049243756595145,211
VGlut-F-200030,501,111,390,4411,111,390,0.001897629305845702,2.803704829106601e-05,2.152612810795441e-05,0.02517461434098789,205
VGlut-F-200031,11,9,2,24,9,2,1.3057023790117292e-05,4.402552846040967e-09,2.479587166115246e-05,0.0005527360434149038,11
VGlut-F-200032,409,295,114,4028,295,114,0.0029780737574699304,7.721132373716799e-05,9.189777556636992e-05,0.02055173106879051,231
VGlut-F-200034,251,78,173,1046,78,173,0.0008186959416398363,2.7652681241317674e-06,1.9310058649044937e-05,0.012612431536103714,195
VGlut-F-200035,75,24,51,250,24,51,6.550596823900924e-05,2.6211080098929952e-08,1.583005093384638e-05,0.003768654841465253,69
VGlut-F-200036,945,197,748,4774,197,748,0.002142129269418856,9.256474817734895e-06,3.748150586910414e-05,0.04748505100246219,296
VGlut-F-200039,27,11,16,154,11,16,1.948322788399834e-05,6.729773628563645e-09,1.2246287180448004e-05,0.001356715742927491,25
VGlut-F-200040,81,57,24,314,57,24,0.000141236227518456,7.911392097525803e-08,2.327134370216279e-05,0.0040701472287824735,66
VGlut-F-200041,406,264,142,2335,264,142,0.004167241657798757,1.7077634917091978e-05,0.0001663604997257694,0.0204009848751319,220
VGlut-F-200042,1834,794,1040,18934,794,1040,0.002618076667750757,4.652872855629307e-05,0.0005721652869798349,0.09215617305663032,331
VGlut-F-200043,156,86,70,1502,86,70,0.00024068645015276228,1.1279055600187185e-06,3.85564265152158e-05,0.007838802070247727,121
VGlut-F-200044,245,183,62,1136,183,62,0.002674226910008134,0.0008273695780044416,3.1152520052212756e-05,0.012310939148786493,217
VGlut-F-200045,2020,678,1342,18268,678,1342,0.008098445500011459,0.012790717573552973,0.0002963607849176911,0.10150243706346415,352
VGlut-F-200046,475,166,309,3295,166,309,0.00453709757171746,1.4916198880459106e-05,1.389645692456206e-05,0.023868147329279936,352
VGlut-F-200047,1003,449,554,6674,449,554,0.00571822968781467,0.004975460955170004,0.00011582527552155431,0.050399477413195316,331
VGlut-F-200048,1276,278,998,10774,278,998,0.0044838524874758244,0.0002674068824930241,8.177555845864692e-05,0.06411738103612884,352
VGlut-F-200049,993,452,541,8429,452,541,0.0065813746380201975,0.00011142725980186462,9.7343233913081e-05,0.04989699010099995,331
VGlut-F-200050,99,71,28,494,71,28,0.00029266578995989606,2.9708642336194847e-07,2.1635193035938283e-05,0.004974624390734134,82
VGlut-F-200051,933,425,508,7040,425,508,0.011212206450914093,0.00035384918125068324,0.00010961396444810896,0.04688206622782775,346
VGlut-F-200052,368,228,140,2205,228,140,0.002918772366997065,3.903933121493604e-05,4.5459051930221977e-05,0.018491533088789508,236
VGlut-F-200053,619,442,177,4544,442,177,0.005970273062722179,0.00015632606390946467,0.00010131237927953244,0.031103964624893222,292
VGlut-F-200054,368,126,242,2373,126,242,0.0013450083383943715,3.3453988273388766e-06,4.300576389136071e-05,0.018491533088789508,246
VGlut-F-200055,220,108,112,1861,108,112,0.00026943702773144976,9.186230850746276e-07,3.708520961965633e-05,0.011054720868298076,121
VGlut-F-200056,703,236,467,3200,236,467,0.002298687039620066,3.573565295042633e-05,6.823374109965591e-05,0.035324858047334304,272
VGlut-F-200057,489,253,236,3001,253,236,0.006184444327903103,1.2321429421177265e-05,1.8494349380807572e-05,0.024571629566353448,352
VGlut-F-200059,668,202,466,3439,202,466,0.002485676929999877,2.4396208913885813e-05,4.8925808358844234e-05,0.03356615245465052,298
VGlut-F-200060,325,52,273,1515,52,273,0.0009342966086487933,9.353012160453675e-07,1.3768445468219876e-05,0.01633083764634943,271
VGlut-F-200062,1413,143,1270,7732,143,1270,0.0011619356413173282,3.725383932166426e-06,1.9347473589179106e-05,0.07100145721320536,349
VGlut-F-200063,527,143,384,2811,143,384,0.0012467025404068474,2.1022585840236548e-05,2.2536746742004795e-05,0.026481081352695845,236
VGlut-F-200065,132,105,27,604,105,27,0.00038441267658711055,5.006574167087767e-07,3.5666693949392436e-05,0.006632832520978845,98
VGlut-F-200067,203,133,70,1528,133,70,0.00031476533519869573,2.4815921842473193e-06,7.338114250100669e-05,0.01020049243756595,121
VGlut-F-200068,111,84,27,430,84,27,0.00026184415549691895,1.3631463935232926e-07,3.213691146637829e-05,0.005577609165368575,86
VGlut-F-200069,782,197,585,3883,197,585,0.0022753936368946895,3.32491714743372e-05,4.5506234432007655e-05,0.03929450781367771,321
VGlut-F-200070,596,252,344,2861,252,344,0.003011061847373105,1.621788527373115e-05,5.95912865622425e-05,0.029948243806843876,296
VGlut-F-200071,53,31,22,396,31,22,0.00010675265697151657,6.3149064229261485e-06,5.1817031637906645e-05,0.0026631827546354453,42
VGlut-F-200074,217,121,96,2211,121,96,0.00032511221738335504,2.666197477882674e-06,7.296062483507641e-05,0.010903974674639466,109
VGlut-F-200075,365,215,150,1445,215,150,0.0037902231339601,2.305997759023907e-05,2.8055074778521938e-05,0.018340786895130898,240
VGlut-F-200076,17,14,3,47,14,3,3.6759129300277474e-05,3.98389779429293e-08,3.0611481242270774e-05,0.000854228430732124,15
VGlut-F-200077,1102,411,691,8671,411,691,0.010678816805058793,0.0003170936433991761,9.859036736772897e-05,0.05537410180392945,348
VGlut-F-200078,582,194,388,3376,194,388,0.0032272493109198317,1.426684832502211e-05,4.30673887028973e-05,0.029244761569770364,296
VGlut-F-200079,1714,552,1162,10666,552,1162,0.005371861071885329,9.912532075205789e-05,0.00016915247117420468,0.08612632531028591,296
VGlut-F-200081,540,306,234,2661,306,234,0.0010057661527044894,5.25555889084863e-06,0.00019053331312497191,0.02713431485854982,143
VGlut-F-200082,168,90,78,1370,90,78,0.00027977741095785367,1.291796283003208e-06,4.252908943977983e-05,0.008441786844882167,121
VGlut-F-200083,200,107,93,1957,107,93,0.00029230347935630714,2.827660592715097e-06,5.427576808253599e-05,0.01004974624390734,121
VGlut-F-200085,402,363,39,2099,363,39,0.0029012295130320326,8.742265633956992e-06,0.00012084675615380716,0.020199989950253756,201
VGlut-F-200086,447,203,244,2380,203,244,0.004667778349285687,3.717846373719387e-06,2.030584890301589e-05,0.02246118285513291,352
VGlut-F-200087,116,16,100,551,16,100,9.10103522319107e-05,5.33685716259929e-08,1.3452816625558992e-05,0.005828852821466258,85
VGlut-F-200088,65,19,46,192,19,46,9.316087784096573e-05,2.567202962781513e-08,1.028062952001685e-05,0.003266167529269886,60
VGlut-F-200089,496,268,228,5253,268,228,0.003589543232901373,3.2699597021346985e-05,6.33741264001876e-05,0.024923370684890207,238
VGlut-F-200091,88,54,34,331,54,34,0.00014357450320477016,2.1425864919990024e-07,2.620774970398931e-05,0.00442188834731923,73
VGlut-F-200092,145,68,77,1131,68,77,0.00020852532686553135,9.625833945529272e-07,2.6716885154929404e-05,0.007286066026832822,117
VGlut-F-200093,75,42,33,463,42,33,0.00013452201854329302,1.9237041424871067e-07,1.6355020443723434e-05,0.003768654841465253,73
VGlut-F-200094,195,60,135,1576,60,135,0.0002276322531691442,8.825782365831183e-07,3.326598037124204e-05,0.009798502587809657,121
VGlut-F-200095,53,12,41,316,12,41,8.719741078981792e-05,1.2872326315126763e-07,8.776756760273467e-06,0.0026631827546354453,49
VGlut-F-200096,194,136,58,950,136,58,0.00032072538398037425,2.4269816771210207e-07,0.00010081972535169682,0.009748253856590122,113
VGlut-F-200097,1237,1222,15,13478,1222,15,0.031595044038935975,8.661561480086368e-05,0.00023125384576342287,0.062157680518566905,352
VGlut-F-200098,62,19,43,171,19,43,0.0007383935525613616,8.895142232362668e-06,1.0398619431225167e-05,0.003115421335611276,62
VGlut-F-200099,60,31,29,223,31,29,9.870008212914912e-05,6.335993102159835e-08,1.9255966148016663e-05,0.0030149238731722026,59
VGlut-F-200100,118,86,32,431,86,32,0.0003518841358942829,2.6795562517284293e-07,2.793113665644443e-05,0.0059293502839053314,90
VGlut-F-200103,95,68,27,467,68,27,0.00027492006846282607,5.450949886096019e-07,2.525961931113291e-05,0.004773629465855987,82
VGlut-F-200105,504,218,286,3969,218,286,0.005626048279428176,1.2854910343944877e-05,2.3034529121461947e-05,0.0253253605346465,352
VGlut-F-200107,458,277,181,2707,277,181,0.007051692863696553,1.623726295137772e-05,2.6209505158236147e-05,0.02301391889854781,352
VGlut-F-200108,180,167,13,544,167,13,0.0015028340222056806,9.174131752992047e-06,2.5319105970148332e-05,0.009044771619516606,142
VGlut-F-200110,139,119,20,522,119,20,0.00044251752693179097,7.351061287693781e-07,4.725858011714171e-05,0.006984573639515602,96
VGlut-F-200111,3,2,1,16,2,1,8.939200450021664e-07,6.418373571338954e-10,7.850213287771399e-06,0.0001507461936586101,3
VGlut-F-200112,157,42,115,842,42,115,0.00013168874377022198,1.852835345142131e-07,3.7354737771302155e-05,0.007889050801467262,102
VGlut-F-200113,881,401,480,4852,401,480,0.005500397218138928,3.194954531301433e-05,0.00012765089255984663,0.04426913220441184,322
VGlut-F-200114,926,153,773,6267,153,773,0.0009560424655385897,2.703644228078683e-06,8.008240252069428e-05,0.04653032510929099,287
VGlut-F-200115,340,108,232,3323,108,232,0.0013810133081091846,1.6322097811514707e-05,2.0903308944383124e-05,0.01708456861464248,253
VGlut-F-200116,325,183,142,2231,183,142,0.0014026736598508475,7.370630357950988e-05,3.642460671927193e-05,0.01633083764634943,211
VGlut-F-200117,788,48,740,6486,48,740,0.001299774387325562,2.030538282292388e-06,9.874244509247395e-06,0.03959600020099493,352
VGlut-F-200118,200,119,81,1444,119,81,0.0003279416497602181,6.144260315466564e-07,0.00013105588306907068,0.01004974624390734,94
VGlut-F-200119,159,92,67,653,92,67,0.0001580175280805196,9.010989809088868e-08,3.1644937279222995e-05,0.007989548263906337,102
VGlut-F-200120,275,27,248,976,27,248,6.973418041247734e-05,1.9109200047537384e-07,8.208072587617977e-06,0.013818401085372594,135
VGlut-F-200121,455,19,436,1769,19,436,0.00020305247551686355,3.1304156385363457e-07,1.5013040151914154e-05,0.0228631727048892,275
VGlut-F-200122,4,3,1,7,3,1,1.0514667805496124e-06,6.749644662196686e-11,9.70937888255265e-06,0.00020099492487814683,4
VGlut-F-200124,237,105,132,1217,105,132,0.0003069649791830815,4.337204841771197e-07,9.590856310924233e-05,0.0119089492990302,115
VGlut-F-200125,415,140,275,2176,140,275,0.0026558513493747066,7.837803560915217e-06,2.2997241769314065e-05,0.020853223456107732,241
VGlut-F-200126,401,182,219,1999,182,219,0.003770291169534461,1.5175875013309747e-05,3.03406447905741e-05,0.02014974121903422,301
VGlut-F-200127,488,284,204,2808,284,204,0.003945052676437975,2.900544943267037e-05,4.9885468583531346e-05,0.024521380835133912,306
VGlut-F-200128,1982,1239,743,10457,1239,743,0.00912223736772799,2.175570991820821e-05,0.000322635846757781,0.09959298527712175,296
VGlut-F-200129,1682,737,945,9442,737,945,0.009802420148580454,3.2139900514576615e-05,0.00014781715632714867,0.08451836591126075,298
VGlut-F-200131,49,11,38,190,11,38,6.025199541814268e-05,2.6689828606941386e-08,9.391873522597772e-06,0.0024621878297572987,46
VGlut-F-200132,247,121,126,810,121,126,0.0010754867428862645,8.312980358883613e-06,2.5181967328814013e-05,0.012411436611225566,156
VGlut-F-200133,710,443,267,6809,443,267,0.007313595248043921,7.330290894392841e-05,0.00014760556818372222,0.03567659916587106,300
VGlut-F-200134,94,2,92,402,2,92,5.0947300646815484e-06,4.942125403931698e-10,7.703767167978565e-06,0.004723380734636451,79
VGlut-F-200135,70,52,18,292,52,18,0.00011171057727217128,6.133590729922125e-08,2.501222308743666e-05,0.0035174111853675696,63
VGlut-F-200136,132,80,52,570,80,52,0.00034709091991344407,4.608974809813946e-07,3.00816007875143e-05,0.006632832520978845,94
VGlut-F-200137,6,2,4,17,2,4,3.708713219225553e-05,7.749765299428191e-08,8.126463765044662e-06,0.0003014923873172202,6
VGlut-F-200139,19,15,4,82,15,4,1.2203618509356819e-05,2.9280565326540375e-09,2.3547163440236978e-05,0.0009547258931711974,19
VGlut-F-200141,201,72,129,1364,72,129,0.0002499378330527076,1.210419445168632e-06,2.824114760813115e-05,0.010099994975126878,121
VGlut-F-200142,42,10,32,112,10,32,1.8482561491681475e-05,6.101254296545808e-09,8.266096437081072e-06,0.002110446711220542,39
VGlut-F-200143,397,129,268,3541,129,268,0.002728395851021707,7.173210185338261e-06,3.521466590533926e-05,0.01994874629415607,222
VGlut-F-200144,470,158,312,3963,158,312,0.001971895852619618,7.6166950057081e-06,4.529192994118134e-05,0.02361690367318225,296
VGlut-F-200145,602,414,188,7438,414,188,0.005708422451922659,0.00027111955844806617,0.00011277450945330996,0.030249736194161096,278
VGlut-F-200147,75,14,61,348,14,61,4.416435899473012e-05,4.2467675110770025e-09,1.1506664854634042e-05,0.003768654841465253,63
VGlut-F-200150,129,49,80,1003,49,80,0.00017756164765750216,5.295668789324613e-07,2.269378659139212e-05,0.006482086327320235,105
VGlut-F-200151,95,76,19,352,76,19,0.0003146848069416647,3.512414422952601e-07,2.3218803377715407e-05,0.004773629465855987,86
VGlut-F-200152,101,79,22,494,79,22,0.0002977385364961973,3.213333637997541e-07,3.105194255524134e-05,0.005075121853173208,88
VGlut-F-200153,122,97,25,818,97,25,0.00033697873360780855,3.0349133723900713e-07,3.6443851564933237e-05,0.006130345208783478,97
VGlut-F-200154,413,275,138,2052,275,138,0.0037621220762136484,0.0034914271405991665,2.931967367947835e-05,0.02075272599366866,285
VGlut-F-200155,164,73,91,1430,73,91,0.0002481314630272303,8.029928603016535e-07,2.5963901420310518e-05,0.00824079192000402,121
VGlut-F-200157,192,111,81,792,111,81,0.0006446346864754071,3.94717364310807e-07,1.7883973281008845e-05,0.009647756394151047,172
VGlut-F-200158,1309,1074,235,10224,1074,235,0.01027804584298115,8.10221115798767e-05,0.00035468774495803034,0.06577558916637355,302
VGlut-F-200159,281,170,111,2050,170,111,0.0007819342935420426,1.7869655604358677e-06,2.3388214652895292e-05,0.014119893472689814,211
VGlut-F-200160,121,83,38,664,83,38,0.0002468270350764771,3.2080908551945745e-07,3.238934461213396e-05,0.006080096477563942,87
VGlut-F-200162,497,158,339,3909,158,339,0.0046844964307586525,1.1591509424532598e-05,1.886418558721848e-05,0.024973619416109743,352
VGlut-F-200163,80,18,62,377,18,62,0.0001859147799650965,2.1887286667047872e-07,1.354204832745955e-05,0.004019898497562936,77
VGlut-F-200164,512,185,327,2353,185,327,0.008761625220088722,1.9371513694012852e-05,2.616288156914935e-05,0.025727350384402794,255
VGlut-F-200165,833,489,344,8078,489,344,0.007756002165016562,0.0001603362035145701,0.00013701974700221995,0.041857193105874074,331
VGlut-F-200166,353,194,159,2274,194,159,0.0030399500286515334,6.166985783405285e-05,5.271363195783205e-05,0.017737802120496457,256
VGlut-F-200167,453,300,153,1958,300,153,0.003959429174274619,1.5079442943959602e-05,7.545083254957947e-05,0.02276267524245013,263
VGlut-F-200168,186,182,4,1675,182,4,0.0020475432362476753,0.0001271150127201482,0.00014666753830047108,0.009346264006833827,147
VGlut-F-200169,548,340,208,3188,340,208,0.008460477818099537,1.4908483336639621e-05,2.9377655479504645e-05,0.027536304708306116,352
VGlut-F-200170,127,65,62,642,65,62,0.0007735937143577335,0.000195668251249883,1.0110402587385361e-05,0.006381588864881162,123
VGlut-F-200171,14,6,8,82,6,8,8.774843428462984e-06,3.821775862279842e-09,1.1429809248379296e-05,0.0007034822370735139,14
VGlut-F-200172,141,101,40,770,101,40,0.00040931003328210523,3.4550505231931996e-07,4.223409965153896e-05,0.007085071101954676,107
VGlut-F-200173,506,470,36,8333,470,36,0.0007266198382313121,3.5679213746458656e-06,0.0009311544928815519,0.025425857997085573,108
VGlut-F-200174,93,71,22,357,71,22,0.00019976736487766343,1.788450303595019e-07,2.6751819544658833e-05,0.0046731320034169134,86
VGlut-F-200175,87,64,23,341,64,23,0.00013821130089001612,5.97740042621361e-08,3.148302120434408e-05,0.004371639616099694,72
VGlut-F-200176,327,104,223,1796,104,223,0.004377363665459688,2.0516192146027284e-05,2.100527406520934e-05,0.016431335108788504,231
VGlut-F-200177,100,89,11,459,89,11,0.00035539233155254356,5.372936942499521e-07,3.65587097850897e-05,0.00502487312195367,86
VGlut-F-200179,71,53,18,312,53,18,0.0004644592885500317,6.727857988274306e-07,1.9320597990307735e-05,0.003567659916587106,67
VGlut-F-200180,85,49,36,374,49,36,0.00021648189417168602,1.0806389253377912e-07,3.954184587627812e-05,0.00427114215366062,65
VGlut-F-200181,353,199,154,1360,199,154,0.0035490086886238417,1.3381283852930636e-05,2.4945464279684928e-05,0.017737802120496457,209
VGlut-F-200183,32,21,11,158,21,11,7.515374962543543e-05,4.4873624671169453e-08,2.1312745265812085e-05,0.0016079593990251746,32
VGlut-F-200184,36,4,32,202,4,32,1.3664497434389337e-05,9.338371897278632e-07,2.1147631598499994e-05,0.0018089543239033215,34
VGlut-F-200188,335,227,108,2224,227,108,0.0019044376352625647,1.7051456705389456e-05,3.6051908831789486e-05,0.016833324958544796,211
VGlut-F-200189,627,264,363,2407,264,363,0.004236672298557149,2.1897181156770717e-05,7.427980548191587e-05,0.03150595447464952,325
VGlut-F-200190,155,129,26,808,129,26,0.0005106985174476861,6.18337482186487e-07,6.80136652696102e-05,0.007788553339028189,99
VGlut-F-200191,102,63,39,475,63,39,0.0002745348474401006,2.361581003569066e-07,2.129417248408024e-05,0.005125370584392744,81
VGlut-F-200192,45,19,26,105,19,26,0.0002219908109534882,1.7857628051633067e-07,8.227259430991014e-06,0.0022611929048791516,45
VGlut-F-200194,99,39,60,268,39,60,0.0005881654155405931,1.1323624644197533e-06,1.0289557110149316e-05,0.004974624390734134,98
VGlut-F-200195,461,262,199,2825,262,199,0.0068163060895745815,1.5582784117571167e-05,2.552973597043118e-05,0.02316466509220642,352
VGlut-F-200196,504,159,345,3096,159,345,0.0036504356421926116,4.6547754911030545e-05,2.366473524313616e-05,0.0253253605346465,244
VGlut-F-200197,351,127,224,2436,127,224,0.00026626827165130486,5.258386933578014e-07,5.9936104414776064e-05,0.017637304658057382,135
VGlut-F-200199,773,546,227,3978,546,227,0.01185826587584036,4.7521097953953096e-05,9.653135074905898e-05,0.03884226923270188,312
VGlut-F-200200,84,65,19,311,65,19,0.00018798299876210845,1.3798458630926987e-07,2.077128321756643e-05,0.004220893422441084,72
VGlut-F-200202,1694,708,986,8745,708,986,0.0049593186164260845,8.54173755772255e-06,0.00017491871910618587,0.08512135068589519,277
VGlut-F-200203,1109,725,384,5783,725,384,0.012024069766634778,9.864691520733389e-05,0.00010428954369736793,0.055725842922466205,325
VGlut-F-200204,518,322,196,4829,322,196,0.004365602129342723,0.00011825718113899262,5.60624534460195e-05,0.026028842771720014,249
VGlut-F-200205,854,436,418,10703,436,418,0.007216344256028137,0.000180198228495629,0.00016191102479058627,0.042912416461484346,331
VGlut-F-200206,276,199,77,2257,199,77,0.0004183240176026361,1.3123386571877498e-06,0.00015394101424877539,0.013868649816592131,109
VGlut-F-200207,97,73,24,371,73,24,0.0002923686974822917,3.3532551420565876e-07,2.4667188839455523e-05,0.004874126928295061,88
VGlut-F-200208,176,72,104,434,72,104,0.0021290916470992948,3.989679568368588e-06,1.2142143482313609e-05,0.00884377669463846,159
VGlut-F-200210,220,52,168,1214,52,168,0.002542369998627575,4.43346550858413e-05,3.653002736819682e-05,0.011054720868298076,205
VGlut-F-200211,559,253,306,4074,253,306,0.005245623133761307,4.341699517337812e-06,2.215102154195134e-05,0.028089040751721018,352
VGlut-F-200212,440,167,273,3114,167,273,0.004262555970144993,5.425030894910866e-06,1.5907861032367372e-05,0.022109441736596153,352
VGlut-F-200213,248,174,74,3441,174,74,0.000622895054802802,7.07517412386081e-05,0.00019713599158181083,0.012461685342445104,107
VGlut-F-200214,649,225,424,4033,225,424,0.00224127618489154,1.2702710808019925e-05,0.00015013015330134232,0.03261142656147932,308
VGlut-F-200216,347,106,241,1576,106,241,0.0020473862903254134,5.503554875197246e-06,4.267789002410932e-05,0.017436309733179237,216
VGlut-F-200217,535,234,301,2895,234,301,0.0033487615815942003,4.5832095121651635e-05,4.2287614564951226e-05,0.02688307120245214,296
VGlut-F-200218,125,68,57,362,68,57,0.0006044534319876238,5.071747933237317e-07,1.0514151242594018e-05,0.006281091402442088,123
VGlut-F-200219,77,12,65,176,12,65,0.00014907995808014602,6.255778880749718e-07,7.958690478740382e-06,0.0038691523039043265,77
VGlut-F-200220,380,336,44,1333,336,44,0.006886132864781872,1.623966671406697e-05,4.9233309255686815e-05,0.01909451786342395,293
VGlut-F-200221,125,105,20,565,105,20,0.0003293432461906696,1.9524962691556913e-07,3.5647362990605475e-05,0.006281091402442088,98
VGlut-F-200224,542,173,369,2479,173,369,0.00023054714516344997,2.5201854070954717e-07,0.00013707774078119763,0.027234812320988896,180
VGlut-F-200225,919,557,362,5567,557,362,0.007067683345915487,0.0028051499873077475,0.00013794652913522344,0.04617858399075423,336
VGlut-F-200226,448,4,444,2857,4,444,1.5409929269865167e-06,3.1584175890017957e-10,8.059312415119969e-06,0.022511431586352444,270
VGlut-F-200227,1066,896,170,6270,896,170,0.02343286728817239,3.145277222094156e-05,8.67232030231621e-05,0.05356514748002613,352
VGlut-F-200228,115,94,21,585,94,21,0.00026272713086313265,3.9342867935536745e-07,3.478092868604665e-05,0.005778604090246721,90
VGlut-F-200230,55,20,35,229,20,35,4.493585503620701e-05,2.291787108087998e-08,1.14544324831945e-05,0.002763680217074519,53
VGlut-F-200231,127,98,29,398,98,29,0.0017115982921984245,1.3769062465010115e-05,1.4151923958472685e-05,0.006381588864881162,124
VGlut-F-200233,40,30,10,205,30,10,0.00012981484436218145,1.635499559983351e-07,2.8264884499090075e-05,0.002009949248781468,40
VGlut-F-200235,230,130,100,915,130,100,0.001396098762063006,1.3142459655334027e-06,3.7367504196035755e-05,0.011557208180493442,185
VGlut-F-200237,76,28,48,373,28,48,0.00021215234378589804,1.0671919799562646e-07,1.0279384957514851e-05,0.0038189035726847896,68
VGlut-F-200238,127,63,64,852,63,64,0.0002447159321922405,5.363390046580459e-07,3.183490102009345e-05,0.006381588864881162,103
VGlut-F-200239,76,41,35,318,41,35,0.00021118017747108836,1.0445267502524622e-07,1.2601910667948105e-05,0.0038189035726847896,73
VGlut-F-200240,62,40,22,266,40,22,5.3967157873127596e-05,4.5312486160191114e-08,4.3899741708297544e-05,0.003115421335611276,58
VGlut-F-200241,706,538,168,4618,538,168,0.007583978159551468,0.005099740502921249,7.127207040396409e-05,0.035475604240992914,348
VGlut-F-200242,237,70,167,1211,70,167,0.001019912789057738,7.983179753657329e-06,2.284841762396003e-05,0.0119089492990302,131
VGlut-F-200243,424,228,196,2273,228,196,0.005999684965848615,1.7147920546237758e-05,1.892242733162085e-05,0.021305462037083563,352
VGlut-F-200244,1075,692,383,11643,692,383,0.010703804035498032,0.00023452563542449242,0.00020894336410151563,0.05401738606100196,331
VGlut-F-200246,444,195,249,2777,195,249,0.004416615147853967,6.834599763839993e-06,1.7359655922431757e-05,0.0223104366614743,352
VGlut-F-200247,152,67,85,499,67,85,0.0008124588654901749,2.7432233922385516e-06,1.1482049767460284e-05,0.007637807145369579,136
VGlut-F-200248,557,250,307,3668,250,307,0.005917236567842743,1.2137241380114719e-05,2.146761576637413e-05,0.027988543289281947,352
VGlut-F-200249,292,34,258,2523,34,258,1.1738612724653052e-05,7.509566981074078e-09,4.568733476828794e-05,0.014672629516104718,109
VGlut-F-200250,1168,677,491,14289,677,491,0.01890260366127774,0.0010811615886965398,0.0003193442384417923,0.05869051806441887,302
VGlut-F-200251,1185,606,579,17588,606,579,0.019796940723327227,0.0004520989258762738,0.00030355101985662605,0.059544746495151,306
VGlut-F-200252,259,192,67,1721,192,67,0.0011067224419746239,4.098143637050033e-06,9.084170091882493e-05,0.013014421385860007,142
VGlut-F-200253,516,47,469,3879,47,469,0.00010935863851987607,1.1689812587327991e-07,3.797682630635982e-05,0.02592834530928094,147
VGlut-F-200254,825,445,380,8397,445,380,0.006713429912966864,0.0001322761486410909,0.00015410265689823807,0.04145520325611778,331
VGlut-F-200255,154,118,36,654,118,36,0.0016446756445708287,1.2996306452033174e-05,2.768324880547939e-05,0.007738304607808653,138
VGlut-F-200256,745,356,389,7627,356,389,0.005509185384909609,0.0001171122795358342,9.7572283372794e-05,0.037435304758554847,331
VGlut-F-200258,395,98,297,2115,98,297,0.0011108150809745036,4.950652453735667e-05,1.7316306600299882e-05,0.019848248831717,205
VGlut-F-200261,838,445,393,8551,445,393,0.006798067698709204,0.00012061230820647947,0.00014417395800103526,0.04210843676197176,331
VGlut-F-200262,82,46,36,254,46,36,0.00013668065366060402,7.830051888648904e-08,1.3343674366548637e-05,0.00412039596000201,74
VGlut-F-200263,442,244,198,2404,244,198,0.005540335933955424,3.9116220303330635e-05,2.577651031640009e-05,0.022209939199035224,337
VGlut-F-200264,690,597,93,8855,597,93,0.007782601688777592,0.017399491166069717,0.000168829978394724,0.03467162454148033,348
VGlut-F-200265,341,25,316,2211,25,316,0.00011756320843393487,1.0542303261000377e-07,8.899785277835223e-06,0.017134817345862016,181
VGlut-F-200266,775,376,399,22567,376,399,0.005253200997532214,0.015493703056951903,0.00012540112923977264,0.03894276669514095,348
VGlut-F-200267,166,97,69,1218,97,69,0.0005590784942150055,1.0862857980446011e-05,1.3825530062063402e-05,0.008341289382443093,166
VGlut-F-200268,368,33,335,905,33,335,0.0002371353472027084,2.640799859130119e-07,8.647033112366746e-06,0.018491533088789508,163
VGlut-F-200269,326,258,68,2253,258,68,0.002216356966565802,7.109479273219877e-05,3.5610231263547205e-05,0.016381086377568965,211
VGlut-F-200270,165,90,75,989,90,75,0.000281773865777249,3.9273287203664803e-07,3.738212306857987e-05,0.008291040651223557,120
VGlut-F-200271,750,174,576,5730,174,576,0.002251720640585094,9.149996559688271e-06,2.4076323370594524e-05,0.03768654841465253,229
VGlut-F-200272,72,44,28,320,44,28,0.00019905376979555456,1.1576843345996147e-07,2.5848463828614813e-05,0.003617908647806643,67
VGlut-F-200273,7,4,3,13,4,3,1.7759935198237875e-06,1.1881666718320836e-10,1.5252336589995709e-05,0.00035174111853675694,7
VGlut-F-200274,279,28,251,1450,28,251,0.000297525082877635,4.105627173431196e-06,1.0342576182088742e-05,0.014019396010250741,249
VGlut-F-200275,638,362,276,5776,362,276,0.005867140240148228,4.632340181315948e-05,0.00011453405533619344,0.03205869051806442,292
VGlut-F-200277,1081,753,328,45137,753,328,0.009062966787525287,0.08877664432101222,0.0005676821882455149,0.05431887844831918,348
VGlut-F-200278,348,206,142,2193,206,142,0.0022188267448639645,8.545555542739441e-06,7.402331774312583e-05,0.017486558464398776,208
VGlut-F-200279,134,53,81,865,53,81,0.00017075243012673624,7.610278071479059e-07,4.342351191190401e-05,0.006733329983417919,88
VGlut-F-200280,438,171,267,2716,171,267,0.0042225931471574244,5.166616974725047e-06,1.606040961731557e-05,0.022008944274157078,352
VGlut-F-200281,94,58,36,369,58,36,0.00014878569535942777,1.1960683365787138e-07,1.5760097861713265e-05,0.004723380734636451,80
VGlut-F-200283,676,510,166,3823,510,166,0.01263558951035216,2.3693407414109568e-05,3.866981786069382e-05,0.03396814230440681,352
VGlut-F-200284,92,73,19,326,73,19,0.00031014810561380335,1.672934681281339e-07,2.1434509315659758e-05,0.004622883272197377,79
VGlut-F-200285,1510,753,757,10568,753,757,0.01460368756328287,3.5856919868545996e-05,7.19232560554224e-05,0.07587558414150043,352
VGlut-F-200286,808,555,253,8439,555,253,0.008315475144943622,0.0002718313088084536,0.00014348247101378034,0.04060097482538566,302
VGlut-F-200287,679,439,240,7691,439,240,0.0006893638027982215,5.630418714136835e-06,0.0005810081604040084,0.03411888849806542,121
VGlut-F-200288,19,16,3,71,16,3,6.407651122990417e-05,2.886106217503671e-08,1.4765919475999478e-05,0.0009547258931711974,19
VGlut-F-200292,429,203,226,2456,203,226,0.0025146313631601103,2.3678793676382536e-05,4.236512989300868e-05,0.021556705693181247,286
VGlut-F-200293,17,9,8,65,9,8,4.5361745410524065e-05,3.903037538947432e-08,9.160623374746102e-06,0.000854228430732124,17
VGlut-F-200294,34,23,11,98,23,11,7.584822460705535e-05,1.6547681040705963e-08,1.3291067428140882e-05,0.001708456861464248,34
VGlut-F-200295,73,64,9,276,64,9,0.00019485376997852973,1.5035430895006696e-07,2.1292721673828192e-05,0.0036681573790261794,71
VGlut-F-200296,332,239,93,1443,239,93,0.004008229500791308,4.865855441388226e-05,2.863315093854896e-05,0.016682578764886186,233
VGlut-F-200297,982,541,441,5719,541,441,0.010931204637069017,1.0143070718464861e-05,4.577136528434612e-05,0.049344254057585045,352
VGlut-F-200298,156,105,51,420,105,51,0.0011859025448263674,6.226695253247082e-06,2.0316298430795087e-05,0.007838802070247727,128
VGlut-F-200300,253,225,28,788,225,28,0.0016396691330546138,5.147300278881954e-06,5.1113565702709276e-05,0.012712928998542787,135
VGlut-F-200302,434,171,263,3117,171,263,0.00472687419229216,1.425180704804907e-05,1.732862479582903e-05,0.021807949349278932,352
VGlut-F-200303,73,25,48,542,25,48,2.378182163847354e-05,2.413583928336967e-07,1.447071306301767e-05,0.0036681573790261794,71
VGlut-F-200304,160,87,73,1196,87,73,0.00020828956167523788,8.190348737992566e-07,3.4420053749390266e-05,0.008039796995125872,121
VGlut-F-200306,409,70,339,2566,70,339,0.0008294211555803756,1.249814443179792e-06,1.1317755544040458e-05,0.02055173106879051,218
VGlut-F-200307,561,374,187,2058,374,187,0.009931191103555085,8.062905496041898e-06,3.4083295701569254e-05,0.028189538214160093,352
VGlut-F-200308,855,446,409,11787,446,409,0.006825574647500681,0.00016645758996678927,0.0001838977678470852,0.042962665192703885,331
VGlut-F-200310,41,1,40,172,1,40,3.623666519497127e-06,2.141795147170677e-09,7.551598056917309e-06,0.002060197980001005,39
VGlut-F-200311,64,47,17,222,47,17,0.00020792056705336463,2.492536003123836e-07,1.6883291630507297e-05,0.0032159187980503492,63
VGlut-F-200315,454,100,354,1905,100,354,0.0007177299081815688,8.388187881763754e-06,1.3763771648079998e-05,0.022812923973669665,328
VGlut-F-200316,83,46,37,256,46,37,0.00016396417266731253,7.98183835185111e-08,2.7680551232919413e-05,0.004170644691221546,71
VGlut-F-200317,190,100,90,1304,100,90,0.0002631553745671774,8.96542133009089e-07,3.252017413007356e-05,0.009547258931711974,121
VGlut-F-200318,46,20,26,150,20,26,8.267120105473896e-05,3.126102359001429e-08,1.4282054869647466e-05,0.0023114416360986885,46
VGlut-F-200319,800,234,566,6531,234,566,0.006394131081105853,0.0002487803192988487,7.032353073503494e-05,0.04019898497562936,231
VGlut-F-200320,282,141,141,1166,141,141,0.0018858694810734362,4.31814507309659e-06,4.368364807301484e-05,0.014170142203909351,214
VGlut-F-200321,358,322,36,1445,322,36,0.007535313845075963,4.549241264721611e-06,0.0001593199839274659,0.017989045776594142,295
VGlut-F-200322,314,62,252,1956,62,252,3.845562021206048e-05,1.7928429515640437e-08,0.00010901262906317955,0.015778101602934524,144
VGlut-F-200323,472,372,100,2459,372,100,0.001601749514532354,2.7391838695645298e-05,9.85221869838744e-05,0.023717401135621326,211
VGlut-F-200324,461,292,169,4140,292,169,0.004456110814642317,7.937131574411652e-05,8.528934568111062e-05,0.02316466509220642,296
VGlut-F-200325,2552,1040,1512,13012,1040,1512,0.031487550258254206,6.643989870440799e-05,0.00010351194236212126,0.12823476207225767,352
VGlut-F-200326,265,162,103,1901,162,103,0.0015193605224507899,9.734744187482698e-06,3.890458602123644e-05,0.013315913773177228,144
VGlut-F-200328,126,100,26,581,100,26,0.0009317781186754715,2.9704107499463098e-06,3.814558238308834e-05,0.006331340133661625,107
VGlut-F-200330,1075,681,394,5959,681,394,0.01715005405642195,3.570192722587367e-05,6.976902979626775e-05,0.05401738606100196,352
VGlut-F-200333,1824,198,1626,10378,198,1626,0.008808780518826121,0.00010874404523609216,2.472514186177947e-05,0.09165368574443496,352
VGlut-F-200334,61,41,20,151,41,20,0.00019957548932142462,2.154258102798484e-07,8.747976795598899e-06,0.003065172604391739,61
VGlut-F-200335,4,3,1,5,3,1,2.1980269519761525e-06,1.2310162999833873e-10,7.753008696204874e-06,0.00020099492487814683,4
VGlut-F-200338,230,178,52,1068,178,52,0.004469356344737245,3.5242112396112773e-06,1.4577571143462009e-05,0.011557208180493442,229
VGlut-F-200339,413,166,247,3422,166,247,0.004432667556442278,1.1977645161002386e-05,1.862566468172421e-05,0.02075272599366866,352
VGlut-F-200340,186,143,43,1854,143,43,0.002148206539119664,0.0001352649419533301,6.458611732215069e-05,0.009346264006833827,172
VGlut-F-200341,354,220,134,2042,220,134,0.005175376220485553,9.318650764219763e-06,2.1200083000857886e-05,0.017788050851715993,306
VGlut-F-200342,181,98,83,1186,98,83,0.0003028705400717027,2.149095598791389e-06,4.325330863496732e-05,0.009095020350736144,109
VGlut-F-200343,469,166,303,4752,166,303,0.004235108537797236,1.020173399108167e-05,1.702113363018527e-05,0.023566654941962716,352
VGlut-F-200344,517,218,299,4547,218,299,0.005301844682975124,1.4860888104470161e-05,2.1422750902151588e-05,0.02597859404050048,352
VGlut-F-200345,508,201,307,4853,201,307,0.004861669862989171,7.501729922493886e-06,1.9130662358344362e-05,0.025526355459524648,352
VGlut-F-200347,469,179,290,4252,179,290,0.004760231284318077,1.143530082129026e-05,1.7321774099771838e-05,0.023566654941962716,352
VGlut-F-200348,196,145,51,924,145,51,0.001601710740206523,4.6619783420812245e-06,2.2197473330313784e-05,0.009848751319029195,181
VGlut-F-200349,240,212,28,957,212,28,0.004799824312780919,2.7139268495293526e-05,4.6300909936663115e-05,0.01205969549268881,202
VGlut-F-200350,170,108,62,715,108,62,0.0013802957647639268,1.196374337191941e-05,1.5078785197992269e-05,0.00854228430732124,143
VGlut-F-200351,316,269,47,1756,269,47,0.003111043263022194,8.611123973715542e-05,8.554731440554876e-05,0.0158785990653736,200
VGlut-F-200352,73,39,34,338,39,34,0.00012879588633223446,1.3658287591470577e-07,1.4493144665380615e-05,0.0036681573790261794,65
VGlut-F-200354,333,264,69,2329,264,69,0.003194207540305237,5.555974977264175e-05,4.470735240873731e-05,0.016732827496105725,205
VGlut-F-200355,629,356,273,6676,356,273,0.00541293113331132,4.7701049673439586e-05,0.00010557627653857777,0.03160645193708859,287
VGlut-F-200357,501,247,254,2909,247,254,0.0032995496724534724,5.001887811993135e-05,4.6094554149778334e-05,0.02517461434098789,293
VGlut-F-200358,334,202,132,1651,202,132,0.0025870514742484954,1.3158012183220387e-05,0.00012623032698564566,0.01678307622732526,259
VGlut-F-200360,449,195,254,3797,195,254,0.0053934489774353726,1.4003667141592788e-05,2.2433118919749167e-05,0.02256168031757198,352
VGlut-F-200361,536,269,267,2290,269,267,0.008329196344850505,1.024932670875023e-05,1.9843495944118312e-05,0.026933319933671675,352
VGlut-F-200362,53,24,29,201,24,29,0.00012536345932016263,6.069390590320207e-08,1.2838283839652482e-05,0.0026631827546354453,52
VGlut-F-200363,474,215,259,2118,215,259,0.002110428831745399,5.6376432210225147e-05,6.491109780776002e-05,0.0238178985980604,224
VGlut-F-200366,544,244,300,4946,244,300,0.006593217600693513,6.363948046325386e-06,1.9837279011705904e-05,0.027335309783427967,352
VGlut-F-200367,107,98,9,414,98,9,0.0003205220518690168,2.7181882929241763e-07,3.402905564043396e-05,0.005376614240490428,86
VGlut-F-200368,81,38,43,845,38,43,8.393977000941147e-05,1.169824994297502e-06,3.3999922827415894e-05,0.0040701472287824735,77
VGlut-F-200369,681,488,193,4975,488,193,0.01230501232833122,0.0003074867435993204,0.0001042951780838679,0.0342193859605045,294
VGlut-F-200370,44,40,4,175,40,4,0.0001857227282563033,1.0935432946229981e-07,1.5884554152534538e-05,0.002210944173659615,43
VGlut-F-200371,269,159,110,1252,159,110,0.002395054875919361,5.339268258591908e-05,4.753740992002197e-05,0.013516908698055373,201
VGlut-F-200372,51,40,11,235,40,11,0.00015201029524307706,1.3408314053018185e-07,1.6683986641599305e-05,0.002562685292196372,51
VGlut-F-200374,130,128,2,561,128,2,0.00032710315516107624,3.9752710742958576e-07,5.6477290315584874e-05,0.006532335058539772,93
VGlut-F-200376,8,7,1,19,7,1,2.322519898035697e-06,1.6963560077296082e-10,1.3705244881291018e-05,0.00040198984975629365,7
VGlut-F-200377,33,11,22,187,11,22,2.3482576820968177e-05,7.453417603417589e-09,9.570076744197953e-06,0.0016582081302447113,33
VGlut-F-200378,446,157,289,3078,157,289,0.004133663964413643,9.289389079516339e-06,1.3282258842175452e-05,0.02241093412391337,352
VGlut-F-200381,98,75,23,304,75,23,0.00018968254381292364,7.616284303097456e-08,2.6809802686418944e-05,0.004924375659514597,78
VGlut-F-200382,257,150,107,1004,150,107,0.0015294380189202008,1.933730268270263e-06,5.171837153184181e-05,0.012913923923420934,183
VGlut-F-200385,131,53,78,692,53,78,0.00016024561919035708,9.263980254952435e-08,1.3522389495740277e-05,0.006582583789759309,111
VGlut-F-200386,522,286,236,5385,286,236,0.0029271907527696913,0.00010431213587242351,8.895332136885297e-05,0.02622983769659816,277
VGlut-F-200387,147,80,67,916,80,67,0.00022899895925714952,8.756265381098425e-07,3.4852627970366805e-05,0.007386563489271896,116
VGlut-F-200388,490,223,267,4040,223,267,0.005819916510529092,1.8050577559891272e-05,2.1559223727557718e-05,0.024621878297572987,352
VGlut-F-200389,329,104,225,1729,104,225,0.0005908097274127611,3.0607787710771183e-06,1.443842523089205e-05,0.016531832571227575,202
VGlut-F-200391,179,89,90,1178,89,90,0.0002476069354232962,1.0342258500252259e-06,3.144350748006103e-05,0.008994522888297071,121
VGlut-F-200392,741,67,674,5239,67,674,0.0003000402649979074,6.640314512746911e-07,1.245543410199412e-05,0.0372343098336767,205
VGlut-F-200394,57,35,22,220,35,22,9.938988354466161e-05,8.341046354958175e-08,1.3199715680281982e-05,0.0028641776795135924,54
VGlut-F-200395,783,359,424,5975,359,424,0.009247247079578774,0.00012252514944272605,6.855367807906685e-05,0.03934475654489724,263
VGlut-F-200396,721,401,320,3376,401,320,0.006081242079006501,4.507259164295714e-05,0.00012123184644442977,0.036229335209285965,318
VGlut-F-200397,159,94,65,679,94,65,0.00033888210841688553,6.795594020689317e-07,1.6241953070878988e-05,0.007989548263906337,122
VGlut-F-200398,626,235,391,3163,235,391,0.0029335748921473664,1.6797617294168688e-05,7.74012793949632e-05,0.03145570574342998,296
VGlut-F-200399,396,167,229,3250,167,229,0.004242855393792882,6.037735728608545e-06,1.6629901290860043e-05,0.019898497562936535,352
VGlut-F-200400,107,51,56,498,51,56,0.000215478703058708,2.0469266830754393e-07,1.8465852003826628e-05,0.005376614240490428,86
VGlut-F-200401,136,83,53,841,83,53,0.00028970624445585024,9.490106838230335e-07,3.673780342157439e-05,0.006833827445856992,106
VGlut-F-200402,89,74,15,245,74,15,0.0006410876669529816,8.176122183795195e-07,1.103119410309662e-05,0.004472137078538767,89
VGlut-F-200403,152,28,124,468,28,124,0.0002825823642365,1.7937052458136063e-07,1.5072237510032845e-05,0.007637807145369579,110
VGlut-F-200404,768,561,207,3546,561,207,0.014639829755708468,1.276773747002742e-05,3.731919433079621e-05,0.03859102557660419,352
VGlut-F-200405,537,134,403,4335,134,403,0.0007798581890962053,5.349881843151637e-06,2.7938106598758082e-05,0.02698356866489121,205
VGlut-F-200406,464,276,188,2641,276,188,0.008189264068826524,1.8224375255946844e-05,3.9907863981309215e-05,0.02331541128586503,352
VGlut-F-200407,220,179,41,1432,179,41,0.0016597410030222877,2.3411319352072608e-05,2.7683741774210427e-05,0.011054720868298076,198
VGlut-F-200408,148,79,69,831,79,69,0.00024339925658498085,5.780897273743804e-07,2.570055471030934e-05,0.0074368122204914325,118
VGlut-F-200412,798,237,561,4909,237,561,0.003959063356986773,4.800298059791169e-05,3.722402978057754e-05,0.04009848751319029,245
VGlut-F-200413,1047,553,494,5759,553,494,0.0044885600931043644,1.128062538650722e-05,0.00021320877463644185,0.05261042158685493,260
VGlut-F-200415,81,30,51,257,30,51,7.10984490881415e-05,2.2123426963986187e-08,1.4551147212414786e-05,0.0040701472287824735,76
VGlut-F-200417,1185,925,260,11317,925,260,0.024035177635866985,5.316038057758026e-05,0.00016826143876113228,0.059544746495151,352
VGlut-F-200419,103,32,71,980,32,71,2.4695835844635343e-05,2.1978406334834497e-08,3.024685001841184e-05,0.0051756193156122805,61
VGlut-F-200420,213,63,150,843,63,150,0.0004884823183678534,8.687856956219512e-07,4.095390574828482e-05,0.010702979749761319,169
VGlut-F-200421,127,9,118,398,9,118,8.212839524345832e-05,1.1333664735818709e-07,7.732673303118364e-06,0.006381588864881162,103
VGlut-F-200422,51,12,39,165,12,39,4.003393310360571e-05,1.376304680018337e-08,8.163669821492366e-06,0.002562685292196372,46
VGlut-F-200424,94,68,26,393,68,26,0.00011364550599989979,8.132058592627195e-08,5.0825032886367114e-05,0.004723380734636451,79
VGlut-F-200425,68,56,12,311,56,12,0.0002476145144972719,2.460270503227683e-07,2.1286060026774606e-05,0.003416913722928496,68
VGlut-F-200426,658,491,167,8665,491,167,0.005922893175815099,0.007944106215769856,0.00017941690864738678,0.03306366514245515,348
VGlut-F-200427,385,324,61,3237,324,61,0.004383122149325617,2.080271118311827e-05,9.949121212504899e-05,0.019345761519521634,209
VGlut-F-200428,849,463,386,8954,463,386,0.0068038317739680665,0.00016007251659896733,0.0001414157327603575,0.042661172805386664,331
VGlut-F-200429,223,112,111,1421,112,111,0.000843409291310666,3.41509865764306e-06,2.811860696857575e-05,0.011205467061956685,194
VGlut-F-200430,970,495,475,14443,495,475,0.006769146683306578,0.00017453220645317793,0.0001934106456929701,0.048741269282950604,331
VGlut-F-200431,915,473,442,14349,473,442,0.007194886829728605,0.0002618116250541512,0.0002085557466470342,0.04597758906587609,331
VGlut-F-200432,487,254,233,3346,254,233,0.0070084638645390015,1.639697551251486e-05,2.7367969002022455e-05,0.024471132103914377,352
VGlut-F-200433,837,442,395,11132,442,395,0.006773995772611278,0.00019916353833391835,0.00014408827173615642,0.042058188030752224,331
VGlut-F-200434,1018,854,164,10077,854,164,0.007172224578136589,6.143756000852211e-05,0.0005381354772614135,0.05115320838148837,271
VGlut-F-200435,111,66,45,636,66,45,0.00018271420829062582,9.146501991295289e-07,2.5091963337765672e-05,0.005577609165368575,98
VGlut-F-200436,124,80,44,559,80,44,0.0002775590033785449,1.0096923228222335e-06,3.042627807761399e-05,0.006230842671222552,92
VGlut-F-200437,222,43,179,1164,43,179,0.0003745917098601055,4.9954094490176025e-06,2.526711103596062e-05,0.01115521833073715,184
VGlut-F-200439,317,43,274,1439,43,274,0.0014319345691605485,1.0016728972462955e-06,9.63783773695138e-06,0.015928847796593135,207
VGlut-F-200440,863,432,431,11327,432,431,0.006414828005556343,0.00015921328287915641,0.00015848616952657493,0.043364655042460176,331
VGlut-F-200441,425,120,305,2649,120,305,0.000946272425923339,1.617960476079777e-05,2.1033646671068033e-05,0.0213557107683031,211
VGlut-F-200442,107,65,42,375,65,42,0.0008925817921840386,1.333608604030535e-06,1.482492833556617e-05,0.005376614240490428,93
VGlut-F-200443,380,44,336,1324,44,336,0.00034462926859718166,3.447902284200687e-07,9.262987594514012e-06,0.01909451786342395,155
VGlut-F-200444,667,171,496,2798,171,496,0.0029921869556723177,9.488502891515873e-06,2.8148904603703453e-05,0.03351590372343098,293
VGlut-F-200445,84,63,21,306,63,21,0.0002967784078896206,8.828493573025466e-07,1.2969398501117703e-05,0.004220893422441084,82
VGlut-F-200446,1173,1014,159,10467,1014,159,0.026084682565380463,7.088388207658048e-05,0.00013849445736550793,0.05894176172051656,352
VGlut-F-200447,423,43,380,1702,43,380,0.0015937468052650895,5.487727118079489e-06,1.1518876500810283e-05,0.021255213305864027,339
VGlut-F-200448,158,64,94,730,64,94,0.00012629162324569114,2.21954514666298e-07,4.328863563219822e-05,0.0079392995326868,102
VGlut-F-200449,477,168,309,2729,168,309,0.0028929678513342216,1.2502912472781907e-05,4.368542573253145e-05,0.02396864479171901,293
VGlut-F-200450,453,204,249,3703,204,249,0.0047761414301682415,1.0652523192040346e-05,1.9040846806894887e-05,0.02276267524245013,352
VGlut-F-200451,437,174,263,3267,174,263,0.004430655078470373,4.268902452175081e-06,1.5022976670232583e-05,0.021958695542937542,352
VGlut-F-200452,471,182,289,4251,182,289,0.004464994870534947,7.690208310817722e-06,1.7136800381096933e-05,0.02366715240440179,352
VGlut-F-200453,1747,809,938,8053,809,938,0.006587322249599867,1.450238111533034e-05,0.0001603173581709194,0.08778453344053062,296
VGlut-F-200454,1454,1140,314,9804,1140,314,0.002079970441526684,4.390981871843876e-06,0.0005513413086160069,0.07306165519320637,150
VGlut-F-200455,380,307,73,1507,307,73,0.0014866995371265613,6.558936938556984e-06,4.9843661507844836e-05,0.01909451786342395,210
VGlut-F-200456,153,61,92,1048,61,92,0.00013617594143676407,1.8630940161382212e-07,3.6525415927369884e-05,0.0076880558765891165,101
VGlut-F-200457,426,138,288,2624,138,288,0.002863992246625448,1.6976829107078639e-06,1.2480669778913842e-05,0.021405959499522637,352
VGlut-F-200458,98,54,44,454,54,44,0.00016531577113872509,6.484357054679649e-07,2.473065494884756e-05,0.004924375659514597,78
VGlut-F-200459,731,349,382,4402,349,382,0.005683244891377725,4.835496395971458e-05,4.574030748713474e-05,0.036731822521481335,296
VGlut-F-200460,126,61,65,886,61,65,0.00016736867806923307,6.589021548317629e-07,2.7466449498691162e-05,0.006331340133661625,111
VGlut-F-200461,145,27,118,875,27,118,0.0005524202673738482,2.4629724106768408e-06,1.2418820300602037e-05,0.007286066026832822,142
VGlut-F-200462,100,74,26,441,74,26,0.00023816524614882686,1.5861875675468511e-07,6.860511948150424e-05,0.00502487312195367,79
VGlut-F-200463,90,57,33,417,57,33,0.0002115719799054875,4.632395343191017e-07,2.8988799816510267e-05,0.004522385809758303,81
VGlut-F-200464,530,180,350,3217,180,350,0.0025159100590625596,2.319034294276098e-05,3.067591423580153e-05,0.026631827546354455,296
VGlut-F-200465,127,46,81,1087,46,81,0.0001559335931624265,1.1265243722517108e-07,3.2901814074222525e-05,0.006381588864881162,85
VGlut-F-200466,123,105,18,571,105,18,0.00035171920819954404,5.163194097798698e-07,3.186619334407098e-05,0.0061805939400030145,101
VGlut-F-200467,498,253,245,4071,253,245,0.0067513364486956745,2.639698620592524e-05,2.654048838960408e-05,0.02502386814732928,352
VGlut-F-200468,522,220,302,4463,220,302,0.0054339908994404384,8.897519796101767e-06,1.9322079341956154e-05,0.02622983769659816,352
VGlut-F-200469,139,37,102,313,37,102,0.00017879716420693466,4.684038272414477e-06,8.621842934268631e-06,0.006984573639515602,133
VGlut-F-200470,522,227,295,3580,227,295,0.0062819186673785336,2.1032107362730253e-05,2.5485508694941816e-05,0.02622983769659816,352
VGlut-F-200472,526,306,220,3228,306,220,0.00448660750977721,6.221902338176587e-05,6.832735103912307e-05,0.02643083262147631,317
VGlut-F-200473,542,250,292,4446,250,292,0.005242246616241467,1.0426787156916595e-05,1.946736673412814e-05,0.027234812320988896,352
VGlut-F-200474,76,48,28,306,48,28,0.00018480039794711078,1.420201020988535e-07,1.396927551617825e-05,0.0038189035726847896,72
VGlut-F-200476,527,218,309,5187,218,309,0.005244814171066539,7.799964579100739e-06,2.159617060707155e-05,0.026481081352695845,352
VGlut-F-200477,287,89,198,1001,89,198,0.0007687278388613341,1.1809961819137345e-06,1.8871699823915865e-05,0.014421385860007034,183
VGlut-F-200478,326,197,129,1425,197,129,0.004724653660917167,1.2209435602864192e-05,2.0530481022581957e-05,0.016381086377568965,231
VGlut-F-200482,347,310,37,2238,310,37,0.008053710546699285,1.0726333857050379e-05,0.00012436558332470468,0.017436309733179237,290
VGlut-F-200483,103,89,14,423,89,14,0.00035185755377918566,3.624053899922426e-07,2.801958143560317e-05,0.0051756193156122805,85
VGlut-F-200485,74,50,24,247,50,24,0.00015871489254439827,5.859897643522414e-08,1.785260010690824e-05,0.0037184061102457163,74
VGlut-F-200486,126,40,86,679,40,86,6.663894390208245e-05,6.558643516794885e-08,1.7094737012226957e-05,0.006331340133661625,109
VGlut-F-200488,29,24,5,71,24,5,0.0001297619073375445,1.6055323946326597e-07,1.8337288565696343e-05,0.0014572132053665644,27
VGlut-F-200489,75,56,19,273,56,19,0.00020547724219460866,1.1386311580238629e-07,1.9564473837836482e-05,0.003768654841465253,63
VGlut-F-200490,465,195,270,3019,195,270,0.005077849541928957,5.913364132258874e-06,1.7886817641326086e-05,0.02336566001708457,352
VGlut-F-200491,440,283,157,2387,283,157,0.0034443854211073524,1.6379582437164786e-05,8.625477472564356e-05,0.022109441736596153,240
VGlut-F-200492,666,463,203,2909,463,203,0.0105008827021236,1.3245574646559493e-05,2.7100981498708457e-05,0.03346565499221145,352
VGlut-F-200493,1726,1369,357,13666,1369,357,0.0022225617453602692,5.330565423250182e-06,0.000761102951079699,0.08672931008492035,148
VGlut-F-200495,79,37,42,306,37,42,0.000143157415640023,9.670009763358682e-08,1.3837381584809865e-05,0.0039696497663434,75
VGlut-F-200496,136,72,64,873,72,64,0.00023224583396496686,1.097005363543617e-06,2.624688318415106e-05,0.006833827445856992,105
VGlut-F-200497,215,45,170,1678,45,170,0.00019132522338388225,1.6105890835833395e-06,1.3029679005897671e-05,0.010803477212200392,185
VGlut-F-200498,44,14,30,113,14,30,1.9364228251670555e-05,4.359680516905299e-09,1.0732187301034906e-05,0.002210944173659615,42
VGlut-F-200500,607,112,495,4102,112,495,0.004914887364440698,2.7744987489069503e-05,1.9786135656721225e-05,0.03050097985025878,244
VGlut-F-200501,544,252,292,4029,252,292,0.006136287775026732,1.5944043341936307e-05,2.1139816805872558e-05,0.027335309783427967,352
VGlut-F-200506,145,94,51,885,94,51,0.00029326294656987405,1.0056505920289305e-06,3.277797516504082e-05,0.007286066026832822,114
VGlut-F-200507,450,257,193,2525,257,193,0.006799317185848227,8.560914447839145e-06,2.2639339988075258e-05,0.02261192904879152,352
VGlut-F-200509,237,53,184,973,53,184,0.000614710668059745,4.6977092380846345e-06,1.2996599671848415e-05,0.0119089492990302,191
VGlut-F-200510,160,21,139,1062,21,139,8.183114888498e-05,6.566194527872966e-08,1.1420150968532039e-05,0.008039796995125872,108
VGlut-F-200511,877,553,324,9716,553,324,0.00872089173272115,0.00022246112185233803,0.00018574029109284375,0.044068137279533695,331
VGlut-F-200513,492,266,226,2852,266,226,0.0031437113173981403,1.1720846212142946e-05,5.711177035516858e-05,0.024722375760012058,293
VGlut-F-200514,391,212,179,2549,212,179,0.005369647720180626,1.5710246269504925e-05,1.960945117513631e-05,0.019647253906838854,352
VGlut-F-200515,100,69,31,773,69,31,0.00020916801642087809,3.208462034761549e-07,7.481229046715151e-05,0.00502487312195367,78
VGlut-F-200517,317,135,182,2553,135,182,0.0007874060950804145,1.3886594981351673e-05,1.8338411593817212e-05,0.015928847796593135,211
VGlut-F-200519,26,6,20,189,6,20,4.661588180972206e-06,1.7247587443602792e-08,1.2059150839858358e-05,0.0013064670117079544,26
VGlut-F-200521,136,88,48,1066,88,48,0.0002953125286015759,6.332292794058852e-07,5.0458561438882815e-05,0.006833827445856992,105
VGlut-F-200522,533,364,169,3172,364,169,0.007081791060714251,4.996696333349238e-06,3.3974043982367394e-05,0.026782573740013065,339
VGlut-F-200523,166,133,33,962,133,33,0.000475364649706237,4.363851869984296e-07,4.163372286980741e-05,0.008341289382443093,109
VGlut-F-200525,927,205,722,6325,205,722,0.0028489288574531113,7.005384991837926e-05,8.070232504744747e-05,0.04658057384051053,352
VGlut-F-200526,754,376,378,3421,376,378,0.004428376259956874,2.2567704936902182e-05,0.00010394022236278744,0.03788754333953068,295
VGlut-F-200527,526,374,152,3072,374,152,0.010453032545747473,1.3063323881664496e-05,3.130277377221345e-05,0.02643083262147631,352
VGlut-F-200530,88,65,23,329,65,23,0.000182987816575824,1.8713546707530537e-07,1.953719287357285e-05,0.00442188834731923,74
VGlut-F-200531,517,221,296,2518,221,296,0.0037397828330651,1.8964801553538394e-05,4.456568160761355e-05,0.02597859404050048,295
VGlut-F-200532,85,33,52,414,33,52,0.00014772008624219684,2.2337272251599743e-07,1.2532091590921797e-05,0.00427114215366062,82
VGlut-F-200533,265,46,219,735,46,219,0.00042237948904691816,2.4340276004318954e-06,9.312662960078348e-06,0.013315913773177228,150
VGlut-F-200535,646,445,201,2954,445,201,0.011982191160796156,1.1542647134317859e-05,3.399565095284852e-05,0.03246068036782071,352
VGlut-F-200536,1743,973,770,11113,973,770,0.0022163463843113906,9.17048070082097e-06,0.0004200724737472675,0.08758353851565248,296
VGlut-F-200537,797,419,378,9485,419,378,0.006286314833215952,0.00022403430396905163,0.0001426012067508996,0.04004823878197075,331
VGlut-F-200538,388,233,155,2228,233,155,0.0004100177419681965,1.0354022090335513e-06,0.00022204676543545788,0.019496507713180244,119
VGlut-F-200539,847,446,401,12611,446,401,0.006553346041978515,0.00022678600872591732,0.0001665401662082621,0.04256067534294759,331
VGlut-F-200540,92,70,22,351,70,22,0.00019118188521936391,1.89440933079288e-07,3.4384113047279635e-05,0.004622883272197377,78
VGlut-F-200543,874,411,463,5008,411,463,0.005720423606300747,4.437081482042543e-05,7.09557961877206e-05,0.043917391085875085,296
VGlut-F-200544,79,51,28,281,51,28,0.00017508626174890732,1.0042201368453879e-07,1.693182236760454e-05,0.0039696497663434,68
VGlut-F-200547,529,276,253,3198,276,253,0.004808956123659815,5.330195288545672e-05,5.197673481426777e-05,0.02658157881513492,296
VGlut-F-200548,466,234,232,3374,234,232,0.006744197336941562,1.1411346449907465e-05,2.6626709560881326e-05,0.023415908748304105,352
VGlut-F-200549,428,215,213,1756,215,213,0.00309764716328171,1.1578592913087183e-05,7.896483639956885e-05,0.021506456961961712,236
VGlut-F-200550,501,49,452,1923,49,452,0.004062295839397961,2.2591832605080903e-06,1.549959855768897e-05,0.02517461434098789,268
VGlut-F-200551,857,434,423,12826,434,423,0.006158581108048347,0.0002020994977471602,0.0001820238593658599,0.043063162655142956,331
VGlut-F-200552,377,126,251,1416,126,251,0.0021160508409005874,6.454254052785178e-06,2.3828642534563387e-05,0.01894377166976534,293
VGlut-F-200553,488,255,233,3457,255,233,0.006530127476433956,1.9373057083767132e-05,2.8890225885672044e-05,0.024521380835133912,352
VGlut-F-200554,411,225,186,2798,225,186,0.006203466134242902,1.298488672140623e-05,2.388499619698905e-05,0.020652228531229586,352
VGlut-F-200555,350,234,116,1939,234,116,0.0032623958206698155,0.001443942382628751,4.106105730380688e-05,0.017587055926837847,269
VGlut-F-200556,141,87,54,719,87,54,0.0005895902990209745,2.7283778045275687e-05,1.6797394327369777e-05,0.007085071101954676,111
VGlut-F-200557,1154,293,861,9472,293,861,0.004428036136667845,0.00014003356479185848,9.887881477287807e-05,0.05798703582734536,352
VGlut-F-200558,515,110,405,4779,110,405,0.0035289834161737694,6.059035355334655e-05,2.9264720719668e-05,0.025878096578061404,248
VGlut-F-200559,352,249,103,2116,249,103,0.0013426190871859073,8.136616653428798e-06,5.30263724786813e-05,0.01768755338927692,205
VGlut-F-200560,191,117,74,1012,117,74,0.0005305722090469996,1.5415854819400585e-06,1.3107600901985619e-05,0.009597507662931512,188
VGlut-F-200561,427,166,261,2970,166,261,0.0038462490876524143,3.7318080498167205e-06,1.9419322528813564e-05,0.021456208230742173,352
VGlut-F-200562,58,48,10,158,48,10,0.00023185044320375798,1.2968665486537204e-07,1.5419815545054926e-05,0.002914426410733129,56
VGlut-F-200563,206,104,102,834,104,102,0.001238167647768742,6.0989304587838285e-06,4.0043895177086316e-05,0.010351238631224561,175
VGlut-F-200564,73,4,69,551,4,69,3.785609210992527e-05,4.514836501064968e-08,7.84001478556461e-06,0.0036681573790261794,67
VGlut-F-200565,336,274,62,1743,274,62,0.0013694877518315148,7.155844935151778e-06,3.757234203386306e-05,0.016883573689764335,210
VGlut-F-200566,356,281,75,2418,281,75,0.0011479030840047888,7.636205068426447e-06,6.652660244660235e-05,0.017888548314155067,211
VGlut-F-200567,290,207,83,1083,207,83,0.0009296336227678256,8.89243038745851e-06,3.4241520130521186e-05,0.014572132053665645,201
VGlut-F-200568,459,343,116,1999,343,116,0.0019734645901279156,1.6218725305634627e-05,8.079347856403329e-05,0.02306416762976735,211
VGlut-F-200569,441,354,87,2571,354,87,0.0018828454164711232,2.770642201449196e-05,6.299982933617223e-05,0.022159690467815688,205
VGlut-F-200570,406,384,22,1552,384,22,0.010996284949436132,1.0373489729205174e-05,0.00029683555269023127,0.0204009848751319,338
VGlut-F-200571,222,101,121,1495,101,121,0.0005765019675964657,7.086000900256474e-06,1.2496592302346413e-05,0.01115521833073715,203
VGlut-F-200572,666,276,390,5740,276,390,0.004014832666260422,2.4152930416396595e-05,5.384657779999733e-05,0.03346565499221145,241
VGlut-F-200573,509,332,177,3044,332,177,0.00849729878206425,1.1773863565278652e-05,3.9466409394025155e-05,0.025576604190744184,352
VGlut-F-200574,753,722,31,4335,722,31,0.007910572401805984,0.0031022432875454408,0.00010493398400952728,0.03783729460831114,337
VGlut-F-200575,703,485,218,3684,485,218,0.006355107856778367,0.002563389063282213,5.475274993576688e-05,0.035324858047334304,348
VGlut-F-200576,469,179,290,3996,179,290,0.004540451478824734,7.5114699858324494e-06,1.8776167004867652e-05,0.023566654941962716,352
VGlut-F-200579,62,48,14,254,48,14,0.00039339551053867,3.7410319299373584e-06,1.8705026771969954e-05,0.003115421335611276,60
VGlut-F-200580,160,15,145,393,15,145,0.0002179712812654795,3.339623835202181e-08,8.125190391504367e-06,0.008039796995125872,123
VGlut-F-200581,435,225,210,2922,225,210,0.0058212614431477835,8.796292406403705e-06,2.4047223697902008e-05,0.021858198080498468,352
VGlut-F-200582,490,190,300,3853,190,300,0.005052871831053185,1.6549422404678306e-05,1.7439035304299103e-05,0.024621878297572987,352
VGlut-F-200583,351,318,33,1038,318,33,0.005378419480132756,5.114657540186397e-05,4.759328901993481e-05,0.017637304658057382,177
VGlut-F-200584,186,85,101,582,85,101,0.0011233384374389507,1.0784969782149273e-05,1.1323815839678014e-05,0.009346264006833827,170
VGlut-F-200585,373,133,240,1973,133,240,0.003430145426723191,6.376222116563801e-06,1.1705645116961118e-05,0.018742776744887193,352
VGlut-F-200586,223,208,15,612,208,15,0.0031451449574150503,5.613394661047472e-06,4.007119120887179e-05,0.011205467061956685,135
VGlut-F-200587,146,87,59,538,87,59,0.00046639633641604926,1.1358277629976226e-06,1.2163713379764605e-05,0.007336314758052359,118
VGlut-F-200588,252,176,76,982,176,76,0.0025904193296768458,8.882541333166414e-06,5.340781728560168e-05,0.01266268026732325,209
VGlut-F-200590,390,7,383,2583,7,383,3.7549789921933104e-05,1.8590157938509755e-07,8.357149124926503e-06,0.019597005175619315,213
VGlut-F-200591,395,170,225,2404,170,225,0.0044742215751072826,7.269253005680579e-06,1.7368000352824216e-05,0.019848248831717,352
VGlut-F-200592,582,315,267,3583,315,267,0.0017739896967734377,3.349005368755563e-05,7.754856603753401e-05,0.029244761569770364,205
VGlut-F-200593,500,241,259,3715,241,259,0.006169967614162803,1.2220051858987234e-05,2.218008031666267e-05,0.025124365609768353,352
VGlut-F-200595,1076,725,351,13368,725,351,0.010916877984281493,0.00020979786547949548,0.0002747913333614161,0.05406763479222149,331
VGlut-F-200596,1231,666,565,6867,666,565,0.006341048278333356,4.762363462331408e-05,0.0002361487179220229,0.061856188131249684,331
VGlut-F-200597,257,194,63,1548,194,63,0.0009924575176026083,6.002849342739454e-06,2.3318325172465624e-05,0.012913923923420934,207
VGlut-F-200598,390,323,67,2249,323,67,0.0015402510397073412,1.6444439616625377e-05,4.891370246674255e-05,0.019597005175619315,205
VGlut-F-200599,765,404,361,10892,404,361,0.005762894661554596,0.00016352387113061233,0.0001672244340383176,0.03844027938294558,331
VGlut-F-200600,473,146,327,2071,146,327,0.0024192035906497812,2.9316193864466606e-06,2.1303065879510986e-05,0.02376764986684086,217
VGlut-F-200601,880,538,342,11327,538,342,0.008255330278893289,0.00023644809823245063,0.0002161618430038742,0.044218883473192305,331
VGlut-F-200602,54,32,22,378,32,22,7.44166120127021e-05,3.7048058074563814e-06,5.3830239925498764e-05,0.002713431485854982,34
VGlut-F-200603,466,83,383,6501,83,383,0.0015999024242808364,3.174264268490751e-05,3.215495574223959e-05,0.023415908748304105,308
VGlut-F-200604,1762,882,880,9197,882,880,0.00407038703937761,7.616364602765362e-06,0.00021405783888709925,0.08853826440882367,272
VGlut-F-200605,1489,470,1019,9086,470,1019,0.0022418372589831943,1.2087833066337503e-05,0.00012469116288707562,0.07482036078589016,223
VGlut-F-300003,530,309,221,4268,309,221,0.004412686034179981,0.0037608665193249245,3.993978663044823e-05,0.026631827546354455,348
VGlut-F-300004,913,429,484,7180,429,484,0.0066095845148959045,5.396639985550256e-05,9.859147887015519e-05,0.04587709160343701,331
VGlut-F-300005,515,46,469,2472,46,469,0.00056516328715141,9.029691797619399e-07,1.619046938786477e-05,0.025878096578061404,257
VGlut-F-300006,75,12,63,335,12,63,6.886464023185044e-05,5.195160606131472e-08,1.5556609628049486e-05,0.003768654841465253,64
VGlut-F-300007,230,159,71,1865,159,71,0.00037834249231569455,1.5354080523530547e-06,0.00010951810095437846,0.011557208180493442,121
VGlut-F-300008,249,77,172,1349,77,172,0.0010170288476572347,5.530605325236444e-06,2.1982051720882474e-05,0.01251193407366464,205
VGlut-F-300011,276,21,255,1906,21,255,0.0003147955819416097,1.91860506100899e-06,8.870440041976151e-06,0.013868649816592131,204
VGlut-F-300013,77,50,27,362,50,27,0.0001437156756466046,9.138068911534871e-08,2.1708793539874737e-05,0.0038691523039043265,67
VGlut-F-300014,56,3,53,235,3,53,5.065533892218986e-06,1.4223424661816722e-09,8.121325823650938e-06,0.0028139289482940555,54
VGlut-F-300015,664,232,432,4633,232,432,0.0033212831693924093,2.4333114413877694e-05,4.8944358030592096e-05,0.03336515752977237,301
VGlut-F-300016,190,143,47,1299,143,47,0.0006016811758658688,7.573701597393453e-07,6.642337846955508e-05,0.009547258931711974,113
VGlut-F-300017,184,110,74,936,110,74,0.0003508099507174194,7.123080923488602e-07,6.673420617971436e-05,0.009245766544394754,108
VGlut-F-300018,61,8,53,260,8,53,3.498067373307879e-06,1.454312818880589e-09,1.514337001913159e-05,0.003065172604391739,51
VGlut-F-300019,1204,763,441,7244,763,441,0.004245803284019811,1.3516805779480682e-05,0.00032088192733618936,0.06049947238832219,224
VGlut-F-300020,181,170,11,1319,170,11,0.0005730293397267127,4.487422912187586e-06,8.083948859278692e-05,0.009095020350736144,107
VGlut-F-300021,58,3,55,312,3,55,1.8920300241812473e-05,3.011345234668362e-08,1.4093595443799995e-05,0.002914426410733129,56
VGlut-F-300022,445,222,223,3156,222,223,0.0034202547856141815,9.616055951065266e-06,6.412395391723605e-05,0.022360685392693834,231
VGlut-F-300023,107,77,30,459,77,30,0.00023766252813254735,3.947421632730954e-07,2.578814889284402e-05,0.005376614240490428,92
VGlut-F-300025,785,575,210,6558,575,210,0.0010564454428110392,1.899521432860288e-06,0.0004107689477821036,0.03944525400733632,150
VGlut-F-300026,547,389,158,2591,389,158,0.0005543011139574997,5.578420105977369e-07,0.00022848285843987036,0.027486055977086577,148
VGlut-F-300027,894,524,370,7882,524,370,0.008293593633552485,0.00011602054095627301,0.00013565596764245408,0.04492236571026582,331
VGlut-F-300028,140,47,93,1047,47,93,0.00021974606217021312,4.767699563660189e-07,2.3486655337135037e-05,0.007034822370735139,106
VGlut-F-300029,8,6,2,20,6,2,4.188424286386518e-06,4.012015548793291e-10,9.292014625539012e-06,0.00040198984975629365,8
VGlut-F-300030,82,48,34,335,48,34,0.00021492694323944328,1.8442310694546066e-07,1.97660272386748e-05,0.00412039596000201,73
VGlut-F-300031,81,2,79,345,2,79,2.193316763022691e-06,2.337972267179153e-10,8.409859417674642e-06,0.0040701472287824735,74
VGlut-F-300032,12,4,8,73,4,8,1.3102902796739983e-06,1.9377283260736184e-10,1.155317984255966e-05,0.0006029847746344405,12
VGlut-F-300033,184,141,43,947,141,43,0.0004060121025659938,5.028508617498801e-07,4.8712221622927154e-05,0.009245766544394754,109
VGlut-F-300034,13,9,4,44,9,4,2.3792303719893885e-06,2.2017142227931773e-10,1.0167997883047723e-05,0.0006532335058539772,13
VGlut-F-300035,1334,371,963,16111,371,963,0.006527018189108527,5.1761645199142066e-05,8.446194881288713e-05,0.06703180744686196,352
VGlut-F-300036,1254,829,425,9286,829,425,0.019035218618971103,5.082852385234408e-05,0.00010573780501646725,0.06301190894929903,352
VGlut-F-300037,340,142,198,1149,142,198,0.00047778063458187996,3.2905381049165223e-07,6.8918058788912e-05,0.01708456861464248,197
VGlut-F-300038,456,230,226,2585,230,226,0.005608203902768768,6.2352237390161265e-06,2.2288890249194944e-05,0.02291342143610874,352
VGlut-F-300039,165,71,94,731,71,94,0.00012570821956225275,1.4269533849747624e-07,3.249511558112606e-05,0.008291040651223557,96
VGlut-F-300041,257,8,249,1241,8,249,7.349070338254405e-05,2.1017526237155644e-07,8.586462471313404e-06,0.012913923923420934,194
VGlut-F-300042,507,141,366,4272,141,366,0.002076375058597317,5.036380389898042e-05,1.7945460110455248e-05,0.02547610672830511,206
VGlut-F-300043,814,731,83,12040,731,83,0.008561153988978524,0.01259870057518797,0.0004287108929079442,0.04090246721270288,348
VGlut-F-300044,657,433,224,3655,433,224,0.01076486792549429,1.7555433248674448e-05,3.11656970558815e-05,0.03301341641123562,352
VGlut-F-300045,319,169,150,1435,169,150,0.0022682199686704136,7.964037210117591e-06,4.0769234876444556e-05,0.01602934525903221,209
VGlut-F-300046,824,437,387,7936,437,387,0.0067424911737325255,0.00012757669078354924,0.00014775438859626416,0.041404954524898244,331
VGlut-F-300047,160,26,134,914,26,134,0.00014049496785128324,7.664016062678048e-08,1.350492357428769e-05,0.008039796995125872,110
VGlut-F-300048,664,402,262,9251,402,262,0.0052357422431430775,0.008943392078362878,0.0001420650064986509,0.03336515752977237,348
VGlut-F-300049,258,51,207,3398,51,207,0.0001716639752004675,1.7590697451554803e-07,2.1215089061917793e-05,0.01296417265464047,121
VGlut-F-300050,585,293,292,3027,293,292,0.002433501479918056,6.471084400226124e-05,6.201336022884261e-05,0.029395507763428974,222
VGlut-F-300051,9,3,6,28,3,6,3.3951861296439525e-05,8.10045448209781e-09,4.173189056858977e-05,0.00045223858097583037,9
VGlut-F-300052,13,6,7,44,6,7,5.959656720866175e-06,2.541730864013459e-09,1.4904421860429763e-05,0.0006532335058539772,13
VGlut-F-300053,10,8,2,21,8,2,8.410256555389205e-06,3.1018015279264706e-09,1.1358526888181778e-05,0.000502487312195367,10
VGlut-F-300054,69,39,30,346,39,30,5.606199161404062e-05,2.6190440284011735e-08,2.4048031483825703e-05,0.0034671624541480327,63
VGlut-F-300056,131,92,39,596,92,39,0.00035927399703015707,4.489463559811199e-07,3.1402499547793175e-05,0.006582583789759309,99
VGlut-F-300058,54,26,28,230,26,28,8.555079401359197e-05,2.5847464071608128e-08,2.1012399212915937e-05,0.002713431485854982,47
VGlut-F-300059,406,162,244,2545,162,244,0.004666583899537689,2.4390271849277073e-05,1.622624990249931e-05,0.0204009848751319,352
VGlut-F-300060,185,128,57,1677,128,57,0.0009934262294571377,0.0004429666630887717,6.613200400001138e-05,0.009296015275614291,100
VGlut-F-300063,99,76,23,541,76,23,0.00023129704022945143,2.1060145642712426e-07,2.9736124312478305e-05,0.004974624390734134,88
VGlut-F-300064,449,222,227,2948,222,227,0.002722760903114599,3.687780355720602e-05,0.0001330648766619151,0.02256168031757198,252
VGlut-F-300065,1367,1116,251,7968,1116,251,0.029101592477690272,6.532143838885903e-05,9.831178536116547e-05,0.06869001557710668,352
VGlut-F-300068,570,214,356,4086,214,356,0.005640224779627771,1.2825139736209486e-05,2.3368870715539722e-05,0.028641776795135923,352
VGlut-F-300069,88,55,33,305,55,33,0.00016625586379037465,1.361101877694038e-07,4.0562485703119396e-05,0.00442188834731923,73
VGlut-F-300070,431,278,153,1946,278,153,0.003195567590286834,2.0789808351237354e-05,0.00011490042894578182,0.021657203155620322,231
VGlut-F-300071,118,62,56,604,62,56,0.00030631832956930927,2.25454144995448e-07,2.0226188737639482e-05,0.0059293502839053314,89
VGlut-F-300072,259,157,102,1302,157,102,0.0006427060879892184,2.5359837036013403e-06,3.3467690075361705e-05,0.013014421385860007,157
VGlut-F-300074,126,101,25,502,101,25,0.0003364837106837613,2.1021031336184443e-07,4.011965076468283e-05,0.006331340133661625,92
VGlut-F-300077,142,16,126,500,16,126,0.0001247561947044065,3.6165500335883815e-08,8.973926763516327e-06,0.007135319833174212,119
VGlut-F-300078,68,53,15,283,53,15,0.0001360726468516111,8.256403367412236e-07,2.0995447122865227e-05,0.003416913722928496,67
VGlut-F-300081,105,53,52,427,53,52,0.0011812448228872147,6.836801883298544e-07,1.0471689728787361e-05,0.005276116778051354,105
VGlut-F-300082,159,76,83,1537,76,83,0.00027500110638998355,5.901915517591115e-07,3.74407769463817e-05,0.007989548263906337,109
VGlut-F-300083,196,78,118,1945,78,118,0.00020740966573780135,1.7098211848757737e-06,2.7990588935930264e-05,0.009848751319029195,121
VGlut-F-300084,210,48,162,983,48,162,0.000521642660552056,4.2916027746551577e-07,1.3981832990309095e-05,0.010552233556102708,185
VGlut-F-300085,538,230,308,7664,230,308,0.002573851023675577,4.673798456263645e-05,5.6641689880524976e-05,0.027033817396110747,295
VGlut-F-300087,150,115,35,702,115,35,0.00025572351983913725,5.155589387090003e-07,3.873761753968899e-05,0.007537309682930506,95
VGlut-F-300088,115,3,112,683,3,112,8.420546903963363e-05,1.1255964952599988e-07,1.860015937754162e-05,0.005778604090246721,108
VGlut-F-300089,494,226,268,3307,226,268,0.005245999702476606,1.799568928602024e-05,1.7179950474249666e-05,0.024822873222451133,352
VGlut-F-300091,78,64,14,316,64,14,0.00020800883725459972,1.4541248182983733e-07,2.375408984199853e-05,0.003919401035123863,70
VGlut-F-300092,134,101,33,632,101,33,0.0003544855924348362,3.3273064441865397e-07,4.121937246447623e-05,0.006733329983417919,94
VGlut-F-300093,212,177,35,1318,177,35,0.0019147037760821025,1.3436651057372439e-05,9.959199944047903e-05,0.010652731018541781,192
VGlut-F-300094,25,8,17,75,8,17,3.384847233064041e-05,5.799961835196648e-08,1.23583070431864e-05,0.0012562182804884176,20
VGlut-F-300095,16,10,6,50,10,6,1.1439987740029765e-05,4.35251047132189e-09,1.805002557398055e-05,0.0008039796995125873,15
VGlut-F-300096,59,40,19,179,40,19,0.00022595301325622867,1.5479088632444153e-07,1.465518706126769e-05,0.0029646751419526657,58
VGlut-F-300097,107,103,4,521,103,4,0.0002612998654842046,3.2125305169251953e-06,4.0164161723205035e-05,0.005376614240490428,91
VGlut-F-300098,275,210,65,935,210,65,0.0017043979585949168,3.5003120424174907e-06,4.242814402670975e-05,0.013818401085372594,189
VGlut-F-300099,195,179,16,901,179,16,0.0006211825552975523,5.645609683683661e-07,7.15072028064955e-05,0.009798502587809657,109
VGlut-F-300100,137,89,48,580,89,48,0.0002724986636187323,2.043518016573409e-07,3.0754872963037954e-05,0.006884076177076529,98
VGlut-F-300101,84,55,29,235,55,29,0.00031867838536175176,3.517230010513573e-07,8.921613262617702e-06,0.004220893422441084,84
VGlut-F-300102,407,14,393,3883,14,393,2.2209631739712148e-05,6.560729479191998e-09,1.0461028204508104e-05,0.02045123360635144,143
VGlut-F-300103,1415,372,1043,12378,372,1043,0.0011814234082556136,9.419358895029388e-06,0.0002863260544035824,0.07110195467564444,352
VGlut-F-300104,960,476,484,4056,476,484,0.010125244310160337,0.0002788102909283832,5.7338166903366926e-05,0.04823878197075524,331
VGlut-F-300105,107,41,66,546,41,66,0.00013810055330631472,8.62067493272903e-08,2.0983190570716958e-05,0.005376614240490428,88
VGlut-F-300106,854,635,219,19037,635,219,0.008487142675770347,0.04177245478623823,0.00031894586441118434,0.042912416461484346,348
VGlut-F-300108,123,88,35,544,88,35,0.0003213650751747093,3.3307452849053316e-07,2.3092562288844346e-05,0.0061805939400030145,96
VGlut-F-300109,298,276,22,1011,276,22,0.0005693672427677336,3.650887730403202e-07,7.243212088118374e-05,0.014974121903421938,150
VGlut-F-300110,43,7,36,169,7,36,5.4068028054244655e-05,7.95103622366393e-09,8.312707861307216e-06,0.0021606954424400783,41
VGlut-F-300112,94,42,52,302,42,52,9.82292156783528e-05,5.426895523218663e-08,2.7412844954341674e-05,0.004723380734636451,78
VGlut-F-300113,72,17,55,345,17,55,1.0876853203188148e-05,5.996438262486267e-09,2.999588354983054e-05,0.003617908647806643,64
VGlut-F-300114,257,167,90,2620,167,90,0.00039141171571684775,3.0592418059248327e-06,0.0001283272509428863,0.012913923923420934,121
VGlut-F-300115,164,82,82,1302,82,82,0.000255083205962572,4.6081979724829603e-07,3.128400151510328e-05,0.00824079192000402,121
VGlut-F-300116,406,137,269,3443,137,269,0.001998108357836792,0.0011565712836184672,1.387233960291157e-05,0.0204009848751319,340
VGlut-F-300117,109,4,105,680,4,105,2.526015452008526e-05,3.4731493691823527e-09,8.123951016772075e-06,0.005477111702929501,88
VGlut-F-300118,76,15,61,288,15,61,3.219530816364925e-05,1.0510686430538484e-08,1.0690749002963424e-05,0.0038189035726847896,71
VGlut-F-300119,124,103,21,535,103,21,0.0003029290756661092,2.1843781127834018e-07,3.2585296991113194e-05,0.006230842671222552,97
VGlut-F-300123,338,248,90,2002,248,90,0.0038455438326661495,2.951468634968957e-05,9.176844933416782e-05,0.016984071152203406,250
VGlut-F-300124,198,67,131,775,67,131,0.00022119420408366002,1.5991677971098554e-07,4.389695672898929e-05,0.009949248781468268,144
VGlut-F-300127,198,159,39,820,159,39,0.000770525558323077,1.1635151781453023e-06,0.00013946585521173373,0.009949248781468268,112
VGlut-F-300128,74,45,29,327,45,29,0.00013664683677814372,1.200239938732112e-07,2.0105368098062337e-05,0.0037184061102457163,70
VGlut-F-300130,154,93,61,1099,93,61,0.0002790059645414375,9.26544575816951e-07,2.95970634867877e-05,0.007738304607808653,118
VGlut-F-300131,66,13,53,294,13,53,8.159947597487388e-06,1.9466272644496966e-09,1.6182527461776014e-05,0.0033164162604894225,57
VGlut-F-300133,364,153,211,1881,153,211,0.0016974876381887578,0.00020280597048120318,0.0003003554350945337,0.018290538163911362,225
VGlut-F-300134,339,93,246,1554,93,246,0.0012449748545374137,7.344094754023319e-06,2.3932637810519098e-05,0.017034319883422945,204
VGlut-F-300135,386,185,201,4302,185,201,0.00041676734669229457,3.834035307093543e-06,0.00014730720843613942,0.01939601025074117,121
VGlut-F-300136,451,91,360,3378,91,360,0.001501336813192164,5.116996607252074e-05,2.9147231113664035e-05,0.022662177780011054,298
VGlut-F-300137,750,367,383,3855,367,383,0.003343302669790212,4.360435676051294e-05,6.35845257202356e-05,0.03768654841465253,220
VGlut-F-300138,199,45,154,716,45,154,0.0005131592050311155,6.474198140971813e-07,1.2319683793571453e-05,0.009999497512687805,164
VGlut-F-300139,608,331,277,4617,331,277,0.005619253241055405,4.260919867743264e-05,5.670937431309882e-05,0.030551228581478317,331
VGlut-F-300141,666,401,265,4313,401,265,0.0008820039837570422,2.5509194164466317e-06,0.00011033633652340732,0.03346565499221145,181
VGlut-F-300143,753,343,410,3849,343,410,0.005337415854585978,2.6626772506908498e-05,7.772104206719587e-05,0.03783729460831114,312
VGlut-F-300144,457,101,356,2180,101,356,0.0016327693974364376,5.786128570375332e-06,2.0422511639360906e-05,0.022963670167328275,293
VGlut-F-300145,694,322,372,3691,322,372,0.005020878480392804,9.27112140421204e-06,6.97189154465712e-05,0.03487261946635847,296
VGlut-F-300147,95,16,79,466,16,79,1.417786564306638e-05,2.2772689281671976e-09,1.2241188229995162e-05,0.004773629465855987,79
VGlut-F-300148,162,46,116,1398,46,116,0.00016779169177010402,7.293783502482444e-07,3.22102636816859e-05,0.008140294457564947,121
VGlut-F-300149,481,259,222,2350,259,222,0.006460171203857041,1.1860918990919264e-05,2.7567746824039035e-05,0.024169639716597156,352
VGlut-F-300150,397,182,215,2127,182,215,0.0024438408007847905,1.5093656053008574e-05,0.00010714136149860672,0.01994874629415607,278
VGlut-F-300151,101,80,21,403,80,21,0.0003220147398709956,2.216131040282269e-07,3.0568423045845116e-05,0.005075121853173208,88
VGlut-F-300152,1152,158,994,7918,158,994,0.002625148399923703,1.6173079794908344e-05,2.906607232759563e-05,0.05788653836490629,352
VGlut-F-300154,196,51,145,652,51,145,0.00046449971289267203,1.0291186236234848e-06,2.281762668723025e-05,0.009848751319029195,177
VGlut-F-300155,32,29,3,109,29,3,4.879198143651499e-05,2.7908248752820123e-08,1.7174506070667823e-05,0.0016079593990251746,31
VGlut-F-300157,1238,738,500,16421,738,500,0.0016480997815413452,1.2039412505312597e-05,0.0005955706971670367,0.062207929249786444,148
VGlut-F-300158,691,495,196,5410,495,196,0.00660810098320372,5.4883252187612396e-05,0.0002604389949898337,0.03472187327269986,274
VGlut-F-300159,621,247,374,3781,247,374,0.0037396191075968273,3.3725919213498165e-05,4.44899192065178e-05,0.031204462087332296,308
VGlut-F-300160,266,213,53,1017,213,53,0.004544389694818594,1.9158535886997563e-05,3.917262487890777e-05,0.013366162504396765,209
VGlut-F-300161,149,64,85,1072,64,85,0.0002717001570005464,6.327553325128275e-07,2.865810679542099e-05,0.007487060951710969,108
VGlut-F-300162,56,25,31,264,25,31,5.568587239933693e-05,4.364868126048433e-08,2.847723940459004e-05,0.0028139289482940555,48
VGlut-F-300163,408,251,157,2405,251,157,0.004102695807352281,3.239573375538192e-05,6.980552185577866e-05,0.020501482337570976,288
VGlut-F-300165,648,224,424,4331,224,424,0.002926995555522711,1.6020960828314493e-05,5.557915219823462e-05,0.03256117783025979,241
VGlut-F-300166,52,16,36,185,16,36,5.053375229434599e-05,2.564875832090509e-08,1.0444460198647597e-05,0.002612934023415909,50
VGlut-F-300168,173,138,35,565,138,35,0.002369802703593133,3.273233071842636e-05,1.857150906316334e-05,0.00869303050097985,146
VGlut-F-300169,1099,971,128,6681,971,128,0.02178437317609138,3.1435032693284e-05,9.463315297993924e-05,0.05522335561027084,352
VGlut-F-300170,826,435,391,10981,435,391,0.006609928211839714,0.00021491170287738274,0.00016516963980938506,0.04150545198733732,331
VGlut-F-300171,624,222,402,3020,222,402,0.0033405244406008133,2.517671595221845e-05,3.9198232251370215e-05,0.03135520828099091,296
VGlut-F-300172,291,211,80,1707,211,80,0.0004313685717848586,7.912969981952195e-07,6.793537123240089e-05,0.014622380784885182,121
VGlut-F-300175,368,332,36,1631,332,36,0.005095840352308515,6.377926699423357e-05,6.910365852140726e-05,0.018491533088789508,255
VGlut-F-300176,225,57,168,848,57,168,0.000749996582691322,1.4182690459434057e-06,1.1711729388516673e-05,0.01130596452439576,188
VGlut-F-300179,51,47,4,156,47,4,0.00013600850542080627,8.594521406513502e-08,2.071972862460247e-05,0.002562685292196372,48
VGlut-F-300180,244,132,112,1962,132,112,0.00034409263800201325,6.122621728880344e-07,5.3004866497326333e-05,0.012260690417566956,121
VGlut-F-300183,378,78,300,5197,78,300,0.0007884925800602952,6.978624575845683e-06,1.5410285068378686e-05,0.018994020400984874,296
VGlut-F-300184,384,248,136,2819,248,136,0.0006075903672648081,9.014929647601867e-07,0.00028085766786021274,0.019295512788302095,142
VGlut-F-300185,94,62,32,645,62,32,0.00012885677591956173,1.1126657421908391e-07,7.672131174347804e-05,0.004723380734636451,78
VGlut-F-300186,822,439,383,13300,439,383,0.005914662065184957,0.006761378825243311,0.00016461581627455748,0.04130445706245917,348
VGlut-F-300187,282,263,19,1401,263,19,0.004919860115959122,3.8559221921049836e-05,8.148948462069471e-05,0.014170142203909351,209
VGlut-F-300188,156,85,71,1140,85,71,0.00027767791501017705,8.075799062439548e-07,3.551332368310939e-05,0.007838802070247727,109
VGlut-F-300189,103,48,55,286,48,55,0.0011161636665590325,4.684404781703618e-06,1.0253638851221537e-05,0.0051756193156122805,99
VGlut-F-300190,245,20,225,1730,20,225,0.0003058368301256688,3.5873969313920396e-06,9.044169292707196e-06,0.012310939148786493,218
VGlut-F-300191,667,543,124,3584,543,124,0.01374356332926207,3.375557819018099e-05,4.054030217106617e-05,0.03351590372343098,352
VGlut-F-300192,63,21,42,276,21,42,0.00014061518778630205,3.5518452101346986e-07,1.4685045530899512e-05,0.0031656700668308124,61
VGlut-F-300193,409,177,232,2184,177,232,0.002366033058211837,1.205704065689126e-05,3.388981257763813e-05,0.02055173106879051,296
VGlut-F-300194,181,64,117,1155,64,117,0.0002559849858974864,1.225004215093212e-06,2.5534045835787626e-05,0.009095020350736144,108
VGlut-F-300195,871,466,405,8606,466,405,0.006684266813663153,0.0001361675479356314,0.00012470149016268793,0.043766644892216475,331
VGlut-F-300197,61,19,42,237,19,42,2.5424718685123833e-05,2.30916527388278e-08,1.233423429785953e-05,0.003065172604391739,58
VGlut-F-300198,149,55,94,597,55,94,5.8961361970574e-05,2.452799788122138e-08,3.197632641787978e-05,0.007487060951710969,96
VGlut-F-300199,303,182,121,1297,182,121,0.0014536316518553442,2.8425450639693292e-06,3.125162675700638e-05,0.015225365559519623,219
VGlut-F-300200,1023,315,708,7871,315,708,0.004882959026527475,2.0900310670833937e-05,7.969736571352831e-05,0.05140445203758605,352
VGlut-F-300202,126,107,19,513,107,19,0.0006304971864182669,1.55856996694055e-06,4.595988515609201e-05,0.006331340133661625,98
VGlut-F-300203,78,31,47,330,31,47,0.00013618419302250615,1.1188456021438964e-07,2.0703398875856106e-05,0.003919401035123863,69
VGlut-F-300204,543,228,315,3070,228,315,0.0029945584303561483,3.699040745304818e-05,4.087833246278159e-05,0.02728506105220843,296
VGlut-F-300205,434,226,208,2614,226,208,0.005784553681831902,1.8073800811065922e-05,2.091016687410898e-05,0.021807949349278932,352
VGlut-F-300206,96,59,37,327,59,37,0.00017855047291287266,2.48364708322881e-07,2.352577077267049e-05,0.004823878197075524,70
VGlut-F-300208,55,8,47,264,8,47,2.2734705528239048e-05,1.200215750381206e-08,2.1229195299326122e-05,0.002763680217074519,53
VGlut-F-300209,80,60,20,334,60,20,0.00020881371939274654,1.5000113711598222e-07,2.4646837832740585e-05,0.004019898497562936,66
VGlut-F-300211,364,134,230,1925,134,230,0.0021363601411556275,0.00013007102374737293,6.0582299568546907e-05,0.018290538163911362,209
VGlut-F-300212,138,82,56,794,82,56,0.00026807002710860776,6.884915919680245e-07,4.198716309490382e-05,0.0069343249082960655,106
VGlut-F-300213,86,18,68,561,18,68,0.0003161740443479365,1.4791366963644097e-06,9.09642577762955e-06,0.004321390884880157,86
VGlut-F-300214,264,240,24,2971,240,24,0.0004405768801451889,2.6186355385558194e-06,0.00018984331358765018,0.01326566504195769,121
VGlut-F-300215,375,181,194,3005,181,194,0.00038766981804639553,3.978356902175882e-07,9.756706834029506e-05,0.018843274207326264,135
VGlut-F-300216,1229,1050,179,26292,1050,179,0.012235904355546156,0.033554885789235246,0.0008992229687305218,0.06175569066881061,345
VGlut-F-300217,72,29,43,339,29,43,0.00012576083921715314,1.0903988085814262e-07,1.7068653732465107e-05,0.003617908647806643,63
VGlut-F-300218,595,271,324,3184,271,324,0.006672492823772548,1.676571459027158e-05,9.004468791901756e-05,0.02989799507562434,239
VGlut-F-300219,447,208,239,3634,208,239,0.005512467178477238,1.9830306397495722e-05,2.2090563823205633e-05,0.02246118285513291,352
VGlut-F-300220,113,39,74,556,39,74,0.00042347528839635176,2.9436901407704693e-06,1.4869594840911634e-05,0.0056781066278076475,108
VGlut-F-300222,67,40,27,343,40,27,8.772516803844074e-05,6.57351544281246e-08,1.9941710405210367e-05,0.0033666649917089594,60
VGlut-F-300224,242,25,217,643,25,217,5.828412463891079e-05,1.7232809888445676e-06,8.006099223317663e-06,0.012160192955127883,145
VGlut-F-300225,731,349,382,3155,349,382,0.004645387124098039,5.552939454137547e-05,0.0001236928704133234,0.036731822521481335,293
VGlut-F-300226,129,85,44,393,85,44,0.0001264991630303007,8.811156099397308e-08,2.42099258477236e-05,0.006482086327320235,114
VGlut-F-300227,680,344,336,7635,344,336,0.005127521355676956,0.00012333451432684336,0.00011496514997580689,0.03416913722928496,331
VGlut-F-300228,88,70,18,699,70,18,0.00020549275589588036,3.452300056479856e-07,5.354673080374715e-05,0.00442188834731923,74
VGlut-F-300229,955,788,167,5177,788,167,0.02035181440966872,2.3761939103725687e-05,6.129626101576477e-05,0.04798753831465755,352
VGlut-F-300231,329,52,277,1512,52,277,0.0004713581758648231,2.4718185057261066e-06,1.562169377865027e-05,0.016531832571227575,209
VGlut-F-300232,165,44,121,1053,44,121,9.704158787146076e-05,8.179158903966613e-08,1.905069864541586e-05,0.008291040651223557,115
VGlut-F-300233,7,6,1,16,6,1,1.778431299979233e-05,6.979330407390689e-09,1.3788488015675204e-05,0.00035174111853675694,7
VGlut-F-300234,129,80,49,529,80,49,0.0002908715971261262,2.8980647816150023e-07,3.0130868012669477e-05,0.006482086327320235,93
VGlut-F-300235,565,228,337,6096,228,337,0.002660283787902733,6.730983454543784e-05,5.4642634064095184e-05,0.02839053313903824,329
VGlut-F-300236,184,95,89,530,95,89,0.0020667695986643906,2.614272976312275e-06,1.2880660797714934e-05,0.009245766544394754,157
VGlut-F-300237,648,521,127,4220,521,127,0.006421842276603139,0.005081767371545292,5.316289213701793e-05,0.03256117783025979,348
VGlut-F-300238,140,89,51,392,89,51,0.0022928395224797804,3.19184388083556e-05,1.4843717945037849e-05,0.007034822370735139,138
VGlut-F-300239,223,143,80,1305,143,80,0.0004282992673771317,6.045076793418929e-07,6.595304423855273e-05,0.011205467061956685,122
VGlut-F-300240,260,160,100,1087,160,100,0.0011326969853635478,2.3301277201845597e-06,4.1621694123347274e-05,0.013064670117079544,205
VGlut-F-300241,747,451,296,4512,451,296,0.006468609468765261,4.062415502722452e-05,0.00023019481131084546,0.03753580222099392,308
VGlut-F-300242,327,70,257,3336,70,257,0.0005914833500941156,1.2277055634464188e-05,1.6384652517126067e-05,0.016431335108788504,257
VGlut-F-300243,199,198,1,493,198,1,0.006164253414905631,1.0613825395246522e-05,1.575218934701597e-05,0.009999497512687805,197
VGlut-F-300244,701,295,406,3818,295,406,0.0033429095820897265,5.539500667930933e-05,9.030778015040062e-05,0.03522436058489523,236
VGlut-F-300245,306,177,129,1642,177,129,0.0018498577218846444,1.260683308439432e-05,9.487353326044749e-05,0.015376111753178233,203
VGlut-F-300246,1136,78,1058,5655,78,1058,0.0005517959928502578,1.2530300400224487e-06,2.250142876936033e-05,0.0570825586653937,283
VGlut-F-300247,428,143,285,1355,143,285,0.002056567812960033,9.925312060900431e-06,2.827570872074504e-05,0.021506456961961712,234
VGlut-F-300249,538,261,277,3830,261,277,0.0043166839914948055,1.8945557810235864e-05,5.4453986766417236e-05,0.027033817396110747,231
VGlut-F-300250,1562,79,1483,9772,79,1483,0.0012911024560853625,1.979195761071708e-06,1.4924657020146694e-05,0.07848851816491634,352
VGlut-F-300251,255,207,48,1034,207,48,0.002507841541226734,1.197591779312873e-05,2.0028607853619187e-05,0.01281342646098186,209
VGlut-F-300253,558,426,132,2623,426,132,0.006608178889350141,2.8237517602446002e-05,0.00010134119628992815,0.028038792020501482,309
VGlut-F-300254,354,329,25,1311,329,25,0.0044173899173978555,0.0011707757033589462,7.423513819091228e-05,0.017788050851715993,259
VGlut-F-300255,420,296,124,2366,296,124,0.005443788637073856,1.6395235936665267e-05,0.00017697415970325948,0.021104467112205417,241
VGlut-F-300257,754,268,486,5294,268,486,0.010310588575938615,0.00033836839724243846,9.274385294052382e-05,0.03788754333953068,246
VGlut-F-300258,102,92,10,480,92,10,0.0001963575534449069,2.101074646548301e-07,5.845971229188416e-05,0.005125370584392744,72
VGlut-F-300260,451,128,323,3550,128,323,0.0019598763013056464,8.041021968959266e-06,3.0972019081213566e-05,0.022662177780011054,219
VGlut-F-300261,969,109,860,6351,109,860,0.001693383395804108,1.6336374280233177e-05,2.4238818809206284e-05,0.04869102055173107,352
VGlut-F-300263,416,328,88,2747,328,88,0.004858697166678505,0.00029248825339644064,6.220965025406086e-05,0.02090347218732727,248
VGlut-F-300264,174,90,84,1172,90,84,0.0002870589094911873,7.411649276231244e-07,3.996848583445259e-05,0.008743279232199388,109
VGlut-F-300265,425,78,347,3063,78,347,0.0008047842669296213,6.255614297597343e-06,1.985726708355148e-05,0.0213557107683031,211
VGlut-F-300266,225,173,52,830,173,52,0.0025206518506400875,2.4150982097960654e-06,2.2473844834461723e-05,0.01130596452439576,198
VGlut-F-300268,599,282,317,3214,282,317,0.003954361432183616,7.844715286578794e-05,5.468756303535012e-05,0.030098990000502486,296
VGlut-F-300269,1716,1101,615,10448,1101,615,0.02777437782477988,0.00017120908270423194,0.0001450972743146451,0.08622682277272499,352
VGlut-F-300270,496,240,256,3395,240,256,0.005761610590453259,9.240088851974887e-06,1.780683729886285e-05,0.024923370684890207,352
VGlut-F-300271,399,224,175,2325,224,175,0.0059903426055261015,9.507196054968196e-06,2.0559148967107575e-05,0.020049243756595145,352
VGlut-F-300272,295,147,148,1076,147,148,0.00128355678608346,2.3935209273808606e-06,2.26025075579279e-05,0.014823375709763328,200
VGlut-F-300273,656,502,154,3094,502,154,0.01368994268821649,2.4081619510498767e-05,2.957351968633487e-05,0.03296316768001608,352
VGlut-F-300274,274,147,127,1858,147,127,0.0007992477070230017,3.240153480500724e-06,1.969467918919611e-05,0.013768152354153058,211
VGlut-F-300275,456,169,287,3602,169,287,0.00401809130554546,6.12563823474828e-06,1.558799183435552e-05,0.02291342143610874,352
VGlut-F-300276,95,59,36,360,59,36,0.0005011811549632668,3.8459139889442446e-07,1.86628018705201e-05,0.004773629465855987,86
VGlut-F-300277,111,54,57,493,54,57,0.00021396715112903487,1.4974706119399316e-07,1.4534403818389431e-05,0.005577609165368575,101
VGlut-F-300278,312,100,212,1426,100,212,0.0008264854960970286,1.50577736083475e-06,3.240119776113156e-05,0.015677604140495453,222
VGlut-F-300279,429,95,334,2385,95,334,0.0039733422910565854,5.635190055138752e-06,1.8933915756984474e-05,0.021556705693181247,248
VGlut-F-300280,476,275,201,3591,275,201,0.006767999831074434,1.4709435909761174e-05,2.5510424355695716e-05,0.02391839606049947,352
VGlut-F-300281,91,51,40,322,51,40,0.0006089493888417478,6.605940951646598e-06,1.5354871901196217e-05,0.0045726345409778405,82
VGlut-F-300282,723,42,681,4451,42,681,0.0005767925556948377,3.5296872128912524e-06,1.0412245858111569e-05,0.036329832671725036,278
VGlut-F-300284,171,153,18,724,153,18,0.0004907410842264752,5.298410494053686e-07,4.729391583544094e-05,0.008592533038540778,114
VGlut-F-300285,135,125,10,530,125,10,0.0004848113812025166,3.1527420791993e-07,7.531296878011079e-05,0.006783578714637455,93
VGlut-F-300286,317,225,92,2409,225,92,0.0033815693008557193,0.004953686838360482,3.6383017529940655e-05,0.015928847796593135,284
VGlut-F-300287,456,227,229,3183,227,229,0.005626552469969563,1.1091677286685487e-05,2.1016114303526547e-05,0.02291342143610874,352
VGlut-F-300288,562,283,279,3735,283,279,0.009866411430111043,8.101059152413402e-05,7.468632225553215e-05,0.028239786945379628,301
VGlut-F-300289,295,76,219,1444,76,219,0.0006966884056020493,4.005616047755873e-06,1.3640925063676247e-05,0.014823375709763328,245
VGlut-F-300290,554,240,314,3253,240,314,0.003398710886709946,5.0154439197409386e-05,4.6992715206538734e-05,0.027837797095623337,296
VGlut-F-300291,279,159,120,954,159,120,0.002104992105455146,8.483626777899528e-06,2.2810103504019998e-05,0.014019396010250741,210
VGlut-F-300292,836,439,397,10320,439,397,0.0066518817464288425,0.00019367347035493412,0.0001663878763700878,0.042007939299532684,331
VGlut-F-300293,519,238,281,3617,238,281,0.006431913790234938,9.150228842750433e-06,2.0261053891458036e-05,0.02607909150293955,352
VGlut-F-300294,115,96,19,488,96,19,0.00024686505954190475,3.096522123709075e-07,2.5589256142233985e-05,0.005778604090246721,83
VGlut-F-300296,615,268,347,3377,268,347,0.0045723391484190495,6.782889791152916e-05,7.69617880473996e-05,0.030902969700015076,296
VGlut-F-300297,240,35,205,702,35,205,0.00022504951119601632,3.3115488087306773e-06,9.190775081441911e-06,0.01205969549268881,145
VGlut-F-300299,355,140,215,1310,140,215,0.0018834431362442805,7.5365028127742874e-06,5.165041067469296e-05,0.01783829958293553,244
VGlut-F-300300,64,31,33,364,31,33,8.969486554301194e-05,4.7808594301437094e-08,1.5803877798469015e-05,0.0032159187980503492,58
VGlut-F-300301,21,1,20,91,1,20,1.287363517824593e-06,2.3920913694325754e-10,7.570780793227123e-06,0.001055223355610271,21
VGlut-F-300302,914,357,557,4697,357,557,0.016201045522939418,8.064567253541642e-05,7.756629398376868e-05,0.04592734033465655,352
VGlut-F-300303,39,24,15,244,24,15,7.653721160123796e-05,2.202464532542128e-07,3.565586924730705e-05,0.0019597005175619317,33
VGlut-F-300304,22,20,2,47,20,2,0.00010888423432292208,1.780271915050252e-07,1.046288338724391e-05,0.0011054720868298076,22
VGlut-F-300305,436,190,246,3325,190,246,0.0049599282930893685,1.6299752579213823e-05,1.854345114840506e-05,0.021908446811718003,352
VGlut-F-300306,370,167,203,1956,167,203,0.004116068670733067,3.4500908575408695e-06,1.5794810429503276e-05,0.018592030551228583,352
VGlut-F-300308,36,20,16,111,20,16,5.152625458970806e-05,1.0316953655472329e-08,1.0715744561059811e-05,0.0018089543239033215,35
VGlut-F-300309,964,583,381,5723,583,381,0.012470049938817397,1.0901611530471079e-05,5.643942871776663e-05,0.048439776895633384,352
VGlut-F-300310,77,53,24,256,53,24,0.0003889827638039362,5.3012198380276865e-06,9.140366653705678e-06,0.0038691523039043265,77
VGlut-F-300312,129,100,29,654,100,29,0.0002802904006255919,2.4358352069971054e-07,3.18109064455101e-05,0.006482086327320235,106
VGlut-F-300313,502,245,257,3488,245,257,0.006437828824296363,2.2298584746124943e-05,2.485862759069548e-05,0.025224863072207428,352
VGlut-F-300314,57,33,24,194,33,24,0.00012063617378549977,1.1682192023463599e-07,1.483222339171698e-05,0.0028641776795135924,57
VGlut-F-300315,63,38,25,284,38,25,0.00016003464687752066,1.9705345883738443e-07,1.7762292741126696e-05,0.0031656700668308124,57
VGlut-F-300316,100,63,37,383,63,37,0.0001808323840676065,1.5738094867951995e-07,1.9244472212416644e-05,0.00502487312195367,84
VGlut-F-300318,90,74,16,401,74,16,0.00027571668018688773,4.777559920079414e-07,2.902383650011172e-05,0.004522385809758303,83
VGlut-F-300319,150,82,68,1111,82,68,0.000271009269003635,6.629453524589438e-07,3.391022335074374e-05,0.007537309682930506,116
VGlut-F-300320,65,42,23,460,42,23,8.63211155159979e-05,1.2488452891775202e-06,2.7618687009257055e-05,0.003266167529269886,65
VGlut-F-300321,5,4,1,20,4,1,1.0968125273781846e-05,1.4707854038788203e-08,9.83030945929381e-06,0.0002512436560976835,5
VGlut-F-300323,503,274,229,1977,274,229,0.000677552183298288,1.1549567949895322e-06,5.1960909217337586e-05,0.025275111803426963,156
VGlut-F-300324,608,229,379,2954,229,379,0.00367126952116357,1.0567330649683906e-05,3.7050461406514734e-05,0.030551228581478317,252
VGlut-F-300325,86,42,44,404,42,44,0.00013762556753716938,1.6153398827070281e-07,2.560785226769842e-05,0.004321390884880157,73
VGlut-F-300327,405,297,108,3515,297,108,0.003331573497818742,7.44973042001441e-05,6.989584527234864e-05,0.020350736143912366,214
VGlut-F-300328,219,115,104,2178,115,104,0.00031728427960438775,2.453562415919624e-06,5.781694085743001e-05,0.011004472137078539,121
VGlut-F-300330,65,36,29,323,36,29,0.00016028919563998903,1.4003693582746678e-07,1.1825426678459242e-05,0.003266167529269886,64
VGlut-F-300332,269,216,53,2654,216,53,0.00024618527840999764,7.789115358329331e-07,0.0003342072333985147,0.013516908698055373,92
VGlut-F-300333,117,93,24,451,93,24,0.00026292370098477134,2.9440540506206603e-07,4.1581151777544736e-05,0.005879101552685795,86
VGlut-F-300336,85,29,56,249,29,56,0.00027058095641878605,7.12768309871508e-07,8.78075007771523e-06,0.00427114215366062,85
VGlut-F-300338,466,195,271,2903,195,271,0.005004328581068729,1.3015249271430398e-05,1.7609451454034536e-05,0.023415908748304105,352
VGlut-F-300339,740,509,231,11975,509,231,0.007181297768078247,0.02342824148102753,0.00014195741273089792,0.037184061102457165,348
VGlut-F-300341,721,680,41,7077,680,41,0.009141858160892798,0.00032986351552722015,0.0001863201868285209,0.036229335209285965,296
VGlut-F-300342,112,28,84,566,28,84,0.0015399435299298023,5.585499156023575e-07,9.126755019418434e-06,0.005627857896588111,103
VGlut-F-300345,124,75,49,433,75,49,0.0001141938479247341,4.987562591810791e-08,3.849925831275912e-05,0.006230842671222552,92
VGlut-F-300346,141,100,41,813,100,41,0.0002641434965329726,4.688741574995411e-07,5.024404272710826e-05,0.007085071101954676,97
VGlut-F-300347,131,68,63,392,68,63,0.004282045060799141,3.434858213193909e-05,1.3279554881375681e-05,0.006582583789759309,127
VGlut-F-300348,944,764,180,5078,764,180,0.013572546086122142,9.287810118478661e-05,0.00010407325938791394,0.04743480227124265,331
VGlut-F-300349,339,193,146,2738,193,146,0.00042431094647906847,2.1815090577250893e-06,0.00012447445063570132,0.017034319883422945,126
VGlut-F-300350,214,86,128,1629,86,128,0.0016450386105226241,6.525548880759173e-06,1.849219400156481e-05,0.010753228480980856,188
VGlut-F-300351,22,8,14,65,8,14,4.6822369973823855e-05,2.165724344701271e-08,8.56934353812053e-06,0.0011054720868298076,22
VGlut-F-300352,88,51,37,438,51,37,8.951047035017348e-05,3.3690215210170505e-08,4.7959562110789094e-05,0.00442188834731923,78
VGlut-F-300353,231,76,155,1892,76,155,0.0006446453084048182,3.400028524791793e-06,3.3725502189429947e-05,0.01160745691171298,110
VGlut-F-300354,467,242,225,3506,242,225,0.00669080422125668,1.9680663460075932e-05,2.3895379366415842e-05,0.02346615747952364,352
VGlut-F-300356,477,172,305,4226,172,305,0.004850840589717254,8.1905785417725e-06,1.8839136159984845e-05,0.02396864479171901,352
VGlut-F-300357,443,335,108,3317,335,108,0.00548372238727805,9.4733960311102e-05,8.337934000418257e-05,0.02226018793025476,296
VGlut-F-300358,523,215,308,4865,215,308,0.005164222378478748,1.4048421902981886e-05,2.101073816499152e-05,0.0262800864278177,352
VGlut-F-300359,217,87,130,862,87,130,0.0014792332305480157,7.485841290014855e-06,1.7281983592309342e-05,0.010903974674639466,180
VGlut-F-300360,279,143,136,1435,143,136,0.0017343835526434082,6.923539664210961e-06,8.40008487442625e-05,0.014019396010250741,228
VGlut-F-300361,54,38,16,169,38,16,0.00016250122660328812,1.3354089963922042e-07,1.9441871479609243e-05,0.002713431485854982,50
VGlut-F-300362,533,83,450,2584,83,450,0.00046865612321626956,1.385202356424392e-06,1.7607277667198244e-05,0.026782573740013065,209
VGlut-F-300363,479,167,312,4295,167,312,0.003835611494863086,4.8105156692524115e-06,1.4616455380958967e-05,0.02406914225415808,352
VGlut-F-300364,820,208,612,5003,208,612,0.003444302672295175,1.1404963761010218e-05,2.7855274648489142e-05,0.0412039596000201,248
VGlut-F-300365,20,17,3,55,17,3,5.627406589932317e-05,1.5898104417480165e-07,1.121122732790121e-05,0.001004974624390734,20
VGlut-F-300367,88,58,30,315,58,30,0.00015149993390441816,1.965348421993354e-07,1.967749760150882e-05,0.00442188834731923,77
VGlut-F-300368,126,103,23,592,103,23,0.00039436030138041976,5.787502078475205e-07,3.10349394319023e-05,0.006331340133661625,100
VGlut-F-300369,205,105,100,892,105,100,0.000596636222039195,2.2198541007808382e-06,1.0986392085013694e-05,0.010300989900005025,198
VGlut-F-300370,57,30,27,150,30,27,0.00015493527272021062,4.557617639188863e-08,1.1288715543698941e-05,0.0028641776795135924,54
VGlut-F-300371,192,109,83,727,109,83,0.0006312544547197964,2.1021332607004566e-06,2.0648893823426216e-05,0.009647756394151047,159
VGlut-F-300372,452,230,222,3901,230,222,0.0059032797673707685,2.064865920007911e-05,2.18580401739412e-05,0.02271242651123059,352
VGlut-F-300373,5,4,1,9,4,1,1.8324480454616412e-05,6.053640684624786e-09,8.346162362744534e-06,0.0002512436560976835,5
VGlut-F-300374,56,9,47,277,9,47,0.00043297769180626784,2.250504640155642e-07,8.498389758006484e-06,0.0028139289482940555,56
VGlut-F-300375,148,91,57,1040,91,57,0.00026726675621807297,1.6305900866342256e-06,5.605020562256432e-05,0.0074368122204914325,106
VGlut-F-300376,130,92,38,528,92,38,0.00044687202901140234,8.082952540381419e-06,1.465365695397943e-05,0.006532335058539772,111
VGlut-F-300377,247,42,205,1927,42,205,0.00027584808440421157,3.417425084711726e-06,1.3741764981909706e-05,0.012411436611225566,217
VGlut-F-300378,594,446,148,2674,446,148,0.0070488150358223095,9.300865889615202e-05,0.00010311214102859493,0.029847746344404805,296
VGlut-F-300379,133,78,55,491,78,55,0.00013989674211379194,1.411460524790712e-07,2.689266290148428e-05,0.006683081252198382,109
VGlut-F-300380,360,167,193,1365,167,193,0.00043940579182930826,3.924419313751475e-07,9.684115921745517e-05,0.018089543239033213,180
VGlut-F-300382,55,31,24,208,31,24,8.587161274363927e-05,4.371667944872082e-08,1.831966025558383e-05,0.002763680217074519,53
VGlut-F-300383,124,4,120,789,4,120,3.795947247116614e-05,1.5662482461377443e-06,7.706261154146665e-06,0.006230842671222552,124
VGlut-F-300384,122,70,52,904,70,52,0.00022312658529395068,4.864674941618683e-07,2.6224944341897016e-05,0.006130345208783478,104
VGlut-F-300386,544,241,303,2920,241,303,0.003993622783964793,2.4468519742213162e-05,4.491343776008478e-05,0.027335309783427967,296
VGlut-F-300387,65,26,39,210,26,39,9.975484332834485e-05,5.2255075012858325e-08,1.2862703489600164e-05,0.003266167529269886,60
VGlut-F-300388,1396,1040,356,9690,1040,356,0.001785891777322176,4.378236151984674e-06,0.0005638314741881412,0.07014722878247324,150
VGlut-F-300389,108,45,63,651,45,63,0.00017612900054809967,9.053665773378045e-07,2.217678155993475e-05,0.005426862971709964,90
VGlut-F-300390,186,92,94,1799,92,94,0.00023443476605863696,1.8051062958684444e-06,3.942178361650239e-05,0.009346264006833827,121
VGlut-F-300391,188,93,95,847,93,95,0.00017675302544551446,2.1627311654992006e-07,5.311978837170455e-05,0.009446761469272901,99
VGlut-F-300392,875,426,449,13634,426,449,0.0067157680108527055,0.0002329006922300886,0.00017419047870054032,0.04396763981709462,331
VGlut-F-300393,364,42,322,3086,42,322,0.0002207675274383956,1.3290311760490938e-07,9.306959302887434e-06,0.018290538163911362,211
VGlut-F-300394,195,111,84,1868,111,84,0.0003869891530961258,1.8303718782285373e-06,5.5419150193334175e-05,0.009798502587809657,109
VGlut-F-300396,440,123,317,3814,123,317,0.002645758670791655,6.650193964074097e-06,2.893682644825039e-05,0.022109441736596153,231
VGlut-F-300397,254,85,169,1736,85,169,0.0013696533754308834,2.0594171936447858e-06,2.7399884399259135e-05,0.012763177729762324,199
VGlut-F-300398,530,254,276,5458,254,276,0.00355456528500035,0.0009514777743737996,3.8624875955189603e-05,0.026631827546354455,347
VGlut-F-300399,281,138,143,1318,138,143,0.0019188771603699016,1.5684631169780243e-05,3.156285127502529e-05,0.014119893472689814,216
VGlut-F-300400,167,22,145,727,22,145,0.00013532464946289984,1.3259502882403478e-07,9.554342498972048e-06,0.00839153811366263,161
VGlut-F-300401,82,46,36,270,46,36,0.0005675924940011457,2.298296206808799e-06,2.965297878102598e-05,0.00412039596000201,71
VGlut-F-300402,111,73,38,581,73,38,0.0002303947404894201,5.258007325025497e-07,2.9590323813185622e-05,0.005577609165368575,90
VGlut-F-300403,626,149,477,4394,149,477,0.003666293472308404,3.4309199533916815e-06,1.5710992280458742e-05,0.03145570574342998,352
VGlut-F-300404,53,44,9,719,44,9,8.369943380979593e-05,4.6855435395046215e-06,0.00023269619838937135,0.0026631827546354453,34
VGlut-F-300405,590,284,306,5386,284,306,0.007343414223371704,1.2779836161121434e-05,2.487790831374829e-05,0.029646751419526655,352
VGlut-F-300406,1054,696,358,13912,696,358,0.010234431661756414,0.0002190462148550088,0.00033767971016209874,0.05296216270539169,331
VGlut-F-300407,361,128,233,1800,128,233,0.000976734980827828,2.534771621843041e-06,4.100379436463947e-05,0.018139791970252752,228
VGlut-F-300408,765,550,215,3785,550,215,0.01348781789210824,1.341442190487618e-05,3.473921289234754e-05,0.03844027938294558,352
VGlut-F-300409,85,55,30,396,55,30,0.00014434390558659994,7.63788906934406e-08,3.262266550462364e-05,0.00427114215366062,72
VGlut-F-300410,885,471,414,12513,471,414,0.00697076028501931,0.0002827708211324592,0.0002005805799654546,0.04447012712928999,331
VGlut-F-300411,1047,595,452,12514,595,452,0.009386938592407423,0.0001905156237226468,0.00020783145421846783,0.05261042158685493,331
VGlut-F-300412,665,530,135,4939,530,135,0.0016451848939657099,8.883465950656439e-06,0.00024953774441613223,0.03341540626099191,148
VGlut-F-300413,347,203,144,1586,203,144,0.004604393666472044,4.7375491805603335e-06,1.884892222862536e-05,0.017436309733179237,291
VGlut-F-300414,105,87,18,455,87,18,0.0002723566659424252,1.4097950015912633e-07,5.750208359383298e-05,0.005276116778051354,86
VGlut-F-300415,208,72,136,1088,72,136,0.000194416784892254,5.627194026802771e-07,1.7674872858292325e-05,0.010451736093663636,121
VGlut-F-300416,845,58,787,5261,58,787,0.0005818528291571201,2.8932316219197443e-06,2.8672452097922266e-05,0.042460177880508515,296
VGlut-F-300417,517,245,272,3984,245,272,0.006230124186735787,2.0277280084483363e-05,2.5913199947394868e-05,0.02597859404050048,352
VGlut-F-300422,160,60,100,1222,60,100,0.0002273164974186917,1.0251903034975933e-06,3.094070051708899e-05,0.008039796995125872,109
VGlut-F-300423,472,181,291,3785,181,291,0.004434429268309922,6.358456189243828e-06,1.7681584703024386e-05,0.023717401135621326,352
VGlut-F-300424,327,148,179,1065,148,179,0.0024484829098975532,1.194899046761103e-05,3.247603333662386e-05,0.016431335108788504,239
VGlut-F-300425,381,118,263,2470,118,263,0.001462783200603902,2.094052782323351e-05,2.098078328345394e-05,0.019144766594643484,219
VGlut-F-300426,395,160,235,2573,160,235,0.003488255446464867,7.417809252153904e-06,3.509078179203951e-05,0.019848248831717,182
VGlut-F-300427,418,229,189,2176,229,189,0.0067489012084040005,1.0203154230745803e-05,2.9006479788693506e-05,0.021003969649766342,352
VGlut-F-300428,132,49,83,843,49,83,0.00020563169753072246,2.901248243711469e-07,1.978039295674541e-05,0.006632832520978845,106
VGlut-F-300429,155,85,70,847,85,70,0.0002643957399845088,7.821281961941065e-07,3.362526332714796e-05,0.007788553339028189,116
VGlut-F-300430,465,256,209,2817,256,209,0.006487605124140539,1.3535577336580466e-05,2.5931159569362714e-05,0.02336566001708457,352
VGlut-F-300431,460,150,310,4797,150,310,0.00393234657278869,6.979936891393651e-06,1.4165703919248832e-05,0.023114416360986885,352
VGlut-F-300432,228,66,162,1116,66,162,0.0006879391615252223,1.3076730495407464e-06,2.8991679866066016e-05,0.01145671071805437,187
VGlut-F-300433,207,155,52,1127,155,52,0.00036220479965641913,6.537419679767533e-07,4.579218073971227e-05,0.010401487362444098,107
VGlut-F-300435,168,135,33,735,135,33,0.00043371403973741277,6.037137822123136e-07,4.8145087688735065e-05,0.008441786844882167,110
VGlut-F-300437,480,310,170,2630,310,170,0.0004204269538316932,1.7947216150212013e-06,0.0003399236676619238,0.02411939098537762,121
VGlut-F-300438,718,379,339,4021,379,339,0.003529957536396665,0.00011186440734159459,4.851577700742046e-05,0.036078589015627355,231
VGlut-F-300439,560,214,346,2919,214,346,0.003516306634017904,3.0751671107039153e-05,3.5094381095288044e-05,0.028139289482940557,296
VGlut-F-300440,439,189,250,3069,189,250,0.004718977876030884,9.226690403984494e-06,1.66625337615445e-05,0.022059193005376614,352
VGlut-F-300441,1665,521,1144,10347,521,1144,0.003918664894804347,1.0701447271412983e-05,0.00015064698578355138,0.08366413748052862,287
VGlut-F-300442,282,198,84,1836,198,84,0.0012830903476377228,2.1761872670638945e-05,2.9459966250443325e-05,0.014170142203909351,205
VGlut-F-300443,524,200,324,4537,200,324,0.004561396022931857,6.452468227414877e-06,1.7948898856298686e-05,0.026330335159037235,352
VGlut-F-300444,454,146,308,2250,146,308,0.0018383972246251573,3.5775868386236697e-06,2.938840214994153e-05,0.022812923973669665,277
VGlut-F-300445,830,419,411,12589,419,411,0.006227716849717878,0.00017860552052951817,0.0001791242294129632,0.041706446912215464,331
VGlut-F-300446,294,228,66,1934,228,66,0.0036313484459055572,1.983295856011198e-05,5.8684286350572264e-05,0.014773126978543792,219
VGlut-F-300447,782,444,338,8345,444,338,0.00710532356045513,0.00012644697925893046,0.00013168581094533143,0.03929450781367771,331
VGlut-F-300448,116,64,52,684,64,52,0.00025269567221557606,1.1233927199125868e-06,2.8755202746360667e-05,0.005828852821466258,102
VGlut-F-300449,836,411,425,8895,411,425,0.006383553916907817,0.0001227383930960189,0.00012925606750901523,0.042007939299532684,331
VGlut-F-300450,178,114,64,1099,114,64,0.0004946600133187319,1.6854751322509195e-06,1.3807886540394663e-05,0.008944274157077534,177
VGlut-F-300451,46,41,5,94,41,5,0.0003364807818896448,2.416882003252121e-07,8.821467533357953e-06,0.0023114416360986885,46
VGlut-F-300452,85,52,33,265,52,33,0.00016992771758455872,1.666495113123983e-07,1.7005851505780112e-05,0.00427114215366062,72
VGlut-F-300457,277,227,50,1806,227,50,0.0025891859091544274,2.7558823841371954e-06,4.7666471472835423e-05,0.013918898547811668,201
VGlut-F-300458,248,127,121,1160,127,121,0.0004740877475711738,1.4962082049360121e-06,1.3552989374928065e-05,0.012461685342445104,210
VGlut-F-300459,191,49,142,615,49,142,0.0002899768807601627,1.4817487683713263e-07,1.644466099985045e-05,0.009597507662931512,148
VGlut-F-300462,277,116,161,1341,116,161,0.002711691060142309,3.959443329964034e-06,1.8118186249784108e-05,0.013918898547811668,209
VGlut-F-300463,155,82,73,442,82,73,0.001405465142644884,2.220839357647618e-05,1.2074195619974493e-05,0.007788553339028189,147
VGlut-F-300464,261,196,65,1104,196,65,0.0015752854996634524,1.5574655594110024e-06,3.076367229917557e-05,0.01311491884829908,198
VGlut-F-300465,202,136,66,862,136,66,0.0009766837494171307,3.5844575117211104e-06,1.7602594714592034e-05,0.010150243706346415,185
VGlut-F-300466,98,34,64,206,34,64,0.00043618511535426093,2.765775195444673e-07,9.173536215419726e-06,0.004924375659514597,98
VGlut-F-300468,205,165,40,874,165,40,0.0012489985703730676,1.3783614568282379e-06,2.647099236860766e-05,0.010300989900005025,188
VGlut-F-300469,266,47,219,714,47,219,0.0007186201306370895,1.9069321588075435e-06,1.0934021351667735e-05,0.013366162504396765,150
VGlut-F-300470,847,433,414,10575,433,414,0.006424385737967857,0.0001610657596807377,0.0001464523278319623,0.04256067534294759,331
VGlut-F-300471,109,28,81,632,28,81,0.00010180601549027948,2.2775057108637821e-07,1.5281719928504664e-05,0.005477111702929501,90
VGlut-F-300472,90,62,28,495,62,28,0.00019097609353612536,3.6486034158481057e-07,3.6191272047954e-05,0.004522385809758303,79
VGlut-F-300473,1236,837,399,6084,837,399,0.01644387920576379,1.550687635010375e-05,5.785359736247165e-05,0.06210743178734737,352
VGlut-F-300474,112,54,58,709,54,58,0.00015029542423893006,6.754550666659482e-07,3.2625398274331314e-05,0.005627857896588111,88
VGlut-F-300477,86,64,22,324,64,22,0.00022252701088965277,1.4041156149000032e-07,1.763676684683674e-05,0.004321390884880157,81
VGlut-F-300479,569,269,300,8726,269,300,0.003955260422431153,0.005140217456153173,3.900808280241776e-05,0.028591528063916388,348
VGlut-F-300480,576,194,382,2201,194,382,0.0021006777257941995,1.6645681198163196e-05,4.681826351977864e-05,0.028943269182453144,266
VGlut-F-300481,1167,773,394,7296,773,394,0.016813280402387193,2.7174839681214673e-05,6.959216734028518e-05,0.05864026933319934,352
VGlut-F-300486,101,77,24,402,77,24,0.0002741910571893552,1.9435279241484874e-07,2.3895427459450473e-05,0.005075121853173208,84
VGlut-F-300488,1143,1131,12,7566,1131,12,0.03618983424047237,6.855081173204867e-05,0.0006775235333658526,0.057434299783930456,352
VGlut-F-300489,66,4,62,282,4,62,8.00593521672828e-06,1.312873490624219e-09,9.33108523674355e-06,0.0033164162604894225,62
VGlut-F-300490,95,26,69,557,26,69,0.0004516227628922064,4.2641731939680446e-06,1.2011756698720333e-05,0.004773629465855987,94
VGlut-F-300491,131,114,17,544,114,17,0.0006988079057965588,6.803338325050783e-06,1.3324297630191656e-05,0.006582583789759309,128
VGlut-F-300492,948,789,159,6696,789,159,0.016429596413884105,2.6462318824757812e-05,6.810832770973826e-05,0.0476357971961208,352
VGlut-F-300494,354,215,139,3225,215,139,0.003408187459862578,2.292936485833193e-05,0.00012730857286862056,0.017788050851715993,204
VGlut-F-300495,193,164,29,1028,164,29,0.000885028552876839,5.673201760181394e-06,1.9180225824835136e-05,0.009698005125370585,163
VGlut-F-300496,98,67,31,313,67,31,0.0005192451727728018,5.320683696211385e-06,1.0053846930862654e-05,0.004924375659514597,98
VGlut-F-300497,590,431,159,3155,431,159,0.011881430779974302,1.927949227724906e-05,3.441333159971611e-05,0.029646751419526655,352
VGlut-F-300498,614,409,205,2891,409,205,0.006498566224519851,4.3225495898154836e-05,8.691040484973225e-05,0.030852720968795537,320
VGlut-F-300499,467,257,210,3006,257,210,0.006899109278936565,1.7146266432013423e-05,1.9693380452988442e-05,0.02346615747952364,352
VGlut-F-300501,492,379,113,2453,379,113,0.005880274630839584,1.9349881911352713e-05,0.00014049026723439605,0.024722375760012058,210
VGlut-F-300503,418,198,220,2933,198,220,0.005257209775794909,9.928467129848358e-06,1.795982003435287e-05,0.021003969649766342,352
VGlut-F-300504,357,310,47,1681,310,47,0.004059303067962162,1.2000344537534816e-05,0.00012204309409202213,0.017938797045374603,257
VGlut-F-300505,142,90,52,391,90,52,0.0023050140926331973,2.1150685085525773e-05,1.4242906858328659e-05,0.007135319833174212,131
VGlut-F-300506,160,71,89,1084,71,89,0.00028538868708734175,1.0786604611460465e-06,2.832739247496291e-05,0.008039796995125872,120
VGlut-F-300507,2,1,1,8,1,1,6.14636886157463e-06,1.020604424203259e-09,7.735332512824083e-06,0.00010049746243907341,2
VGlut-F-300508,53,50,3,154,50,3,5.914273359112588e-05,2.4106331371646698e-08,2.2270958831759923e-05,0.0026631827546354453,53
VGlut-F-300510,128,37,91,660,37,91,0.00012028146876216068,3.7638397405350474e-07,1.5845176438625152e-05,0.0064318375961006985,113
VGlut-F-300511,798,412,386,9672,412,386,0.006043694643939125,0.00018062131481987048,0.00014181471120473292,0.04009848751319029,331
VGlut-F-300512,80,20,60,313,20,60,0.0002133466174308983,1.865272496254855e-07,2.1667164159494284e-05,0.004019898497562936,77
VGlut-F-300513,114,49,65,516,49,65,0.0006912634829743691,2.5340950847945702e-06,1.6357123239058894e-05,0.005728355359027185,91
VGlut-F-300514,137,90,47,841,90,47,0.0003180455599153217,4.919593362609494e-07,2.489510359707544e-05,0.006884076177076529,113
VGlut-F-300515,1412,571,841,11657,571,841,0.006991380943996336,0.01756473302415896,0.00012688602865755988,0.07095120848198583,348
VGlut-F-300516,188,111,77,1510,111,77,0.0003461390615498644,1.8885103653972824e-06,5.6402441743137844e-05,0.009446761469272901,109
VGlut-F-300517,590,568,22,2424,568,22,0.014157004672551363,3.139746205968104e-05,4.458870239970897e-05,0.029646751419526655,352
VGlut-F-300518,124,96,28,488,96,28,0.00030964082288138713,2.129564868804896e-07,3.3171177679561444e-05,0.006230842671222552,92
VGlut-F-300519,73,61,12,254,61,12,0.00022478892336750362,1.9417190812633429e-07,1.9424561582872164e-05,0.0036681573790261794,68
VGlut-F-300521,151,93,58,1043,93,58,0.0002715652293674638,7.052458351763857e-07,4.265807655606019e-05,0.007587558414150043,114
VGlut-F-300522,250,207,43,1396,207,43,0.0033952689716651514,2.0335394796577328e-05,4.8890060644542605e-05,0.012562182804884177,207
VGlut-F-300523,886,512,374,10480,512,374,0.00789979697674611,0.00018336839606808035,0.00017640007899503995,0.04452037586050952,331
VGlut-F-300524,242,202,40,1142,202,40,0.0005629893026543971,8.30214959555717e-07,4.438740752256691e-05,0.012160192955127883,125
VGlut-F-300525,763,402,361,10630,402,361,0.00571249332851158,0.00020817351842285353,0.00016673269890760155,0.03833978192050651,331
VGlut-F-300526,519,36,483,2591,36,483,0.0008540226190537546,1.5756835277407184e-05,1.3963688528657767e-05,0.02607909150293955,348
VGlut-F-300527,863,454,409,15048,454,409,0.007024361316624769,0.00028052401281535163,0.00022733851257436465,0.043364655042460176,331
VGlut-F-300528,114,65,49,645,65,49,0.0001484400141754159,2.3000054223916733e-07,5.031858904354832e-05,0.005728355359027185,75
VGlut-F-300529,135,83,52,873,83,52,0.0002994621775620988,1.5255269923951128e-06,4.26478194793013e-05,0.006783578714637455,103
VGlut-F-300530,481,164,317,2359,164,317,0.002584611252009279,1.6659544368516567e-05,3.206330610608394e-05,0.024169639716597156,293
VGlut-F-300531,195,102,93,1553,102,93,0.00029637195313437375,1.5508506250877024e-06,5.297637857639948e-05,0.009798502587809657,109
VGlut-F-300532,302,130,172,2423,130,172,0.0006921413424269946,3.0343653206003546e-06,2.0870592695215716e-05,0.015175116828300085,211
VGlut-F-300533,451,186,265,3470,186,265,0.005103007641512428,1.3687761650564944e-05,1.9774096484821764e-05,0.022662177780011054,352
VGlut-F-300535,79,60,19,255,60,19,0.00019153074913347807,1.4878588563106406e-07,1.9094461959282494e-05,0.0039696497663434,73
VGlut-F-300536,118,66,52,487,66,52,0.0005022608904990306,1.2462530970698227e-06,1.5237982353962288e-05,0.0059293502839053314,103
VGlut-F-300537,80,34,46,378,34,46,7.176237057101714e-05,6.98297948840528e-08,1.4221668039504894e-05,0.004019898497562936,66
VGlut-F-300539,14,11,3,26,11,3,1.6296388971285405e-05,2.58507235456263e-09,1.2618437507568292e-05,0.0007034822370735139,14
VGlut-F-300541,78,25,53,549,25,53,9.288321124574995e-06,5.342747711207957e-09,4.23006417572902e-05,0.003919401035123863,46
VGlut-F-300542,391,212,179,2683,212,179,0.0024563308909559974,1.9248530506533264e-05,7.104156426234717e-05,0.019647253906838854,185
VGlut-F-300543,35,9,26,139,9,26,4.8276278835564586e-05,2.2379160518842425e-08,1.822080002839401e-05,0.0017587055926837848,30
VGlut-F-300544,508,214,294,4933,214,294,0.005336750760986346,1.2971500794513124e-05,2.038538921342875e-05,0.025526355459524648,352
VGlut-F-300545,135,76,59,958,76,59,0.0002675642105115306,1.1799894886378896e-06,3.437300345823755e-05,0.006783578714637455,106
VGlut-F-300546,111,67,44,555,67,44,0.0001741293936783431,1.545134630058011e-07,5.896979820982483e-05,0.005577609165368575,81
VGlut-F-300551,143,75,68,885,75,68,0.0002796993844722863,6.709016634834034e-07,3.0019893826954192e-05,0.0071855685643937494,108
VGlut-F-300552,75,63,12,218,63,12,0.0008682428161680598,3.889280730359138e-06,1.2476803450025939e-05,0.003768654841465253,75
VGlut-F-300553,1240,1074,166,9380,1074,166,0.01241729316482493,0.00013089746932326348,0.0003792211361920137,0.062308426712225515,328
VGlut-F-300554,509,198,311,5703,198,311,0.003057269779190629,0.0018739294948294162,1.7984469906650615e-05,0.025576604190744184,348
VGlut-F-300555,626,229,397,7075,229,397,0.0022887565580215264,5.712131746570225e-05,4.560416573205561e-05,0.03145570574342998,336
VGlut-F-300556,1786,553,1233,9890,553,1233,0.0017099560428824325,3.822271066196597e-06,0.00015183617045222116,0.08974423395809256,297
VGlut-F-300557,782,401,381,11534,401,381,0.006308308494036286,0.00017758861756147042,0.0001804704536850875,0.03929450781367771,331
VGlut-F-300558,920,355,565,4326,355,565,0.0072227852078362515,6.256690304374305e-06,2.5695854386049984e-05,0.04622883272197377,352
VGlut-F-300559,546,38,508,3607,38,508,0.0010591012640916416,1.6641140390121207e-06,9.510451663530473e-06,0.02743580724586704,295
VGlut-F-300560,167,120,47,879,120,47,0.00027363701272981294,9.280559953443505e-07,6.161456305458622e-05,0.00839153811366263,108
VGlut-F-300561,602,281,321,3675,281,321,0.004162188440749137,5.876270397659954e-05,5.08515781920557e-05,0.030249736194161096,296
VGlut-F-300562,1036,402,634,6740,402,634,0.006227440870689341,0.00012649314972065258,0.00011204540698474563,0.05205768554344003,352
VGlut-F-300563,166,76,90,1136,76,90,0.00023799667122701806,7.956436160905917e-07,2.4869567592976883e-05,0.008341289382443093,121
VGlut-F-300564,318,229,89,1827,229,89,0.002324543546536451,5.8777218176238906e-05,4.802177135471162e-05,0.015979096527812674,205
VGlut-F-300565,231,110,121,841,110,121,0.0014687585067721897,5.358297779806954e-06,6.0506744090218375e-05,0.01160745691171298,164
VGlut-F-300566,172,97,75,514,97,75,0.0010393885154183452,2.8283283153715463e-06,2.990949375648723e-05,0.008642781769760313,141
VGlut-F-300567,351,175,176,3006,175,176,0.0017684945252984606,9.992935560780053e-06,0.0001856538160141838,0.017637304658057382,145
VGlut-F-300568,205,94,111,1607,94,111,0.0003011912981807545,1.7008588054859825e-06,4.610244965781518e-05,0.010300989900005025,121
VGlut-F-300569,813,434,379,10919,434,379,0.006260564651012431,0.0002061555490739676,0.00018430012023655715,0.04085221848148334,331
VGlut-F-300570,272,103,169,1147,103,169,0.00012633577042069403,6.456146399086031e-08,7.707189233862454e-05,0.013667654891713983,125
VGlut-F-300571,1617,1085,532,9630,1085,532,0.003585354940090601,1.7705532865557503e-05,0.0004867143345050782,0.08125219838199085,296
VGlut-F-300572,439,166,273,3088,166,273,0.0038340164034734794,3.40490864628528e-06,1.6453451917587773e-05,0.022059193005376614,352
VGlut-F-300573,148,102,46,626,102,46,0.000572237643113617,4.598816409059666e-06,1.2331478197380768e-05,0.0074368122204914325,148
VGlut-F-300574,273,48,225,1522,48,225,0.0003481965458382626,9.540871943211435e-07,1.0790224851831548e-05,0.01371790362293352,198
VGlut-F-300575,502,200,302,4356,200,302,0.0018180625360455693,3.67560138813305e-05,3.6852977147250184e-05,0.025224863072207428,292
VGlut-F-300576,720,574,146,5136,574,146,0.009412523424007297,0.00010438481788111217,0.00015078125682496904,0.036179086478066426,331
VGlut-F-300577,319,185,134,1444,185,134,0.0014347156051146117,2.800742841188718e-06,4.0194210881119806e-05,0.01602934525903221,215
VGlut-F-300578,571,248,323,3692,248,323,0.0038436342415692003,5.2697616499779755e-05,5.660561203332465e-05,0.02869202552635546,296
VGlut-F-300579,176,89,87,1807,89,87,0.00030493636487654386,7.897537231040639e-07,3.899083487437827e-05,0.00884377669463846,121
VGlut-F-300580,542,159,383,2729,159,383,0.0022924837087447054,1.219712431473952e-05,3.444393659957911e-05,0.027234812320988896,296
VGlut-F-300581,325,67,258,1737,67,258,0.0007557313837035985,9.42048513878856e-06,1.32060401777023e-05,0.01633083764634943,269
VGlut-F-300583,518,195,323,4542,195,323,0.0048844564466502035,9.071817407553963e-06,1.8961678904520557e-05,0.026028842771720014,352
VGlut-F-300584,813,648,165,3926,648,165,0.014903555526043897,4.019325298275339e-05,0.00032227267098845547,0.04085221848148334,352
VGlut-F-300585,618,15,603,2255,15,603,0.00024259497491570646,5.0808258795606935e-06,1.0101979572451449e-05,0.031053715893673686,348
VGlut-F-300586,1027,799,228,4859,799,228,0.02179061594442404,2.5282851492647146e-05,5.722862581295445e-05,0.0516054469624642,352
VGlut-F-300587,191,114,77,875,114,77,0.0018291689509406228,7.176995911307195e-06,2.748372021713791e-05,0.009597507662931512,142
VGlut-F-300588,162,72,90,983,72,90,0.0002044517430992882,1.3916911492683933e-06,3.0334457421114415e-05,0.008140294457564947,118
VGlut-F-300589,507,261,246,3497,261,246,0.007122887411226749,8.771999765613654e-06,2.7127858025597932e-05,0.02547610672830511,352
VGlut-F-300590,501,415,86,3075,415,86,0.004986765081344098,0.0006044336918428092,9.594231127643106e-05,0.02517461434098789,241
VGlut-F-300591,1009,248,761,7399,248,761,0.0035666170907615283,0.00011440124003901352,7.628254036030286e-05,0.05070096980051254,352
VGlut-F-300592,815,590,225,4647,590,225,0.013354962900482268,2.0690466032539663e-05,4.5238265325949765e-05,0.04095271594392241,352
VGlut-F-300593,516,291,225,2700,291,225,0.004993925551600688,4.2734435860427985e-05,4.972450985478723e-05,0.02592834530928094,296
VGlut-F-300595,826,423,403,11174,423,403,0.006031837641155002,0.00018716858105567518,0.00018408469999751343,0.04150545198733732,331
VGlut-F-300596,394,328,66,2120,328,66,0.0018551204311008348,1.659145997025651e-05,5.5174256746216264e-05,0.019798000100497464,211
VGlut-F-300597,268,31,237,1244,31,237,0.0018526180125979083,1.7038690319884825e-06,8.930452327471966e-06,0.013466659966835838,191
VGlut-F-300598,487,260,227,3167,260,227,0.006913937544005519,1.3781083127860073e-05,2.546685956289996e-05,0.024471132103914377,352
VGlut-F-300599,522,156,366,7626,156,366,0.002340377801918309,8.88952829231559e-05,4.718106623682113e-05,0.02622983769659816,309
VGlut-F-300600,186,75,111,1173,75,111,0.000265017370220072,1.0928607362336526e-06,3.4899839440767344e-05,0.009346264006833827,109
VGlut-F-300601,503,257,246,4183,257,246,0.006870596438777832,1.5292876887060822e-05,2.7245321813780876e-05,0.025275111803426963,352
VGlut-F-300602,740,272,468,3943,272,468,0.0009280696354353055,3.919400184243256e-06,0.00015079735091186726,0.037184061102457165,185
VGlut-F-300603,1789,1084,705,9533,1084,705,0.004854733309708988,1.946018436248388e-05,0.0002549188174799523,0.08989498015175117,245
VGlut-F-300604,863,425,438,11135,425,438,0.006197470506293032,0.00021015892529461394,0.00015935063968524783,0.043364655042460176,331
VGlut-F-300605,270,29,241,3072,29,241,0.0002552992880383932,4.4007029938264716e-07,9.138507857877274e-06,0.01356715742927491,246
VGlut-F-300606,928,497,431,15276,497,431,0.00751641951701358,0.00026253568557272754,0.00021434363879986002,0.04663082257173006,331
VGlut-F-300607,139,78,61,844,78,61,0.00023897740463687097,7.48700054602302e-07,2.9652317681959877e-05,0.006984573639515602,110
VGlut-F-300608,383,254,129,1689,254,129,0.003564407438688479,1.6915064953747235e-05,0.00010480927084851991,0.01924526405708256,252
VGlut-F-300609,437,188,249,3303,188,249,0.00520324427695528,1.5104201468045409e-05,2.0575736911286307e-05,0.021958695542937542,352
VGlut-F-300610,509,189,320,4688,189,320,0.004834319574670537,5.763298448555842e-06,1.8707216724400327e-05,0.025576604190744184,352
VGlut-F-300612,70,37,33,231,37,33,9.733209456582964e-05,5.051442047874759e-07,1.5063901254485634e-05,0.0035174111853675696,67
VGlut-F-300613,1070,689,381,13768,689,381,0.010306587048806045,0.0002916043595186576,0.00026846036100482026,0.05376614240490428,331
VGlut-F-300614,942,626,316,11743,626,316,0.00973650903075878,0.00017330854036259357,0.0002285742554600843,0.04733430480880358,331
VGlut-F-300615,833,333,500,5193,333,500,0.005056248825797317,0.00010501477842253919,0.00012913924991435254,0.041857193105874074,352
VGlut-F-300616,441,215,226,3597,215,226,0.005664975396005235,2.3791727602141294e-05,2.5213637607371355e-05,0.022159690467815688,352
VGlut-F-300617,545,218,327,3331,218,327,0.0030075503035463655,2.713765247496513e-05,7.065383669209509e-05,0.027385558514647506,296
VGlut-F-300618,156,56,100,840,56,100,0.0009069324879470038,2.790287509871032e-06,1.8340490551583597e-05,0.007838802070247727,150
VGlut-F-300619,140,59,81,905,59,81,0.00016778630197155603,6.810022309543666e-07,2.652981528070521e-05,0.007034822370735139,111
VGlut-F-300620,416,154,262,1841,154,262,0.001477814783990518,1.6828230527371658e-06,2.7898166285910947e-05,0.02090347218732727,208
VGlut-F-300621,850,421,429,10920,421,429,0.0063660202818488915,0.00016148835200882435,0.00014570868372357253,0.0427114215366062,331
VGlut-F-300622,159,114,45,857,114,45,0.0005616978940992621,4.259475398975968e-06,1.3154593234561065e-05,0.007989548263906337,159
VGlut-F-300623,369,297,72,1663,297,72,0.001468721584082501,1.3316940479598512e-05,4.478309447714013e-05,0.018541781820009044,205
VGlut-F-300624,556,231,325,6321,231,325,0.0033990462546558114,0.0013952135257717087,2.8636086065516464e-05,0.027938294558062408,348
VGlut-F-300626,901,491,410,13082,491,410,0.007917966429474996,0.0002513802491855953,0.00025052403682053974,0.04527410682880257,331
VGlut-F-300627,262,106,156,1723,106,156,0.0008909615834544429,5.007612066503911e-06,1.2865408594846674e-05,0.013165167579518617,205
VGlut-F-300628,423,174,249,5251,174,249,0.0013114316018690887,3.4587846318197177e-05,2.3744863519709664e-05,0.021255213305864027,269
VGlut-F-300629,231,166,65,1236,166,65,0.0006220763775202396,1.889682578774639e-06,2.0803536956785856e-05,0.01160745691171298,180
VGlut-F-300630,16,2,14,38,2,14,7.951417908537617e-06,1.2890834503211549e-09,1.1411370935438926e-05,0.0008039796995125873,16
VGlut-F-300631,22,12,10,88,12,10,2.478873358921988e-05,2.2462220537298638e-08,1.3992805708196856e-05,0.0011054720868298076,22
VGlut-F-300634,463,195,268,3621,195,268,0.005011212699841997,1.1591028236529757e-05,1.901849361058345e-05,0.023265162554645495,352
VGlut-F-300635,309,233,76,1537,233,76,0.000891128992279671,2.1073895779281157e-06,2.7622017436114555e-05,0.015526857946836843,204
VGlut-F-300636,188,112,76,1327,112,76,0.0006208840228031856,3.794362287011075e-06,1.3983182646461094e-05,0.009446761469272901,185
VGlut-F-300637,334,282,52,2841,282,52,0.003057875523509272,0.000179700337023687,6.240984794092196e-05,0.01678307622732526,209
VGlut-F-300638,793,423,370,8830,423,370,0.00629858609933737,0.00013496540224673415,0.0001338638159056334,0.03984724385709261,331
VGlut-F-300639,733,370,363,6708,370,363,0.005219148678396449,0.0032727765242092683,3.466867319911418e-05,0.036832319983920406,348
VGlut-F-300640,513,193,320,4312,193,320,0.004526072448776808,5.975983871813954e-06,1.8074210279671737e-05,0.02577759911562233,352
VGlut-F-300641,315,235,80,1402,235,80,0.0012314241013027037,4.417660392575614e-06,3.203501084337086e-05,0.015828350334154064,202
VGlut-F-300642,186,143,43,916,143,43,0.0009977427239366457,6.516151198661415e-07,2.030162180657271e-05,0.009346264006833827,177
VGlut-F-300644,823,436,387,10851,436,387,0.006125556505939656,0.00014274939195898777,0.00016582819620905207,0.04135470579367871,331
VGlut-F-300645,801,455,346,11992,455,346,0.006863162556762825,0.00023722126609668532,0.00022187954588898383,0.0402492337068489,331
VGlut-F-300646,300,254,46,1365,254,46,0.0012275400326484302,8.573898342032525e-06,4.060358777109348e-05,0.015074619365861013,188
VGlut-F-300647,911,581,330,10107,581,330,0.009028550920338429,0.00018850103627884393,0.00021453846189125648,0.04577659414099794,331
VGlut-F-300648,481,258,223,3183,258,223,0.006558784898898654,1.0665839298418032e-05,2.3773188656717714e-05,0.024169639716597156,352
VGlut-F-300649,472,192,280,3929,192,280,0.004912737208499964,9.9209018317134e-06,1.856293555710464e-05,0.023717401135621326,352
VGlut-F-300650,133,122,11,358,122,11,0.0028963962252722894,1.7610757404889897e-05,1.4553014808887018e-05,0.006683081252198382,131
VGlut-F-300651,490,213,277,2008,213,277,0.005671003171666827,9.785274595311669e-06,3.821988069276709e-05,0.024621878297572987,326
VGlut-F-300652,566,230,336,5489,230,336,0.0055238116350351165,6.757060397993082e-06,1.861256805484397e-05,0.028440781870257777,352
VGlut-F-300653,507,181,326,4246,181,326,0.004941076399133358,7.087755976969034e-06,1.794071006440399e-05,0.02547610672830511,352
VGlut-F-300654,480,183,297,3946,183,297,0.004694030529165597,5.3784889139356065e-06,1.6222922046495997e-05,0.02411939098537762,352
VGlut-F-300655,127,65,62,431,65,62,0.00029400272014255553,4.7025254103836135e-07,9.9772593187634e-06,0.006381588864881162,123
VGlut-F-300656,920,556,364,11348,556,364,0.007878277209386412,0.00021862678873992773,0.0002360423239800377,0.04622883272197377,331
VGlut-F-300657,516,192,324,4599,192,324,0.004758644200773493,1.5025216738569174e-05,1.8654305355306837e-05,0.02592834530928094,352
VGlut-F-300658,201,119,82,1759,119,82,0.0003702507533635282,2.1002285956283594e-06,5.6452081905893174e-05,0.010099994975126878,109
VGlut-F-300659,744,500,244,14380,500,244,0.006125436894644458,0.029763946217814644,0.00016642734220249694,0.03738505602733531,348
VGlut-F-400000,307,202,105,2007,202,105,0.0010110236786051818,7.052210425107405e-06,2.1059371473593774e-05,0.015426360484397768,211
VGlut-F-400001,369,208,161,2975,208,161,0.0043659811295497335,4.100748265921789e-05,5.390101916731422e-05,0.018541781820009044,274
VGlut-F-400002,757,393,364,9298,393,364,0.005713886222887065,0.00016533056075990126,0.00013533096878650912,0.03803828953318929,331
VGlut-F-400005,268,129,139,1068,129,139,0.0007725011329901959,2.8791358873051664e-06,2.5821346077285643e-05,0.013466659966835838,209
VGlut-F-400008,609,487,122,4124,487,122,0.004323190732500462,5.279003147284588e-05,0.00016000621278045756,0.030601477312697856,225
VGlut-F-400009,462,114,348,2574,114,348,0.0003727212164587613,6.828483370102842e-07,1.9700969462954533e-05,0.02321491382342596,156
VGlut-F-400010,102,50,52,382,50,52,0.00015159204286022685,1.2874327997072976e-07,1.5367602539655767e-05,0.005125370584392744,84
VGlut-F-400011,207,50,157,1433,50,157,0.0007856467608769147,5.4568426397580405e-06,1.1666203478843766e-05,0.010401487362444098,192
VGlut-F-400012,75,28,47,242,28,47,5.720237985944807e-05,2.931809852863827e-08,9.475125618678803e-06,0.003768654841465253,74
VGlut-F-400013,2106,1473,633,17919,1473,633,0.002484741086673253,7.175689937810432e-06,0.0008536554731569518,0.1058238279483443,229
VGlut-F-400014,626,235,391,3871,235,391,0.005567397749871994,4.477638134569304e-05,3.684124828413478e-05,0.03145570574342998,245
VGlut-F-400015,878,738,140,3778,738,140,0.01087841984189758,0.0011477038532574952,0.00020227905512243646,0.04411838601075323,331
VGlut-F-400017,421,283,138,2462,283,138,0.004193036814896656,3.130117006826511e-05,8.865718106759331e-05,0.021154715843424952,287
VGlut-F-400020,15,13,2,67,13,2,3.599492952432034e-05,2.9549355453157306e-08,1.3399852981255256e-05,0.0007537309682930506,15
VGlut-F-400021,705,466,239,4316,466,239,0.01274374039204336,2.8454874125903045e-05,5.0402241224469086e-05,0.035425355509773375,352
VGlut-F-400022,167,117,50,703,117,50,0.00039366842361259293,6.121150813267597e-07,4.1370456708986485e-05,0.00839153811366263,109
VGlut-F-400023,260,205,55,1476,205,55,0.0009729093364748189,5.873499060852818e-06,2.9624313063472423e-05,0.013064670117079544,193
VGlut-F-400024,190,123,67,1173,123,67,0.0009478365773397773,8.809469356062484e-07,1.947206731829694e-05,0.009547258931711974,177
VGlut-F-400025,114,8,106,425,8,106,0.00013588485697435567,2.982497062959326e-07,1.1782658216880235e-05,0.005728355359027185,111
VGlut-F-400027,170,29,141,705,29,141,9.803625002863965e-05,1.3957015952906662e-07,1.2665385301108032e-05,0.00854228430732124,138
VGlut-F-400028,168,108,60,687,108,60,0.0015383136001985978,0.0010242379670504414,1.5090848877668387e-05,0.008441786844882167,158
VGlut-F-400031,179,169,10,1656,169,10,0.000475198685198639,4.926349815962659e-06,9.061258566830323e-05,0.008994522888297071,102
VGlut-F-400034,293,131,162,1267,131,162,0.0011905767806753393,2.1856323283558515e-06,2.43612495951726e-05,0.014722878247324255,211
VGlut-F-400035,249,115,134,785,115,134,0.0005104369853995876,3.2831128045317543e-07,2.7967104461789244e-05,0.01251193407366464,150
VGlut-F-400036,523,293,230,2755,293,230,0.0033619743075622662,1.0246901848353519e-05,0.00010357462464477568,0.0262800864278177,244
VGlut-F-400037,148,109,39,581,109,39,0.0003589905636601814,3.316817089448995e-07,3.749229354889541e-05,0.0074368122204914325,107
VGlut-F-400038,97,49,48,525,49,48,0.00020201031518780248,2.0709291862488107e-07,2.458266248739627e-05,0.004874126928295061,81
VGlut-F-400041,714,421,293,6965,421,293,0.0012330656255904672,1.158637237647857e-05,0.0002852660697711438,0.035877594090749206,150
VGlut-F-400042,269,239,30,1229,239,30,0.003367176024719147,5.633776353427113e-05,4.983987052095539e-05,0.013516908698055373,202
VGlut-F-400043,449,52,397,2877,52,397,0.0002651266458351944,4.3782968839427857e-07,3.5047631228311976e-05,0.02256168031757198,245
VGlut-F-400044,628,208,420,4104,208,420,0.002195423497191449,4.235917741886015e-05,3.317216227477165e-05,0.03155620320586905,241
VGlut-F-400045,532,248,284,3976,248,284,0.00581480039455297,7.790440977557489e-06,2.5570841694554814e-05,0.02673232500879353,352
VGlut-F-400046,93,19,74,615,19,74,0.00010135884859792429,1.374841213866596e-07,1.035321274516578e-05,0.0046731320034169134,72
VGlut-F-400047,97,52,45,584,52,45,0.00018078659006467377,1.6728588902813783e-07,3.422613633299464e-05,0.004874126928295061,72
VGlut-F-400048,670,116,554,3750,116,554,0.0011786280359735745,3.0672104743038875e-05,1.6669405867165996e-05,0.03366664991708959,308
VGlut-F-400050,1620,1200,420,7890,1200,420,0.03262891121719359,3.424560510280623e-05,9.184903109767724e-05,0.08140294457564946,352
VGlut-F-400051,108,67,41,366,67,41,0.0002464329919369081,1.5555234748662938e-07,1.8490477652968574e-05,0.005426862971709964,89
VGlut-F-400052,124,43,81,467,43,81,8.368779494835816e-05,4.200103501391088e-08,3.5112625383284294e-05,0.006230842671222552,91
VGlut-F-400053,112,69,43,345,69,43,0.0011118917238050357,4.481727289118585e-06,1.1015856633844197e-05,0.005627857896588111,111
VGlut-F-400054,490,184,306,3927,184,306,0.0048510641437838255,8.518596212008666e-06,1.914792247592821e-05,0.024621878297572987,352
VGlut-F-400055,203,146,57,1243,146,57,0.0013314724916677176,1.2745863311444063e-06,2.3373629523880563e-05,0.01020049243756595,188
VGlut-F-400056,980,474,506,9807,474,506,0.007112968381417141,0.0001576359928682361,0.0001702043155171258,0.049243756595145974,331
VGlut-F-400058,286,162,124,1586,162,124,0.004372892049958376,2.0680213474301196e-05,4.4664168634526154e-05,0.014371137128787499,211
VGlut-F-400059,228,97,131,1502,97,131,0.0004639912153043303,4.821053869937339e-06,1.2451632318965756e-05,0.01145671071805437,202
VGlut-F-400060,74,21,53,241,21,53,7.378654256338875e-05,1.212795226874422e-07,9.6314577736159e-06,0.0037184061102457163,74
VGlut-F-400062,592,159,433,4044,159,433,0.0030051093498846757,4.887061870080147e-05,3.4132407647159455e-05,0.02974724888196573,290
VGlut-F-400063,1271,948,323,7414,948,323,0.023200311682906174,4.689601589645959e-05,0.00013740037383880446,0.06386613738003115,352
VGlut-F-400064,470,268,202,2621,268,202,0.010675511437675946,0.0002536865466362961,6.32430974096187e-05,0.02361690367318225,248
VGlut-F-400066,193,55,138,1117,55,138,0.0005870427014506485,6.631123889499796e-06,1.5530010049517424e-05,0.009698005125370585,102
VGlut-F-400067,323,297,26,1753,297,26,0.002007106036391362,5.987846319024517e-05,3.4353414884816885e-05,0.016230340183910355,210
VGlut-F-400068,566,361,205,2783,361,205,0.005628950017491989,0.0001271783922792172,7.53370835981528e-05,0.028440781870257777,278
VGlut-F-400070,60,2,58,383,2,58,4.075714169605517e-05,5.5286040024627836e-08,7.680210220220698e-06,0.0030149238731722026,56
VGlut-F-400071,691,420,271,6020,420,271,0.005411149950125633,0.0030427378303923293,7.270350499726712e-05,0.03472187327269986,348
VGlut-F-400072,848,451,397,7948,451,397,0.006968574131136165,0.00015985653503834186,0.0001218185626731071,0.042610924074167125,331
VGlut-F-400074,829,518,311,6554,518,311,0.014030262739064273,3.222888564177998e-05,4.988617795805618e-05,0.04165619818099593,352
VGlut-F-400075,254,30,224,928,30,224,0.0004803996345721232,9.510944963237121e-07,1.0257839444668765e-05,0.012763177729762324,191
VGlut-F-400077,980,469,511,15833,469,511,0.006843430956622904,0.00021755031715615583,0.0002496734548990816,0.049243756595145974,331
VGlut-F-400078,243,170,73,2624,170,73,0.0002867162489672935,1.5905740622720028e-06,0.00013346890059975897,0.01221044168634742,121
VGlut-F-400079,102,59,43,444,59,43,0.00022750422078637582,1.301814911718889e-07,2.614764677615915e-05,0.005125370584392744,82
VGlut-F-400081,97,68,29,547,68,29,0.0002144457951601012,3.347196593762553e-07,4.506641724280966e-05,0.004874126928295061,69
VGlut-F-400082,124,104,20,721,104,20,8.439876212973137e-05,7.834516498316691e-08,0.0002001063341694642,0.006230842671222552,71
VGlut-F-400083,120,67,53,560,67,53,0.0005561693250441426,7.2181244353032465e-06,1.8474923456213397e-05,0.006029847746344405,98
VGlut-F-400085,529,51,478,2980,51,478,0.0008362407463535133,4.184823227227026e-06,1.571591067313173e-05,0.02658157881513492,266
VGlut-F-400086,316,168,148,2065,168,148,0.0008605864571642617,7.137875364784299e-06,1.6706070114058845e-05,0.0158785990653736,211
VGlut-F-400087,615,228,387,4503,228,387,0.005851331278614371,1.3913586264922505e-05,2.1793658850941597e-05,0.030902969700015076,352
VGlut-F-400088,565,248,317,4167,248,317,0.006144534164043103,1.0975637258204374e-05,2.2186958671329913e-05,0.02839053313903824,352
VGlut-F-400089,1141,41,1100,8452,41,1100,0.0003715687699795682,6.294133809510747e-07,1.7006936012752213e-05,0.057333802321491385,301
VGlut-F-400090,441,54,387,2340,54,387,0.0005808848513577705,9.950112226733665e-06,2.488944896187235e-05,0.022159690467815688,241
VGlut-F-400091,48,29,19,321,29,19,9.007731755854971e-05,1.1224402335957194e-07,2.484292677331547e-05,0.002411939098537762,47
VGlut-F-400092,98,24,74,493,24,74,0.0002237946073575989,1.6420455787978037e-07,1.1280918678979271e-05,0.004924375659514597,79
VGlut-F-400093,392,157,235,1920,157,235,0.0013249838248819816,2.84063882283382e-06,2.513845111691414e-05,0.01969750263805839,209
VGlut-F-400094,91,65,26,686,65,26,0.00014522618444062516,1.4355523294347584e-07,8.438810398428176e-05,0.0045726345409778405,64
VGlut-F-400096,253,129,124,1797,129,124,0.0008843025980852346,7.251124794191901e-06,1.3325036809422554e-05,0.012712928998542787,205
VGlut-F-400098,95,39,56,426,39,56,0.0003369108130517233,5.749222369181753e-07,1.0109500277622721e-05,0.004773629465855987,90
VGlut-F-400099,76,29,47,292,29,47,7.325775292807618e-05,1.5979322051129244e-07,1.7448498952404658e-05,0.0038189035726847896,67
VGlut-F-400100,276,110,166,1448,110,166,0.0021710607722318104,5.913732837950778e-06,2.593550676403787e-05,0.013868649816592131,205
VGlut-F-400102,174,45,129,607,45,129,0.0007126822113481242,9.447636116763285e-07,1.033492866497974e-05,0.008743279232199388,136
VGlut-F-400103,164,109,55,721,109,55,0.0011670383526363876,1.0728611900408758e-05,2.104657538292258e-05,0.00824079192000402,160
VGlut-F-400104,633,336,297,6964,336,297,0.004994612812615496,0.002414772293783052,3.15724370943203e-05,0.03180744686196674,348
VGlut-F-400105,77,4,73,296,4,73,3.213988645101992e-05,9.245647883462111e-09,8.284247625411847e-06,0.0038691523039043265,70
VGlut-F-400107,2,1,1,2,1,1,3.024945941810685e-08,7.093057593285974e-13,7.638826616086355e-06,0.00010049746243907341,2
VGlut-F-400108,68,44,24,304,44,24,0.00013637038142834057,1.1631178100524378e-07,1.5443397947437238e-05,0.003416913722928496,65
VGlut-F-400111,168,88,80,825,88,80,0.0009344373831284871,8.477543746859472e-06,1.259363358530901e-05,0.008441786844882167,167
VGlut-F-400112,168,18,150,702,18,150,0.00016021206727487723,6.67541655419112e-06,1.0437970428994529e-05,0.008441786844882167,163
VGlut-F-400113,220,86,134,1289,86,134,0.00032317847521454873,4.122886826603525e-07,5.180071001965517e-05,0.011054720868298076,148
VGlut-F-400114,897,588,309,6552,588,309,0.007854871504620312,0.006981359642727214,6.932049196503756e-05,0.04507311190392443,348
VGlut-F-400115,405,61,344,1373,61,344,0.00046340054438442473,7.471992444344255e-07,9.94519431194461e-06,0.020350736143912366,187
VGlut-F-400116,458,192,266,3657,192,266,0.005582996379475746,1.8174686858874043e-05,2.2106977326446438e-05,0.02301391889854781,352
VGlut-F-400117,199,171,28,882,171,28,0.002739698887402972,1.0883914954522046e-05,3.8089819490926636e-05,0.009999497512687805,175
VGlut-F-400118,625,194,431,2677,194,431,0.005196704685854422,0.00027339519024065895,3.804668560863269e-05,0.03140545701221044,348
VGlut-F-400119,432,185,247,1927,185,247,0.0006554231125310445,1.4103457453951372e-06,3.2052392503153674e-05,0.021707451886839858,182
VGlut-F-400120,461,227,234,2841,227,234,0.006249023524527829,2.0688265472646303e-05,2.3852194047779725e-05,0.02316466509220642,352
VGlut-F-400121,210,150,60,962,150,60,0.0012471759760707888,0.00016090544726092215,2.9029030974428835e-05,0.010552233556102708,181
VGlut-F-400123,7,6,1,17,6,1,2.3558674897020808e-05,1.0217329299662602e-08,8.359007519287177e-06,0.00035174111853675694,7
VGlut-F-400124,68,43,25,255,43,25,0.00016685016512827048,9.135582741741147e-08,1.4464441898931956e-05,0.003416913722928496,64
VGlut-F-400125,54,38,16,212,38,16,0.00018838153278214137,2.027857243381077e-07,1.4899606665535605e-05,0.002713431485854982,54
VGlut-F-400127,177,114,63,764,114,63,0.0019034158737366701,4.194677825973585e-06,2.099538416056086e-05,0.008894025425857996,173
VGlut-F-400128,507,187,320,2989,187,320,0.0026640370323663285,1.73612560979741e-05,2.7806894552525683e-05,0.02547610672830511,236
VGlut-F-400130,78,4,74,331,4,74,5.267071621562193e-06,1.97107854391038e-09,7.809855701347124e-06,0.003919401035123863,68
VGlut-F-400131,285,120,165,968,120,165,0.0015500714024367112,5.6175113173266755e-06,5.572249865624548e-05,0.014320888397567962,231
VGlut-F-400132,789,388,401,7500,388,401,0.005831162175202175,7.545229140093749e-05,9.307791665250556e-05,0.03964624893221446,331
VGlut-F-400133,628,437,191,3991,437,191,0.004572841984203392,3.9560639738557465e-05,0.0001587875397336847,0.03155620320586905,239
VGlut-F-400134,295,216,79,1458,216,79,0.003230548252073807,4.147213295733116e-06,2.967976672503855e-05,0.014823375709763328,205
VGlut-F-400136,300,201,99,1963,201,99,0.0021594231432763397,5.018303153176011e-06,3.239044235662077e-05,0.015074619365861013,202
VGlut-F-400137,75,62,13,305,62,13,0.00039453133224831056,9.273844922018246e-06,2.147942889273156e-05,0.003768654841465253,73
VGlut-F-400138,297,236,61,2024,236,61,0.001119922202337917,1.0911188510045707e-05,3.4789678632413734e-05,0.014923873172202402,197
VGlut-F-400139,189,107,82,890,107,82,0.0005078722210641678,5.556667197387016e-06,1.897813799366546e-05,0.009497010200492437,131
VGlut-F-400140,19,15,4,88,15,4,5.788074084775441e-05,5.1111117036477693e-08,2.4312070445665303e-05,0.0009547258931711974,18
VGlut-F-400141,211,100,111,662,100,111,0.0005639103126816892,5.404200319627316e-07,1.3889689020243816e-05,0.010602482287322246,157
VGlut-F-400142,233,125,108,1107,125,108,0.0004660303086133266,3.4332240385717144e-06,2.3365003580235295e-05,0.011707954374152053,148
VGlut-F-400143,16,13,3,60,13,3,1.2824767657216912e-05,2.4242196148587624e-09,2.076976562078852e-05,0.0008039796995125873,16
VGlut-F-400149,315,61,254,878,61,254,0.0007369625906659158,5.4363843825679115e-06,1.0663240028361829e-05,0.015828350334154064,176
VGlut-F-400151,215,84,131,1355,84,131,0.0005811590048445395,3.962302231337822e-06,1.1066706148889034e-05,0.010803477212200392,205
VGlut-F-400153,81,50,31,372,50,31,0.0004091336068379539,2.211540247389372e-06,2.125740805056592e-05,0.0040701472287824735,71
VGlut-F-400155,88,58,30,433,58,30,0.0002535772216390394,2.8968500837855977e-07,1.9857461126509193e-05,0.00442188834731923,79
VGlut-F-400158,472,230,242,3610,230,242,0.003725983187684141,3.178376704601101e-05,3.684143337013459e-05,0.023717401135621326,311
VGlut-F-400159,141,89,52,873,89,52,0.00026198174191099303,7.287945867870177e-07,4.285045581146023e-05,0.007085071101954676,106
VGlut-F-400160,169,138,31,760,138,31,0.0010104902936708148,9.846466022036489e-06,2.294594382311208e-05,0.008492035576101703,163
VGlut-F-400162,95,72,23,394,72,23,0.00026544773396073196,1.9731279333435318e-07,2.9168066902458277e-05,0.004773629465855987,81
VGlut-F-400164,267,82,185,2124,82,185,0.0001440821947743187,8.834783289736098e-08,3.195278155753492e-05,0.0134164112356163,121
VGlut-F-400165,256,94,162,1687,94,162,0.0005658519704476591,1.3734605354724548e-06,1.2964772248452693e-05,0.012863675192201397,211
VGlut-F-400167,291,196,95,1941,196,95,0.0012389192720515896,1.2991640974253446e-05,2.201094624181557e-05,0.014622380784885182,205
VGlut-F-400168,126,62,64,412,62,64,0.0002762988555636067,4.432171163419132e-06,1.028618545435571e-05,0.006331340133661625,122
VGlut-F-400169,510,272,238,2244,272,238,0.007962044514318806,7.180551092810182e-05,3.9724201273506855e-05,0.02562685292196372,261
VGlut-F-400170,418,167,251,2859,167,251,0.0026456184153803297,7.315352109692553e-05,3.1729164975227124e-05,0.021003969649766342,212
VGlut-F-400171,176,131,45,872,131,45,0.0011871980093829148,1.0126858605102766e-05,2.3364172242027978e-05,0.00884377669463846,166
VGlut-F-400172,377,215,162,3269,215,162,0.0014163526914627623,2.172837035026456e-05,2.7167538069198032e-05,0.01894377166976534,215
VGlut-F-400174,162,132,30,1964,132,30,5.8713142142104394e-05,4.1826947570183035e-08,0.0003445653312720334,0.008140294457564947,68
VGlut-F-400175,57,35,22,196,35,22,0.00015000461683399317,1.7913341850468814e-07,1.6714381137171722e-05,0.0028641776795135924,51
VGlut-F-400176,244,108,136,1325,108,136,0.000502314457400886,3.6837227474072382e-06,1.2595277048382361e-05,0.012260690417566956,203
VGlut-F-400177,221,189,32,1089,189,32,0.003908668144068467,1.4697404812681115e-05,4.760020549536308e-05,0.011104969599517612,197
VGlut-F-400178,335,186,149,2027,186,149,0.0012876293060521625,9.902263871462111e-06,2.0313884378324245e-05,0.016833324958544796,205
VGlut-F-400179,323,144,179,1287,144,179,0.0018664907927812143,2.4620959207396475e-06,2.2577072495828196e-05,0.016230340183910355,248
VGlut-F-400180,274,239,35,2207,239,35,0.003973870537323151,2.114100689621506e-05,0.00011046048569770967,0.013768152354153058,216
VGlut-F-400182,374,297,77,2158,297,77,0.0025361505255238675,0.00022877434377241145,0.00018291107426699526,0.01879302547610673,201
VGlut-F-400183,226,96,130,967,96,130,0.0017601872270420122,2.019026008170402e-05,1.5621285701228932e-05,0.011356213255615295,192
VGlut-F-400184,812,552,260,6457,552,260,0.007396147323240539,0.006734274860100036,5.840946004577362e-05,0.0408019697502638,348
VGlut-F-400186,712,397,315,7095,397,315,0.0051159541217588285,0.007091752258293434,4.862586744084266e-05,0.035777096628310134,348
VGlut-F-400188,278,227,51,1297,227,51,0.0036376286835247086,9.844359620428967e-06,6.910260674487304e-05,0.013969147279031204,205
VGlut-F-400189,108,76,32,623,76,32,0.0003419110114648901,2.8061745744571395e-07,3.201557349137485e-05,0.005426862971709964,91
VGlut-F-400192,932,762,170,6906,762,170,0.016308306896382564,5.5568436328338586e-05,7.940373453737598e-05,0.04683181749660821,352
VGlut-F-400193,366,171,195,1694,171,195,0.002605736354521898,2.313843781559677e-05,4.079747771390913e-05,0.018391035626350433,266
VGlut-F-400194,424,316,108,3636,316,108,0.008013508790620906,0.00022786539170347673,7.845983025933854e-05,0.021305462037083563,297
VGlut-F-400195,269,111,158,1065,111,158,0.0008298037451094003,8.567833411968973e-06,1.6491744603701944e-05,0.013516908698055373,205
VGlut-F-400197,221,67,154,1498,67,154,0.0012235092630897176,1.2381638134605189e-06,1.7077791930795e-05,0.011104969599517612,197
VGlut-F-400198,1210,1000,210,7012,1000,210,0.025268759328825992,4.267716002945296e-05,9.63009761081413e-05,0.06080096477563941,352
VGlut-F-400202,159,87,72,664,87,72,0.0003080265998472441,3.296393255437218e-07,2.8765920174227914e-05,0.007989548263906337,120
VGlut-F-400203,1009,511,498,3551,511,498,0.012539299314217388,2.508478120589809e-05,3.6903457002543924e-05,0.05070096980051254,349
VGlut-F-400204,503,280,223,2774,280,223,0.0033514702491192427,6.15585209129591e-05,3.752281160507635e-05,0.025275111803426963,298
VGlut-F-400206,548,425,123,5391,425,123,0.015400904404739714,0.0003298448565200024,0.00010985664252066557,0.027536304708306116,339
VGlut-F-400207,136,65,71,578,65,71,0.001088660443967754,0.00019911155386289855,1.0119995170889555e-05,0.006833827445856992,133
VGlut-F-400208,813,456,357,11792,456,357,0.006995152358544856,0.00021336748475171745,0.00020595790960027354,0.04085221848148334,331
VGlut-F-400209,385,317,68,1784,317,68,0.003954588772703611,1.2246498612849322e-05,5.857213970408105e-05,0.019345761519521634,207
VGlut-F-400212,79,48,31,423,48,31,0.0002314566549450876,2.3824518295549472e-07,1.5722356445580926e-05,0.0039696497663434,74
VGlut-F-400213,217,195,22,1113,195,22,0.0016163990919403006,1.5300363118175694e-06,4.5329432080976256e-05,0.010903974674639466,187
VGlut-F-400214,456,216,240,2613,216,240,0.0035433146455383317,2.989676160636156e-05,6.419021976501789e-05,0.02291342143610874,298
VGlut-F-400215,176,100,76,719,100,76,0.00033578754439647006,3.5499247881028174e-07,4.774560838860282e-05,0.00884377669463846,102
VGlut-F-400217,262,200,62,1434,200,62,0.0033002725907548226,1.0657013214894636e-05,3.932138813077291e-05,0.013165167579518617,201
VGlut-F-400218,254,211,43,1331,211,43,0.0010922394698227738,8.531280763248273e-06,3.398697274591522e-05,0.012763177729762324,180
VGlut-F-400219,973,677,296,8728,677,296,0.008356497014193767,0.005664959936864819,9.736584270513054e-05,0.048892015476609214,348
VGlut-F-400220,278,175,103,1562,175,103,0.0025613849912898058,0.0005752502583403065,2.091580692365471e-05,0.013969147279031204,246
VGlut-F-400221,285,253,32,1370,253,32,0.0027017528435126542,1.0134357292869434e-05,6.894109904252759e-05,0.014320888397567962,198
VGlut-F-400222,541,414,127,2919,414,127,0.005926159798097792,0.0028149773716555438,4.055285940332295e-05,0.027184563589769357,348
VGlut-F-400223,586,176,410,2841,176,410,0.0019024878487132037,1.752221840172034e-05,7.353740457905015e-05,0.02944575649464851,275
VGlut-F-400224,134,112,22,570,112,22,0.0008947331288299892,7.689159965964824e-07,1.9407660013602198e-05,0.006733329983417919,133
VGlut-F-400225,328,193,135,2485,193,135,0.0013636657545110847,1.0155755406472985e-05,2.1210532541479317e-05,0.01648158384000804,205
VGlut-F-400226,315,131,184,1805,131,184,0.0025644706457235147,4.6091862074280535e-06,2.9496364091920973e-05,0.015828350334154064,209
VGlut-F-400227,110,77,33,288,77,33,0.0015836606220686422,5.282670726266824e-06,1.7502607541625504e-05,0.005527360434149038,110
VGlut-F-400228,441,241,200,1795,241,200,0.0008673145824867395,5.696927361239381e-06,3.1019620691590724e-05,0.022159690467815688,183
VGlut-F-400229,377,63,314,1134,63,314,0.00022607923506595568,7.43220351802193e-07,1.0846556191563679e-05,0.01894377166976534,163
VGlut-F-400230,214,69,145,822,69,145,0.00033588689943590046,3.032631673740325e-07,2.06869944497105e-05,0.010753228480980856,148
VGlut-F-400231,868,481,387,12184,481,387,0.007198716585437545,0.00023679471448370825,0.00023150522593072098,0.043615898698557864,331
VGlut-F-400233,196,41,155,899,41,155,0.0005190950716254363,1.1144715873906546e-06,2.9539335732378143e-05,0.009848751319029195,180
VGlut-F-400234,66,41,25,292,41,25,0.00013751615690999828,7.345724707504355e-08,2.0259068787369752e-05,0.0033164162604894225,60
VGlut-F-400239,33,5,28,102,5,28,5.076849316365335e-06,2.810519797763232e-09,8.418297749565492e-06,0.0016582081302447113,31
VGlut-F-400240,305,155,150,1476,155,150,0.0021860216381044497,5.082824627341388e-05,6.369585874107304e-05,0.015325863021958696,211
VGlut-F-400241,455,210,245,2588,210,245,0.0015062283372181033,1.8797142111097805e-05,2.784070046661678e-05,0.0228631727048892,205
VGlut-F-400242,380,102,278,1917,102,278,0.001967838967459998,6.35133749048203e-06,2.1030000522447042e-05,0.01909451786342395,296
VGlut-F-400243,382,197,185,2188,197,185,0.002727686070135302,1.2513122600383405e-05,3.560411478846049e-05,0.019195015325863023,209
VGlut-F-400244,542,310,232,2453,310,232,0.005416680985166069,3.073253427261807e-05,3.835167928539265e-05,0.027234812320988896,318
VGlut-F-400245,188,56,132,945,56,132,0.00031647255110157306,6.136288985005334e-06,1.532026331146752e-05,0.009446761469272901,168
VGlut-F-400248,195,144,51,948,144,51,0.0014251256463083163,2.0530294505285333e-06,2.0763269028593813e-05,0.009798502587809657,181
VGlut-F-400250,655,323,332,3566,323,332,0.008515693400768048,0.00043955890236730755,5.739669316354837e-05,0.03291291894879654,278
VGlut-F-400251,265,154,111,961,154,111,0.001776807037256322,4.05446822758626e-06,3.2299390913826886e-05,0.013315913773177228,222
VGlut-F-400252,79,41,38,280,41,38,8.68264403023151e-05,8.778209289196108e-08,1.568584199971651e-05,0.0039696497663434,76
VGlut-F-400253,97,84,13,588,84,13,0.00026239700743052965,7.653392489680039e-07,7.19616203698577e-05,0.004874126928295061,74
VGlut-F-400255,457,249,208,2257,249,208,0.006336306861852509,5.671037102904813e-06,1.929764649739731e-05,0.022963670167328275,352
VGlut-F-400256,234,187,47,1156,187,47,0.0035745128092445197,7.5352637887454805e-06,5.087872529764988e-05,0.01175820310537159,200
VGlut-F-400257,105,69,36,472,69,36,0.0002845060960709974,2.403195625809765e-07,1.8362610630069903e-05,0.005276116778051354,89
VGlut-F-400259,66,38,28,343,38,28,8.967399381921265e-05,1.2692721484737173e-07,1.329934916633469e-05,0.0033164162604894225,63
VGlut-F-400260,258,174,84,1517,174,84,0.0007446560698118672,6.394342535070933e-06,2.424276547082591e-05,0.01296417265464047,201
VGlut-F-400261,391,132,259,1937,132,259,0.00036875598513184764,6.616272265569547e-07,2.4659593807395283e-05,0.019647253906838854,181
VGlut-F-400263,309,159,150,2088,159,150,0.0009653846256569787,1.143478296611364e-05,1.8278185767325385e-05,0.015526857946836843,205
VGlut-F-400264,925,418,507,12939,418,507,0.006791457219969796,0.0001530348590752731,0.00013771493088499215,0.04648007637807145,331
VGlut-F-400265,148,116,32,647,116,32,0.0014125688098357533,9.068357132241101e-07,2.0157105923890224e-05,0.0074368122204914325,140
VGlut-F-400267,503,114,389,3126,114,389,0.0011957741061415408,1.2321810558265941e-05,2.5615182004581495e-05,0.025275111803426963,205
VGlut-F-400268,307,86,221,1427,86,221,0.0015793668840569477,4.091703438094065e-06,1.5732934240207966e-05,0.015426360484397768,228
VGlut-F-400270,336,221,115,1853,221,115,0.0033497633596900537,0.0013187733319979978,2.2459262920829425e-05,0.016883573689764335,298
VGlut-F-400271,188,85,103,1749,85,103,0.0002692011811287994,1.1203533476086338e-06,3.95307711450633e-05,0.009446761469272901,121
VGlut-F-400272,370,148,222,1581,148,222,0.0011681492604527807,1.260516539521646e-06,2.4339781579447275e-05,0.018592030551228583,205
VGlut-F-400273,494,223,271,2034,223,271,0.004517629504245934,4.53778171923737e-05,4.5400978976288475e-05,0.024822873222451133,261
VGlut-F-400275,202,159,43,1076,159,43,0.0003462075371374822,5.937076730102319e-07,5.536465336253352e-05,0.010150243706346415,99
VGlut-F-400276,192,72,120,904,72,120,0.0010378327373279964,0.0005033363011166396,1.0777100400303863e-05,0.009647756394151047,183
VGlut-F-400277,354,253,101,1946,253,101,0.0037770845975185407,0.001691069853358556,2.5186679969414276e-05,0.017788050851715993,296
VGlut-F-400278,170,139,31,1060,139,31,0.0004684474412409871,9.253992250844995e-07,5.16190627895007e-05,0.00854228430732124,106
VGlut-F-400279,500,275,225,3400,275,225,0.00726108255891589,1.2977066791147907e-05,3.044083682393897e-05,0.025124365609768353,352
VGlut-F-400280,261,116,145,1137,116,145,0.0005325829421398699,1.2298614358979877e-06,1.2487108578086693e-05,0.01311491884829908,211
VGlut-F-400281,259,232,27,1166,232,27,0.0033304592583202485,5.199273294717952e-06,6.964096798321834e-05,0.013014421385860007,196
VGlut-F-400283,339,249,90,2033,249,90,0.0022315494252200746,5.8264774734364676e-06,0.00013722867856728283,0.017034319883422945,200
VGlut-F-400284,418,65,353,2186,65,353,0.0010178883094336022,1.2285939096963682e-06,1.0813834065065267e-05,0.021003969649766342,241
VGlut-F-400285,437,205,232,2966,205,232,0.0032805847330794166,2.008613260668742e-05,3.7035521020427e-05,0.021958695542937542,298
VGlut-F-400286,173,90,83,503,90,83,0.0013381967679451008,7.207841673086429e-06,1.2187180578419558e-05,0.00869303050097985,150
VGlut-F-400287,657,422,235,5004,422,235,0.005659911852209655,4.5103941666203514e-05,0.0001537148272755686,0.03301341641123562,271
VGlut-F-400288,330,118,212,1407,118,212,0.0009665826533336595,2.8914344489237935e-05,5.1333275106986655e-05,0.016582081302447114,215
VGlut-F-400289,1020,612,408,10931,612,408,0.008334082724592152,0.00020231442621310828,0.0002722320388010113,0.05125370584392744,331
VGlut-F-400290,358,282,76,1714,282,76,0.0014715442402350976,1.3423196638709168e-05,4.1023592293923566e-05,0.017989045776594142,205
VGlut-F-400291,429,211,218,1912,211,218,0.0035555407164470174,1.2668066261918896e-05,4.778176831910188e-05,0.021556705693181247,299
VGlut-F-400292,173,19,154,1204,19,154,6.688721469119563e-05,2.5704624883830894e-08,9.404930032547631e-06,0.00869303050097985,160
VGlut-F-400293,359,125,234,2300,125,234,0.0014754528592998148,5.839592310384844e-06,6.056741433315206e-05,0.018039294507813677,245
VGlut-F-400294,503,441,62,3016,441,62,0.005380919691141958,1.7909167734349045e-05,0.00011509113490367055,0.025275111803426963,220
VGlut-F-400295,223,190,33,1122,190,33,0.0014608725786558357,1.0593856170690746e-05,3.451915798043777e-05,0.011205467061956685,187
VGlut-F-400296,732,423,309,8367,423,309,0.005911700618681579,0.003167716755877514,6.956867360579358e-05,0.03678207125270087,348
VGlut-F-400297,366,112,254,1692,112,254,0.0009058818381201784,8.993142848373675e-06,1.6601971822857104e-05,0.018391035626350433,265
VGlut-F-400298,409,159,250,1654,159,250,0.0013189018840580324,1.0952722938980244e-06,2.287877067014839e-05,0.02055173106879051,209
VGlut-F-400299,398,269,129,1777,269,129,0.004475666057585743,5.417767183894956e-05,3.5475453519181846e-05,0.01999899502537561,300
VGlut-F-400300,420,158,262,1896,158,262,0.0017261822251459981,5.2432902853864525e-06,2.347209407215135e-05,0.021104467112205417,209
VGlut-F-400301,732,495,237,6957,495,237,0.0064197521591842464,0.010240413301762898,7.41633466208346e-05,0.03678207125270087,348
VGlut-F-400302,1083,787,296,8279,787,296,0.017195840654709856,4.031555366078312e-05,9.355821204260837e-05,0.05441937591075825,352
VGlut-F-400303,63,45,18,169,45,18,0.0006277489208965435,1.389690545285301e-06,9.44134195009341e-06,0.0031656700668308124,63
VGlut-F-400304,320,133,187,1223,133,187,0.001745891243003975,1.2440092630596257e-05,4.934103786296318e-05,0.016079593990251745,249
VGlut-F-400306,99,25,74,344,25,74,0.00018337578703456892,6.115984703207109e-07,8.36377692554357e-06,0.004974624390734134,91
VGlut-F-400308,546,240,306,2843,240,306,0.0033002536326530827,7.169056644591735e-05,4.037032250714692e-05,0.02743580724586704,296
VGlut-F-400309,1136,487,649,6220,487,649,0.0011926597368755215,3.3455347509129106e-06,0.00016080820605280226,0.0570825586653937,295
VGlut-F-400310,1184,743,441,4940,743,441,0.016002100284714955,3.12160697691352e-05,4.7227039099604434e-05,0.05949449776393146,352
VGlut-F-400311,909,526,383,8935,526,383,0.0071290384997987335,0.0001668082145736217,0.00018238243684540577,0.04567609667855887,331
VGlut-F-400312,232,198,34,815,198,34,0.0014817791509751516,3.959391159579287e-05,5.026207760818518e-05,0.011657705642932515,187
VGlut-F-400314,135,30,105,682,30,105,3.6635362858882316e-05,1.2169910122321084e-07,1.8780354905179548e-05,0.006783578714637455,91
VGlut-F-400315,61,10,51,276,10,51,5.986227729979198e-05,3.650923320163385e-08,8.161223368008682e-06,0.003065172604391739,58
VGlut-F-400316,397,135,262,1425,135,262,0.0023949045267293505,9.587343207071639e-06,1.855002147984584e-05,0.01994874629415607,245
VGlut-F-400317,813,451,362,8930,451,362,0.006853284342490724,0.00015484447799119603,0.00016806047432675855,0.04085221848148334,331
VGlut-F-400318,431,357,74,3236,357,74,0.0038160233446894827,1.0015264896870403e-05,9.24583155437658e-05,0.021657203155620322,209
VGlut-F-400320,1122,868,254,11271,868,254,0.011070318311444,0.0125286565888283,0.0001588513501088815,0.056379076428320185,348
VGlut-F-400321,136,117,19,1051,117,19,0.0004611673410516387,7.442037355639166e-07,6.570022051171208e-05,0.006833827445856992,105
VGlut-F-400324,25,24,1,71,24,1,4.8665985957437306e-05,2.703730841880598e-08,2.1101739335322802e-05,0.0012562182804884176,24
VGlut-F-400325,779,462,317,5433,462,317,0.007186295906979948,3.670710524174869e-05,7.973132558668642e-05,0.0391437616200191,298
VGlut-F-400326,668,602,66,4035,602,66,0.008433734998267408,4.83793229880468e-05,0.00016478283616521656,0.03356615245465052,294
VGlut-F-400327,295,266,29,1214,266,29,0.0004544040381674291,3.268819845129006e-07,7.147600400634489e-05,0.014823375709763328,150
VGlut-F-400328,7,5,2,16,5,2,7.228612000583103e-06,1.3642332321203043e-09,1.3359672836316492e-05,0.00035174111853675694,7
VGlut-F-400330,416,220,196,1893,220,196,0.0035651288286809193,2.138131208300576e-05,5.239296329319882e-05,0.02090347218732727,294
VGlut-F-400331,258,168,90,810,168,90,0.0022816926814531067,1.836851404724318e-05,4.616974528519244e-05,0.01296417265464047,220
VGlut-F-400332,41,20,21,193,20,21,4.70774660348632e-05,1.4604912621648547e-06,2.541345420396084e-05,0.002060197980001005,38
VGlut-F-400333,287,268,19,1097,268,19,0.000411175319947202,1.3793645996805434e-07,7.432408438953006e-05,0.014421385860007034,150
VGlut-F-400334,1072,75,997,6858,75,997,0.0009379860581931962,2.2929295611728496e-05,2.796007020311783e-05,0.05386663986734335,296
VGlut-F-400335,1061,680,381,9999,680,381,0.01061494643552691,0.00014773986519807885,0.0002450273191833976,0.05331390382392845,331
VGlut-F-400336,455,244,211,2437,244,211,0.004031292143176464,3.894197548010907e-05,6.680358287615385e-05,0.0228631727048892,298
VGlut-F-400337,246,223,23,2681,223,23,0.00030575923631199754,4.901127656253288e-07,0.0003913444627065334,0.012361187880006029,97
VGlut-F-400338,399,153,246,2478,153,246,0.00428230012016528,6.425661507684885e-06,1.4859597950420416e-05,0.020049243756595145,352
VGlut-F-400339,759,706,53,4365,706,53,0.019055463589911014,3.301530463113709e-05,0.0007973696680534912,0.03813878699562836,352
VGlut-F-400340,839,422,417,8992,422,417,0.0067030677732175655,0.00014549029640602762,0.00014157969425938565,0.042158685493191295,331
VGlut-F-400341,818,306,512,14343,306,512,0.0015589140728288836,3.104266619223898e-05,0.00022063909374089435,0.04110346213758102,211
VGlut-F-400342,299,188,111,1960,188,111,0.0006914413449575923,1.327252718784357e-06,0.00011222605569541674,0.015024370634641475,146
VGlut-F-400344,12,10,2,23,10,2,1.9070482963124644e-05,5.008161986155225e-09,1.665467692008108e-05,0.0006029847746344405,12
VGlut-F-400345,114,65,49,528,65,49,0.00019478412821585982,2.222979093155833e-07,2.708729117475115e-05,0.005728355359027185,86
VGlut-F-400346,908,473,435,15141,473,435,0.006806476150478436,0.0002625296292962774,0.00024375040861887928,0.04562584794733933,331
VGlut-F-400347,206,63,143,679,63,143,0.0003304456719024556,2.378950503208286e-07,2.610028071719664e-05,0.010351238631224561,147
VGlut-F-400348,95,27,68,492,27,68,0.00023987112243588379,8.463628434211293e-07,9.48016868884752e-06,0.004773629465855987,86
VGlut-F-400349,610,410,200,4042,410,200,0.010226247588952714,3.118817821941209e-05,3.805599391587445e-05,0.03065172604391739,352
VGlut-F-400350,547,255,292,3957,255,292,0.00435300468862182,4.6143368659724013e-05,7.960385417848938e-05,0.027486055977086577,317
VGlut-F-400351,237,91,146,1961,91,146,0.00021025369488606593,5.36163848943082e-07,8.591006107167281e-05,0.0119089492990302,122
VGlut-F-400352,108,72,36,550,72,36,0.00025165699445588434,3.024161604023459e-07,2.4131899433644127e-05,0.005426862971709964,87
VGlut-F-400353,4,3,1,10,3,1,7.479252277626107e-06,4.395987286043981e-09,8.366214750369684e-06,0.00020099492487814683,4
VGlut-F-400354,15,12,3,65,12,3,1.720396054681466e-05,6.8104569459692245e-09,1.3069069871118497e-05,0.0007537309682930506,15
VGlut-F-400355,10,8,2,21,8,2,3.4666546745773274e-06,2.5571909336444775e-10,8.94756381713709e-06,0.000502487312195367,10
VGlut-F-400356,102,22,80,453,22,80,0.0001919377638178376,4.899668198276067e-07,1.5628317095516257e-05,0.005125370584392744,99
VGlut-F-400357,85,59,26,341,59,26,0.00024745845201524266,2.009176638684416e-07,2.508300824606185e-05,0.00427114215366062,73
VGlut-F-400358,80,55,25,254,55,25,0.0006284888093514495,1.5366330520000956e-06,1.5072943792673748e-05,0.004019898497562936,75
VGlut-F-400359,106,81,25,576,81,25,0.00022020201653442882,1.37512430199316e-07,6.174300230705828e-05,0.005326365509270891,80
VGlut-F-400360,218,120,98,1180,120,98,0.0003404680768605792,1.2365477728454592e-06,7.32874233033863e-05,0.010954223405859002,127
VGlut-F-400361,424,76,348,2506,76,348,0.0013597291582568285,6.187549504458878e-06,1.3284244012452791e-05,0.021305462037083563,233
VGlut-F-400362,197,165,32,1652,165,32,0.00021492940999508973,6.642085847636613e-07,0.00020876632369279128,0.009899000050248732,84
VGlut-F-400363,9,7,2,17,7,2,3.371717063737262e-06,2.1274448936707448e-10,9.744820539263367e-06,0.00045223858097583037,9
VGlut-F-400364,78,64,14,290,64,14,0.00029310579948917527,1.589238638020746e-07,2.5591792293092434e-05,0.003919401035123863,71
VGlut-F-400365,892,438,454,12066,438,454,0.006738201500380592,0.00019820389629262962,0.00020358123679813306,0.04482186824782674,331
VGlut-F-400366,1260,376,884,8342,376,884,0.0058700302274496356,8.144971822919015e-05,8.019915003153862e-05,0.06331340133661625,331
VGlut-F-400367,231,105,126,875,105,126,0.0015499697891743472,3.400941464635085e-06,5.641346443636384e-05,0.01160745691171298,188
VGlut-F-400368,85,36,49,428,36,49,9.97208264569562e-05,7.042022154571307e-08,1.6961840922185847e-05,0.00427114215366062,72
VGlut-F-400369,154,106,48,956,106,48,0.00035811135631766427,3.344033038805676e-07,3.532048237712204e-05,0.007738304607808653,104
VGlut-F-400370,271,180,91,1648,180,91,0.0027110958138629854,4.1393713654911637e-05,3.776293147349386e-05,0.013617406160494448,211
VGlut-F-400371,987,585,402,10174,585,402,0.008563170031909071,0.0002194440853225945,0.00019016648463274105,0.049595497713682726,331
VGlut-F-400372,241,36,205,2174,36,205,0.00016383295452222598,4.802658758106489e-06,1.07880766144276e-05,0.012109944223908346,211
VGlut-F-400373,209,148,61,1400,148,61,0.0012640731721798894,1.2774383302154513e-06,2.6387583603590062e-05,0.010501984824883171,188
VGlut-F-400374,235,202,33,1313,202,33,0.002884681609429865,1.4800384192120967e-05,9.166853830578279e-05,0.011808451836591126,182
VGlut-F-400376,574,366,208,5144,366,208,0.0015709067559884777,6.624677885327199e-06,6.0781895476901255e-05,0.02884277172001407,229
VGlut-F-400377,121,24,97,595,24,97,0.00023033907390418884,2.73502514407827e-07,1.587235728272952e-05,0.006080096477563942,97
VGlut-F-400378,589,265,324,3275,265,324,0.003329636999792283,6.080895122709921e-05,6.143248056019974e-05,0.02959650268830712,296
VGlut-F-400380,463,285,178,2175,285,178,0.0036695323750426546,1.5542993963836162e-05,5.585615421316745e-05,0.023265162554645495,209
VGlut-F-400382,174,25,149,724,25,149,0.0007919753652978741,3.351826603771468e-07,9.036512551056549e-06,0.008743279232199388,149
VGlut-F-400383,474,234,240,3052,234,240,0.005650980037134518,7.290500474287607e-06,2.0761197612525617e-05,0.0238178985980604,352
VGlut-F-400385,249,199,50,653,199,50,0.0018515348444649562,1.2350157622367958e-05,2.9005330668985036e-05,0.01251193407366464,159
VGlut-F-400386,118,74,44,396,74,44,0.0002339855283489469,1.931161228163606e-07,2.6112710446346646e-05,0.0059293502839053314,89
VGlut-F-400387,155,83,72,861,83,72,0.0006369808356515101,6.888317477113383e-07,1.7205926838154563e-05,0.007788553339028189,108
VGlut-F-400388,1296,611,685,8660,611,685,0.01601557674764746,2.2737177829315105e-05,5.6528609139800055e-05,0.06512235566051958,352
VGlut-F-400389,124,86,38,749,86,38,0.00013007033673724183,9.734541686663323e-08,7.785488811053946e-05,0.006230842671222552,70
VGlut-F-400390,47,32,15,282,32,15,1.7618169945641086e-05,1.4510411548848937e-08,8.482260100171467e-05,0.0023616903673182254,33
VGlut-F-400391,406,193,213,3365,193,213,0.0052922516821100095,1.8022348995217753e-05,2.4956695735947382e-05,0.0204009848751319,352
VGlut-F-400392,253,129,124,2127,129,124,0.0013357421143850824,9.304997217213739e-06,7.67948101988147e-05,0.012712928998542787,132
VGlut-F-400393,471,169,302,3570,169,302,0.004535730957050023,6.1358813172499356e-06,1.6466387757121447e-05,0.02366715240440179,352
VGlut-F-400394,340,119,221,1891,119,221,0.000940844082957925,8.407996941809766e-06,1.7373966547273974e-05,0.01708456861464248,211
VGlut-F-400395,37,4,33,171,4,33,1.557695697602975e-05,3.458635025482197e-08,1.0152042597371503e-05,0.0018592030551228581,37
VGlut-F-400396,187,49,138,600,49,138,0.00048536375862209824,1.6390605648814354e-06,3.073742956752701e-05,0.009396512738053364,157
VGlut-F-400397,36,23,13,121,23,13,8.036801398983671e-05,3.814886884075162e-08,1.937037219327115e-05,0.0018089543239033215,35
VGlut-F-400398,12,8,4,33,8,4,3.2196952020208084e-05,1.515499570455917e-08,8.192100568650037e-06,0.0006029847746344405,12
VGlut-F-400399,2,1,1,2,1,1,4.150734566173962e-07,6.725290057341087e-12,7.643513467089842e-06,0.00010049746243907341,2
VGlut-F-400400,105,58,47,347,58,47,0.00018743335425965463,6.839331399150043e-08,2.2237955074499895e-05,0.005276116778051354,82
VGlut-F-400401,151,95,56,683,95,56,0.0002366524673571078,1.171322148164421e-07,7.604346945364846e-05,0.007587558414150043,97
VGlut-F-400402,240,183,57,1314,183,57,0.0009736895752109983,4.177928739492247e-06,2.4312018452258205e-05,0.01205969549268881,179
VGlut-F-400407,964,877,87,4420,877,87,0.013400032136303185,0.003271706587807546,7.645660696770728e-05,0.048439776895633384,348
VGlut-F-400408,163,55,108,943,55,108,0.0004876564270630355,7.518594576566812e-07,1.0172365624345155e-05,0.008190543188784483,163
VGlut-F-400409,127,78,49,455,78,49,0.0005096540088019368,6.080783537808392e-06,1.290403088251389e-05,0.006381588864881162,106
VGlut-F-400411,809,412,397,10869,412,397,0.005952539353033595,0.00013724067657688141,0.00014669236270467464,0.04065122355660519,331
VGlut-F-400412,143,80,63,643,80,63,0.00021958830793374835,4.0230421355197525e-07,4.9049300265754336e-05,0.0071855685643937494,92
VGlut-F-400414,41,24,17,126,24,17,0.0002306612888310779,2.3588223555766722e-07,1.2122071681188502e-05,0.002060197980001005,40
VGlut-F-400416,108,1,107,611,1,107,8.153236103654905e-07,5.45185389424862e-10,7.5845350820600165e-06,0.005426862971709964,86
VGlut-F-400417,159,28,131,906,28,131,0.00014015632729680343,3.6070818778408426e-07,1.042758012566148e-05,0.007989548263906337,151
VGlut-F-400419,62,29,33,237,29,33,0.0001062520346651532,6.571802050746526e-08,1.297303621117929e-05,0.003115421335611276,60
VGlut-F-400420,289,241,48,1007,241,48,0.0006629317155941433,4.6345313254858726e-07,6.227164725209479e-05,0.014521883322446109,150
VGlut-F-400421,186,39,147,509,39,147,0.00012614602603206425,7.692718296750395e-08,1.1368973258389357e-05,0.009346264006833827,150
VGlut-F-400422,262,178,84,1687,178,84,0.0017507775082871361,2.0155513576673538e-05,3.678436480091089e-05,0.013165167579518617,200
VGlut-F-400423,88,60,28,291,60,28,0.00014082685650175462,2.7357534375646547e-07,1.7431943393086828e-05,0.00442188834731923,71
VGlut-F-400424,517,288,229,3652,288,229,0.004707535607902388,0.00010428090691747792,5.4074524907469105e-05,0.02597859404050048,322
VGlut-F-400425,354,133,221,2057,133,221,0.0023202516410525294,2.1806924733537653e-05,1.739095934770396e-05,0.017788050851715993,279
VGlut-F-400426,4,3,1,7,3,1,6.299406536153189e-06,5.151754127148019e-10,8.090233408590878e-06,0.00020099492487814683,4
VGlut-F-400431,83,44,39,346,44,39,0.00014254424567969396,1.1424578726961027e-07,2.1099293076997627e-05,0.004170644691221546,77
VGlut-F-400432,176,124,52,1080,124,52,0.0004963511396914263,1.7452178799963017e-06,1.5225658095876829e-05,0.00884377669463846,173
VGlut-F-400433,363,95,268,1699,95,268,0.0017369801062292179,4.4833041399510314e-06,1.6281280737155794e-05,0.018240289432691823,235
VGlut-F-400434,467,236,231,4650,236,231,0.0020429368044675993,7.483870621917167e-05,3.204689685936256e-05,0.02346615747952364,263
VGlut-F-400435,174,106,68,673,106,68,0.0011703561739226892,5.307587611414481e-06,3.759894323745581e-05,0.008743279232199388,152
VGlut-F-400436,110,62,48,575,62,48,0.0002094123380763328,1.5559376456292677e-07,2.476239063085465e-05,0.005527360434149038,92
VGlut-F-400439,137,78,59,543,78,59,0.00016930252480111958,3.66286146875026e-07,2.7666676441143265e-05,0.006884076177076529,96
VGlut-F-400442,470,203,267,4136,203,267,0.005432045671914005,2.620499021329043e-05,2.282069910760801e-05,0.02361690367318225,352
VGlut-F-400443,467,191,276,3132,191,276,0.005168178876801812,1.1546277645272444e-05,1.829360597227077e-05,0.02346615747952364,352
VGlut-F-400444,268,228,40,1174,228,40,0.0008232502251641705,2.0860757086151244e-06,2.7417969584721642e-05,0.013466659966835838,177
VGlut-F-400445,381,75,306,1467,75,306,0.0011533282060001394,2.4107064359125118e-06,1.2028583108997488e-05,0.019144766594643484,235
VGlut-F-400446,1310,842,468,8251,842,468,0.019220365658331656,6.664674702594365e-05,8.813989900730193e-05,0.06582583789759308,352
VGlut-F-400447,83,71,12,222,71,12,0.00033028134517888155,1.1623144644783853e-07,2.2358642802861414e-05,0.004170644691221546,71
VGlut-F-400448,167,90,77,895,90,77,0.0015639761374654562,5.412008782342452e-06,2.396602683070081e-05,0.00839153811366263,163
VGlut-F-400451,782,490,292,8765,490,292,0.006311321269337193,0.01182435657365825,8.04752947173499e-05,0.03929450781367771,348
VGlut-F-400454,218,150,68,1229,150,68,0.0003481790757418237,5.987019203646995e-07,4.6748250090527315e-05,0.010954223405859002,107
VGlut-F-400455,129,78,51,525,78,51,0.00022129749987248565,2.499722712392317e-07,2.8809868880444954e-05,0.006482086327320235,102
VGlut-F-400456,167,29,138,862,29,138,0.00020246861204115322,2.528785027548667e-06,1.5336830863120943e-05,0.00839153811366263,157
VGlut-F-400457,506,240,266,4319,240,266,0.005147226170581672,5.346799996039924e-06,2.2623339565573793e-05,0.025425857997085573,352
VGlut-F-400458,109,83,26,638,83,26,0.00019990787411457183,2.4471976361973025e-07,6.493248217471542e-05,0.005477111702929501,72
VGlut-F-400459,5,4,1,10,4,1,6.178566966580788e-06,2.7994446452108354e-09,8.394331218778763e-06,0.0002512436560976835,5
VGlut-F-400461,344,208,136,1291,208,136,0.0026159411299029097,1.6393448015146714e-05,3.1143880658073954e-05,0.017285563539520626,243
VGlut-F-400462,296,118,178,1337,118,178,0.0006172937944213063,2.292603201736448e-06,1.2623822086874768e-05,0.014873624440982865,205
VGlut-F-400463,419,218,201,2713,218,201,0.005839527222120719,2.700678615331835e-05,2.2898666244739052e-05,0.02105421838098588,352
VGlut-F-400465,76,28,48,389,28,48,0.0001611736433390673,1.5779580481722202e-07,1.0403407572772498e-05,0.0038189035726847896,75
VGlut-F-400466,48,4,44,204,4,44,2.50819714417581e-06,1.80221781452793e-10,8.933803608749503e-06,0.002411939098537762,43
VGlut-F-400467,42,24,18,121,24,18,0.00011162377507124946,1.219513340236274e-07,1.3150335548583759e-05,0.002110446711220542,42
VGlut-F-400469,314,227,87,976,227,87,0.00034919535155301153,1.432068399856601e-07,9.1514349981244e-05,0.015778101602934524,148
VGlut-F-400470,23,15,8,78,15,8,2.345522746402799e-05,6.129067754085469e-09,1.126712847851027e-05,0.0011557208180493442,23
VGlut-F-400471,129,62,67,382,62,67,0.0004290367596528024,1.5986024547602352e-06,9.985142895179108e-06,0.006482086327320235,129
VGlut-F-400473,74,54,20,329,54,20,0.00019210751577974762,1.3652302879705012e-07,2.6973471749072637e-05,0.0037184061102457163,63
VGlut-F-400474,55,37,18,277,37,18,3.6707622139220355e-05,1.0931004886759269e-08,2.6446732722610268e-05,0.002763680217074519,50
VGlut-F-400476,1122,292,830,5819,292,830,0.004916477442038549,1.6352410382946296e-05,6.0062777988922324e-05,0.056379076428320185,352
VGlut-F-400477,246,192,54,1337,192,54,0.0026893065749425123,3.3956142941338334e-06,3.471206825959426e-05,0.012361187880006029,200
VGlut-F-400478,1739,758,981,7778,758,981,0.012661086767771489,4.4735184926205504e-05,0.0002102655707723788,0.08738254359077434,331
VGlut-F-400479,274,29,245,804,29,245,0.00013436621186863821,6.061953925035964e-08,8.937596483305625e-06,0.013768152354153058,138
VGlut-F-400482,91,55,36,445,55,36,0.00020441636687455454,1.5951978611166486e-07,1.710770033959558e-05,0.0045726345409778405,77
VGlut-F-400483,436,260,176,2195,260,176,0.0042714079396801675,6.677937105854216e-05,6.342717944253444e-05,0.021908446811718003,277
VGlut-F-400484,510,264,246,2733,264,246,0.002714210276563656,6.929662933747564e-05,6.023442725438086e-05,0.02562685292196372,213
VGlut-F-400485,161,87,74,492,87,74,0.0008909303711630979,1.0767212307182004e-05,1.095442128669259e-05,0.00809004572634541,126
VGlut-F-400486,718,510,208,5762,510,208,0.010922877587717037,0.0004361034024798561,0.0001422773051948098,0.036078589015627355,275
VGlut-F-400488,134,100,34,475,100,34,0.0014668769927493287,9.664782004316048e-06,1.3729052016012879e-05,0.006733329983417919,133
VGlut-F-400489,141,75,66,580,75,66,0.0005622014532138506,7.6547953462331e-06,1.329497800471897e-05,0.007085071101954676,115
VGlut-F-400490,299,137,162,2929,137,162,0.0002951002179544296,1.5566398806190857e-06,0.00010603957865515516,0.015024370634641475,109
VGlut-F-400491,471,190,281,3492,190,281,0.004793405062556992,6.123292298095414e-06,1.7277479974910065e-05,0.02366715240440179,352
VGlut-F-400492,248,208,40,940,208,40,0.0002832620468034901,3.033321849065189e-07,5.091337749252654e-05,0.012461685342445104,148
VGlut-F-400493,200,74,126,620,74,126,0.00031106564396616643,3.575686764362702e-07,1.703926634506291e-05,0.01004974624390734,148
VGlut-F-400494,663,534,129,5593,534,129,0.006454113253597787,0.0049195234312862,0.00012658390858083624,0.03331490879855284,348
VGlut-F-400495,259,101,158,866,101,158,0.001242696905202261,3.5028085916659285e-06,2.5710690695987295e-05,0.013014421385860007,209
VGlut-F-400496,545,279,266,3107,279,266,0.0037976702562839927,0.003322047776288964,2.6152320111854514e-05,0.027385558514647506,348
VGlut-F-400497,152,102,50,444,102,50,0.0009089151115563637,1.5716383166914546e-06,1.1993345278309137e-05,0.007637807145369579,131
VGlut-F-400498,213,87,126,1373,87,126,0.0002529790154160887,7.402365852499684e-07,3.191258205897511e-05,0.010702979749761319,121
VGlut-F-400499,195,97,98,1285,97,98,0.0003236053481274598,3.812601012844092e-07,3.102184829237402e-05,0.009798502587809657,109
VGlut-F-400500,168,152,16,763,152,16,0.003206051813085534,7.625341294065116e-06,3.135418334348116e-05,0.008441786844882167,161
VGlut-F-400501,645,284,361,2883,284,361,0.0014050004989635948,5.469138931813142e-06,7.715099563097566e-05,0.03241043163660118,286
VGlut-F-400502,846,342,504,6412,342,504,0.0057361306647857584,3.443340004509719e-05,5.6510428512790694e-05,0.042510426611728054,308
VGlut-F-400503,48,6,42,168,6,42,2.5910073008507542e-05,2.7425938100082565e-09,8.882355941491544e-06,0.002411939098537762,48
VGlut-F-400504,391,266,125,2320,266,125,0.0040116410655373184,0.0013350556256630619,4.9211509406748826e-05,0.019647253906838854,297
VGlut-F-400505,657,443,214,4637,443,214,0.005658097254486783,0.0035601556536883038,8.096960801652579e-05,0.03301341641123562,348
VGlut-F-400506,155,101,54,395,101,54,0.0010757721851134693,1.5595627043978216e-06,1.2134488882618642e-05,0.007788553339028189,137
VGlut-F-400507,772,220,552,4467,220,552,0.0043761818125742325,2.7354194139790984e-05,6.659970886294387e-05,0.03879202050148234,352
VGlut-F-400508,278,214,64,1297,214,64,0.003511352750540353,0.001964565000402973,2.952300299606002e-05,0.013969147279031204,249
VGlut-F-400509,94,63,31,421,63,31,0.00019976126436174887,1.2166746724918928e-07,2.2452846036173476e-05,0.004723380734636451,85
VGlut-F-400511,153,93,60,997,93,60,0.0002203802577927978,1.3220997559627312e-06,4.179046607480496e-05,0.0076880558765891165,115
VGlut-F-400512,73,60,13,318,60,13,0.0002149379769442074,1.905723415754578e-07,3.0838774122227473e-05,0.0036681573790261794,66
VGlut-F-400513,84,49,35,304,49,35,0.00017272253309931097,8.99508808011436e-08,4.2184892404598245e-05,0.004220893422441084,69
VGlut-F-400514,418,313,105,2331,313,105,0.0015072378505023368,9.887570001737681e-06,4.218513789177271e-05,0.021003969649766342,211
VGlut-F-400515,75,13,62,289,13,62,0.00017299025421743178,6.797008807975836e-08,1.598726045643022e-05,0.003768654841465253,65
VGlut-F-400516,544,507,37,2799,507,37,0.00743080785219639,3.6408525576944183e-05,0.00022414863395217474,0.027335309783427967,295
VGlut-F-400517,130,41,89,591,41,89,0.00011289743334155081,1.2550451852992674e-07,4.703869753106841e-05,0.006532335058539772,108
VGlut-F-400518,119,59,60,533,59,60,0.0001159200590319693,3.320815810483377e-08,3.3564654086246875e-05,0.005979599015124868,87
VGlut-F-400519,1384,940,444,16189,940,444,0.00996627258504805,0.0005744246293817157,0.00027744072766917324,0.0695442440078388,331
VGlut-F-400520,883,558,325,8338,558,325,0.008264789676610625,0.00014372642388966724,0.00015513044824159024,0.044369629666850915,331
VGlut-F-400521,358,224,134,1841,224,134,0.0003595089008359783,6.254581983707834e-07,0.00015419354042043817,0.017989045776594142,118
VGlut-F-400522,283,217,66,1305,217,66,0.0008507637044035127,5.681409690262883e-06,3.2859451890765386e-05,0.014220390935128889,200
VGlut-F-400523,286,60,226,1167,60,226,0.0005537908389389801,3.142599325361456e-06,1.3289209855308433e-05,0.014371137128787499,239
VGlut-F-400526,771,367,404,8675,367,404,0.005604429402342526,0.00012462347154866898,0.00011399634974328656,0.0387417717702628,331
VGlut-F-400527,807,431,376,8685,431,376,0.005913478226077074,9.622030102072615e-05,0.00011542374013111981,0.04055072609416612,331
VGlut-F-400528,697,178,519,3140,178,519,0.002736041677507955,6.803844802748492e-06,6.095810636939979e-05,0.03502336566001708,298
VGlut-F-400529,1331,575,756,7010,575,756,0.002645157529963364,7.987469041074592e-06,0.00015922773846982786,0.06688106125320335,223
VGlut-F-400530,82,41,41,297,41,41,0.00012552981282644651,1.4496408438862122e-07,1.4326160122728046e-05,0.00412039596000201,71
VGlut-F-400531,226,103,123,993,103,123,0.000518610844346962,2.429337348415882e-06,1.1596952842669192e-05,0.011356213255615295,200
VGlut-F-400532,179,132,47,834,132,47,0.0006046018204475896,1.549814642984657e-06,1.5015350684447841e-05,0.008994522888297071,175
VGlut-F-400533,147,97,50,728,97,50,0.00046105608301791145,1.3774878289043602e-06,1.2322397249461771e-05,0.007386563489271896,146
VGlut-F-400534,88,57,31,407,57,31,0.00015891341021232017,1.0142131332145603e-07,1.618277352898314e-05,0.00442188834731923,74
VGlut-F-400535,352,148,204,2307,148,204,0.001042886398056619,2.7512828780325195e-05,2.622545684672627e-05,0.01768755338927692,211
VGlut-F-400536,229,139,90,1246,139,90,0.0018571153692165986,0.0007135267611280072,1.3054502413869928e-05,0.011506959449273905,218
VGlut-F-400537,33,16,17,102,16,17,4.076750160552299e-05,4.591717554538188e-08,1.0245160264687657e-05,0.0016582081302447113,33
VGlut-F-400539,398,276,122,4192,276,122,0.003841493256167866,0.00017894844720369417,0.00010946918286020142,0.01999899502537561,290
VGlut-F-400541,1124,307,817,7058,307,817,0.004254972013343296,0.00016618567239874024,0.00014156662581882776,0.056479573890759256,352
VGlut-F-400542,383,251,132,2273,251,132,0.003844445333195522,8.534084918975873e-06,7.2599436443759e-05,0.01924526405708256,216
VGlut-F-400543,126,87,39,675,87,39,0.0005447383368917451,8.754733344403992e-06,4.971582008929284e-05,0.006331340133661625,93
VGlut-F-400545,916,103,813,7046,103,813,0.001838510772574354,2.4080262891286858e-05,3.380227139979213e-05,0.04602783779709562,352
VGlut-F-400547,68,34,34,255,34,34,0.00015585275222301548,5.427773399950036e-08,1.719334426446161e-05,0.003416913722928496,63
VGlut-F-400548,31,27,4,96,27,4,8.576372106031516e-05,4.080768092482233e-08,1.3178444685220963e-05,0.001557710667805638,31
VGlut-F-400551,148,44,104,569,44,104,0.0001411436080441736,6.913996858436819e-08,1.7905161831425382e-05,0.0074368122204914325,101
VGlut-F-400552,74,15,59,287,15,59,1.718756242328567e-05,3.144922010348963e-09,9.255644204508013e-06,0.0037184061102457163,61
VGlut-F-400554,71,27,44,310,27,44,1.9940907156433927e-05,6.415320840344032e-09,3.166360328033111e-05,0.003567659916587106,58
VGlut-F-400557,442,177,265,3300,177,265,0.004343478137992447,1.0631475676225704e-05,1.6355247460351173e-05,0.022209939199035224,352
VGlut-F-400558,90,61,29,388,61,29,0.00018258888570326897,1.0888750271018594e-07,4.196946728456687e-05,0.004522385809758303,72
VGlut-F-400560,503,267,236,3101,267,236,0.004364281140934505,4.9533891198018596e-05,5.713608126985666e-05,0.025275111803426963,303
VGlut-F-400561,9,8,1,17,8,1,1.9329491746159516e-05,3.865994521946651e-09,8.504762258102028e-06,0.00045223858097583037,9
VGlut-F-400562,73,53,20,362,53,20,0.00015237826677630395,1.3642579245835454e-07,3.60921863018352e-05,0.0036681573790261794,61
VGlut-F-400564,293,47,246,1450,47,246,0.0005307261601990558,1.2927270448502345e-06,1.6461374934977966e-05,0.014722878247324255,246
VGlut-F-400565,66,48,18,217,48,18,0.00019628875733068254,1.7175709601380656e-07,1.4581347725698023e-05,0.0033164162604894225,63
VGlut-F-400566,464,165,299,3509,165,299,0.003615287128439331,5.499616164758524e-06,1.4887655893906516e-05,0.02331541128586503,352
VGlut-F-400567,637,244,393,3865,244,393,0.0037835005871014013,3.863095659953373e-05,4.884490277160888e-05,0.03200844178684488,298
VGlut-F-400568,940,576,364,11454,576,364,0.008913814482299526,0.00023918792272948334,0.00018531763599366157,0.0472338073463645,331
VGlut-F-400569,205,110,95,951,110,95,0.0012245929248365615,6.465164588119846e-06,7.612855093923275e-05,0.010300989900005025,161
VGlut-F-400570,454,208,246,3034,208,246,0.005497822763345008,1.7744575488627864e-05,1.9604402053200927e-05,0.022812923973669665,352
VGlut-F-400571,107,67,40,537,67,40,0.00026720547323541105,1.3619397964738046e-06,3.355249015911519e-05,0.005376614240490428,82
VGlut-F-400572,110,92,18,354,92,18,0.0016872866180395437,1.205600709830496e-06,1.2300959121803237e-05,0.005527360434149038,109
VGlut-F-400573,439,238,201,2948,238,201,0.006353692147384598,1.3584999624215084e-05,2.3779423692165608e-05,0.022059193005376614,352
VGlut-F-400574,422,383,39,5737,383,39,0.001417698010202196,3.1245438999496485e-06,0.0005029632782709437,0.02120496457464449,122
VGlut-F-400575,249,80,169,1016,80,169,0.00014584943183580882,7.256368913302438e-08,8.240010385691268e-05,0.01251193407366464,110
VGlut-F-400576,284,245,39,1170,245,39,0.002534232273855343,5.8224317657408885e-05,2.516868671709581e-05,0.014270639666348424,159
VGlut-F-400577,816,634,182,5532,634,182,0.005441334887014052,7.984669593295591e-05,0.00022305916542457053,0.04100296467514195,252
VGlut-F-400578,155,88,67,1199,88,67,0.000258664682926344,2.2259100514071373e-06,4.364499084409691e-05,0.007788553339028189,106
VGlut-F-400579,1330,700,630,10177,700,630,0.01481556072702195,3.0410351582162477e-05,6.543595859682879e-05,0.06683081252198382,352
VGlut-F-400580,129,33,96,614,33,96,0.0005073080882692999,3.3606004359285794e-06,1.0536667370346367e-05,0.006482086327320235,82
VGlut-F-400582,402,226,176,2300,226,176,0.006030550641430548,1.682289503398048e-05,2.4452121041198897e-05,0.020199989950253756,352
VGlut-F-400583,270,45,225,1045,45,225,0.0006802000651625044,1.250857800118891e-06,1.4760499427181425e-05,0.01356715742927491,224
VGlut-F-400584,1011,868,143,5595,868,143,0.022760156353110593,3.720497384401726e-05,7.04937092691897e-05,0.05080146726295161,352
VGlut-F-400585,189,121,68,1195,121,68,0.0003359887332503241,1.9924612041937633e-06,6.135628001852195e-05,0.009497010200492437,109
VGlut-F-400586,509,282,227,2143,282,227,0.003627876861547837,3.979630122223338e-05,9.662975355902188e-05,0.025576604190744184,273
VGlut-F-400587,516,313,203,3389,313,203,0.007220823445170299,1.110601757480668e-05,2.507253211732403e-05,0.02592834530928094,352
VGlut-F-400588,521,225,296,3060,225,296,0.003693262220325575,4.004271595378724e-05,4.599057823463799e-05,0.026179588965378624,296
VGlut-F-400589,956,541,415,13689,541,415,0.008740645136753414,0.00027114686570841386,0.0002756888935765341,0.04803778704587709,331
VGlut-F-400590,894,602,292,9245,602,292,0.008824158237213045,0.00014163001475495622,0.00019067428165038829,0.04492236571026582,331
VGlut-F-400591,416,217,199,3634,217,199,0.005970456453998174,1.4416449382059495e-05,2.8339847976384546e-05,0.02090347218732727,352
VGlut-F-400592,750,363,387,3941,363,387,0.0057535835557694795,6.40450931793808e-05,5.3072584323585336e-05,0.03768654841465253,318
VGlut-F-400593,165,94,71,1131,94,71,0.0002925515013521301,1.6309215333829544e-06,5.850342022062256e-05,0.008291040651223557,108
VGlut-F-400594,464,194,270,2670,194,270,0.0004612379277864115,1.2941144482056487e-06,7.326483326159794e-05,0.02331541128586503,133
VGlut-F-400596,11,10,1,31,10,1,4.550157834952097e-05,2.8019120653235084e-08,1.0414777525207496e-05,0.0005527360434149038,11
VGlut-F-400598,10,8,2,22,8,2,2.451792823911107e-05,8.168602704394418e-09,8.822674030911141e-06,0.000502487312195367,10
VGlut-F-400599,754,425,329,11369,425,329,0.006219619042077459,0.00017767164306887174,0.00021731378423808716,0.03788754333953068,331
VGlut-F-400600,451,254,197,2719,254,197,0.0065193056987433405,1.962638879492145e-05,2.539365262507191e-05,0.022662177780011054,352
VGlut-F-400601,618,135,483,2541,135,483,0.00048574995811313056,5.404933277543388e-07,1.8151027770599357e-05,0.031053715893673686,183
VGlut-F-400602,101,74,27,404,74,27,0.0002514153337998095,2.5534209726289567e-07,3.105690960317752e-05,0.005075121853173208,84
VGlut-F-400603,10,3,7,34,3,7,2.085575488831353e-06,3.074118344956923e-10,1.0239528104846335e-05,0.000502487312195367,10
VGlut-F-400605,428,222,206,2327,222,206,0.005807948027760117,9.113095613676179e-06,2.1194101305323048e-05,0.021506456961961712,352
VGlut-F-400607,357,46,311,1887,46,311,0.00043328681143628883,5.781463671723966e-07,1.700477811049973e-05,0.017938797045374603,257
VGlut-F-400608,189,112,77,1604,112,77,0.00034024205433464435,1.1072661351104381e-06,4.461462742743304e-05,0.009497010200492437,121
VGlut-F-400609,197,61,136,640,61,136,0.000769583321771869,8.136320382675434e-07,1.0984259257174853e-05,0.009899000050248732,131
VGlut-F-400610,504,159,345,5430,159,345,0.0025564344994395273,2.846439309776684e-05,3.442815968029861e-05,0.0253253605346465,317
VGlut-F-400611,566,207,359,3045,207,359,0.003008789077185249,2.9699176237943775e-05,3.635628198961432e-05,0.028440781870257777,296
VGlut-F-400612,459,187,272,3571,187,272,0.004747307699522856,1.742774636978937e-05,1.885297421862775e-05,0.02306416762976735,352
VGlut-F-400613,551,233,318,4141,233,318,0.00048199021223634727,2.053120002194109e-06,0.00014188908359411744,0.027687050901964726,146
VGlut-F-400614,1717,1169,548,12850,1169,548,0.001887395708149868,3.839462639290107e-06,0.0006452012354674281,0.08627707150394452,150
VGlut-F-400615,1111,761,350,15784,761,350,0.01163406796065549,0.00034318362408062664,0.0003188436243998193,0.05582634038490528,331
VGlut-F-400616,434,283,151,2969,283,151,0.007638892815132919,1.1587439863479068e-05,2.8942464392082438e-05,0.021807949349278932,352
VGlut-F-400619,425,293,132,2699,293,132,0.004695260610282034,4.540504151171877e-05,9.672013360995023e-05,0.0213557107683031,298
VGlut-F-400620,502,362,140,3284,362,140,0.003776522356529139,0.0006025607672548432,4.535311857999003e-05,0.025224863072207428,256
VGlut-F-400621,549,243,306,3589,243,306,0.0032435337388010887,3.186856642996558e-05,5.093831556228022e-05,0.027586553439525652,296
VGlut-F-400622,265,34,231,749,34,231,0.0002534608609530833,4.1356655375818174e-07,9.219825138570724e-06,0.013315913773177228,143
VGlut-F-400623,458,298,160,2350,298,160,0.0049264730870768976,4.989540384800103e-05,9.408191748526369e-05,0.02301391889854781,296
VGlut-F-400624,898,491,407,13518,491,407,0.007478294651858215,0.00020256487182723692,0.00019351080469804345,0.04512336063514396,331
VGlut-F-400625,972,733,239,5340,733,239,0.018339526941894824,1.8900729342213877e-05,5.035872412144088e-05,0.04884176674538968,352
VGlut-F-400626,71,35,36,345,35,36,0.00010195975804338413,1.0587490702451888e-07,3.631055595893084e-05,0.003567659916587106,58
VGlut-F-400628,116,71,45,525,71,45,0.0002575129165812565,4.404645873404489e-07,2.5526889260920308e-05,0.005828852821466258,91
VGlut-F-400629,17,3,14,75,3,14,1.1449228303274583e-06,6.105562874304093e-11,7.923301347469353e-06,0.000854228430732124,16
VGlut-F-400630,593,531,62,2460,531,62,0.016362651568217684,2.1535465879112387e-05,7.768267848804375e-05,0.029797497613185266,331
VGlut-F-400631,10,9,1,25,9,1,3.9708506428678935e-06,7.35742686948025e-10,3.029102658738435e-05,0.000502487312195367,9
VGlut-F-400634,263,149,114,1819,149,114,0.0007802593763060797,5.404226620935451e-06,2.004770032011105e-05,0.013215416310738155,205
VGlut-F-400635,90,52,38,387,52,38,0.00023959446086340734,2.0519100144144176e-07,2.066139028585634e-05,0.004522385809758303,74
VGlut-F-400637,371,252,119,1997,252,119,0.007200898150319455,2.530888544067689e-05,2.335392348826573e-05,0.018642279282448118,341
VGlut-F-400638,168,77,91,1506,77,91,0.00020946076176350106,9.59620660205615e-07,3.4555485477837635e-05,0.008441786844882167,121
VGlut-F-400639,467,198,269,3149,198,269,0.004988080358409057,9.04244044968649e-06,1.915903747533317e-05,0.02346615747952364,352
VGlut-F-400640,517,223,294,2868,223,294,0.00664776863560391,2.1780898813161067e-05,4.313529503508011e-05,0.02597859404050048,275
VGlut-F-400641,752,134,618,5599,134,618,0.0010748507651878935,4.430737174945638e-06,2.5793806351324144e-05,0.037787045877091606,219
VGlut-F-400642,148,62,86,1047,62,86,0.0001889546307969939,2.8440747440904765e-07,2.3840230962760282e-05,0.0074368122204914325,113
VGlut-F-400647,132,64,68,797,64,68,0.00021251932058059385,5.960791873333205e-07,2.8209704972434118e-05,0.006632832520978845,102
VGlut-F-400649,141,67,74,812,67,74,0.0002217996670774924,9.224746022932484e-07,2.894306674870091e-05,0.007085071101954676,107
VGlut-F-400650,172,64,108,959,64,108,0.00020621613283621206,3.683707884858629e-07,1.910171287154557e-05,0.008642781769760313,121
VGlut-F-400651,953,565,388,10972,565,388,0.007547094286285079,0.00020840305529557494,0.00021735316686001654,0.04788704085221848,331
VGlut-F-400652,405,230,175,1628,230,175,0.0032892788510160576,7.231900773230816e-06,5.300330545762303e-05,0.020350736143912366,277
VGlut-F-400654,600,338,262,4237,338,262,0.005251631200744258,6.394080936920671e-05,0.00012176227950950223,0.030149238731722025,320
VGlut-F-400655,610,186,424,3551,186,424,0.0022031941950968,3.6393688746301354e-05,2.84446919993347e-05,0.03065172604391739,266
VGlut-F-400656,168,92,76,688,92,76,0.0005482465673844985,6.949248869566628e-06,1.2398581451318605e-05,0.008441786844882167,125
VGlut-F-400657,338,168,170,2200,168,170,0.0005713814516041612,1.468823141632327e-06,8.878492426713362e-05,0.016984071152203406,146
VGlut-F-400658,332,238,94,2274,238,94,0.0009043584475738473,3.640061930685772e-06,4.257338067360414e-05,0.016682578764886186,211
VGlut-F-400659,91,54,37,440,54,37,0.00014314080834191564,1.1854064043938073e-07,5.326753062235822e-05,0.0045726345409778405,75
VGlut-F-400660,213,62,151,1720,62,151,0.0002269859719573877,1.8046703422034005e-07,2.1777680616476032e-05,0.010702979749761319,121
VGlut-F-400661,178,111,67,1209,111,67,0.0010419232719125877,1.0071249794244231e-05,2.328703602399797e-05,0.008944274157077534,170
VGlut-F-400662,279,206,73,1439,206,73,0.0018486758573269973,3.901290752343069e-05,2.7206264626230014e-05,0.014019396010250741,205
VGlut-F-400663,219,165,54,967,165,54,0.0006889611709302807,2.4800115364065973e-06,2.260249009042681e-05,0.011004472137078539,169
VGlut-F-400664,275,215,60,1201,215,60,0.0008999235343626047,2.063616003582216e-06,3.471942602928631e-05,0.013818401085372594,200
VGlut-F-400665,858,79,779,6100,79,779,0.0011056641929626026,9.212469890923734e-06,3.282950758384271e-05,0.043113411386362495,352
VGlut-F-400667,729,430,299,8498,430,299,0.005342357428406362,0.004987898420645206,9.424965936181576e-05,0.036631325059042256,348
VGlut-F-400668,241,178,63,1442,178,63,0.0009475362316455452,3.7005878204522466e-06,2.4505439367814012e-05,0.012109944223908346,198
VGlut-F-400669,72,38,34,227,38,34,0.00029647903710138755,5.194059461263244e-07,1.6836162620448113e-05,0.003617908647806643,70
VGlut-F-400670,885,711,174,3834,711,174,0.01887234340908309,2.126993665071183e-05,4.3704814593621954e-05,0.04447012712928999,352
VGlut-F-400671,405,233,172,1714,233,172,0.000430574274033931,6.121614202757382e-07,0.000154341400517849,0.020350736143912366,133
VGlut-F-400676,13,11,2,33,11,2,8.554361215711038e-05,4.405926287155705e-08,1.0785183563513713e-05,0.0006532335058539772,13
VGlut-F-400677,262,231,31,1207,231,31,0.0010880918985135188,7.0091537812521275e-06,3.553267108118031e-05,0.013165167579518617,164
VGlut-F-400678,279,231,48,1440,231,48,0.0015512213231349105,1.2109647818918398e-05,3.010076871629974e-05,0.014019396010250741,199
VGlut-F-400679,87,64,23,501,64,23,0.00022140792798593526,2.5625243604555823e-07,2.9960639882776822e-05,0.004371639616099694,76
VGlut-F-400680,168,67,101,936,67,101,0.0010511993510567558,2.7136030503074742e-06,1.7696100942038156e-05,0.008441786844882167,163
VGlut-F-400681,131,64,67,817,64,67,0.00024927163360396695,6.863655004483237e-07,2.808167805376969e-05,0.006582583789759309,102
VGlut-F-400682,941,530,411,5833,530,411,0.0048708019449866845,2.153709332378085e-05,0.00019217225156074508,0.04728405607758404,254
VGlut-F-400683,374,141,233,1507,141,233,0.0015229547010048078,2.8822335976539813e-06,3.235517936717069e-05,0.01879302547610673,261
VGlut-F-400685,76,13,63,321,13,63,2.2756899936003783e-05,1.2805820232417631e-08,1.317233919834411e-05,0.0038189035726847896,68
VGlut-F-400686,771,408,363,8579,408,363,0.005910186466311143,0.00014658875632242373,0.00014954693787868375,0.0387417717702628,331
VGlut-F-400687,539,240,299,3634,240,299,0.005902943064305774,2.0817959702650934e-05,1.832551503856309e-05,0.027084066127330286,352
VGlut-F-400688,14,12,2,35,12,2,4.3325420619444354e-05,3.548558637251911e-08,1.0625330582564779e-05,0.0007034822370735139,14
VGlut-F-400689,432,193,239,2319,193,239,0.004891283187253433,2.0734249963451452e-05,1.663874488654675e-05,0.021707451886839858,352
VGlut-F-400690,1139,731,408,10700,731,408,0.010026145648144672,0.00011033564032815227,0.0002952230995342472,0.05723330485905231,331
VGlut-F-400691,772,296,476,5817,296,476,0.005483093766926864,0.00013147470905758434,4.969447130750175e-05,0.03879202050148234,248
VGlut-F-400692,278,155,123,1308,155,123,0.002312572693472155,2.0371959430728105e-06,2.4990146247119805e-05,0.013969147279031204,204
VGlut-F-400694,1074,86,988,5441,86,988,0.0012045945842293264,0.00039085292931906324,1.2773849562041272e-05,0.05396713732978242,348
VGlut-F-400695,283,258,25,1082,258,25,0.0013477966471092894,9.89796034117181e-06,6.39675059624192e-05,0.014220390935128889,161
VGlut-F-400696,86,23,63,524,23,63,5.633524735647082e-05,3.3374322105363555e-08,1.7168416762030765e-05,0.004321390884880157,73
VGlut-F-400698,434,243,191,1861,243,191,0.003749645780023881,2.092067975530453e-05,6.396581815104946e-05,0.021807949349278932,282
VGlut-F-400699,219,172,47,854,172,47,0.00196468497748838,1.0889246043895736e-05,0.00012655110744699287,0.011004472137078539,150
VGlut-F-400700,567,423,144,2830,423,144,0.010586177754083879,1.5198917868119371e-05,3.116459145944192e-05,0.028491030601477313,352
VGlut-F-400703,60,43,17,182,43,17,0.0002236427708887411,1.3950552408404578e-07,1.4132847244427705e-05,0.0030149238731722026,60
VGlut-F-400706,227,113,114,1166,113,114,0.0009651555934486741,7.746321971433803e-05,7.119165195692993e-05,0.011406461986834832,172
VGlut-F-400707,236,178,58,971,178,58,0.0012455157295402333,2.7548264732961394e-05,2.7902618582563808e-05,0.011858700567810663,159
VGlut-F-400708,157,6,151,812,6,151,1.3278230261743668e-05,2.6420978148848206e-09,7.91025127184335e-06,0.007889050801467262,156
VGlut-F-400709,446,231,215,3008,231,215,0.00599677122230611,1.9613776093899873e-05,2.2168625301207933e-05,0.02241093412391337,352
VGlut-F-400712,112,94,18,469,94,18,0.00029996712011422575,3.995820500782992e-07,3.09910618653633e-05,0.005627857896588111,94
VGlut-F-400714,67,45,22,240,45,22,0.00014069303957223202,8.005653781635852e-08,1.2952554739152562e-05,0.0033666649917089594,64
VGlut-F-400715,223,168,55,1188,168,55,0.0026556724017560915,1.4950693846581858e-05,2.4729081555983443e-05,0.011205467061956685,198
VGlut-F-400716,431,236,195,2324,236,195,0.005978773294867791,1.3044365355770402e-05,1.777645631765234e-05,0.021657203155620322,352
VGlut-F-400717,193,171,22,558,171,22,0.0020302736797874876,2.0282522536956887e-05,1.969455901655958e-05,0.009698005125370585,149
VGlut-F-400718,468,253,215,2209,253,215,0.004026476822874733,2.1409646624970787e-05,6.721523630545212e-05,0.02351640621074318,297
VGlut-F-400719,220,185,35,1015,185,35,0.0009772373305434016,7.391325508093205e-06,2.3857786253949275e-05,0.011054720868298076,174
VGlut-F-400720,194,77,117,899,77,117,0.000528512765627144,2.5724066781826927e-06,1.0749150357375965e-05,0.009748253856590122,194
VGlut-F-400721,193,58,135,873,58,135,0.0012006077292234755,4.04563285722365e-06,9.951692178505382e-06,0.009698005125370585,176
VGlut-F-400722,46,24,22,158,24,22,0.00013199194565882664,1.3043687051427338e-07,1.2137294123301956e-05,0.0023114416360986885,45
VGlut-F-400723,55,27,28,192,27,28,5.805748046588652e-05,3.042341564251293e-08,1.4063630540667782e-05,0.002763680217074519,55
VGlut-F-400725,795,415,380,10829,415,380,0.00585130346994131,0.00014722692194576726,0.00013189042001350416,0.03994774131953168,331
VGlut-F-400726,58,18,40,219,18,40,5.2103022491966974e-05,2.6521462918541816e-08,1.0643462055973677e-05,0.002914426410733129,56
VGlut-F-400727,112,70,42,504,70,42,0.0002505812172666983,1.3138520428027132e-07,1.9127730584020752e-05,0.005627857896588111,92
VGlut-F-400728,207,173,34,873,173,34,0.00042288069431745346,4.836229894458398e-07,5.617060145657753e-05,0.010401487362444098,110
VGlut-F-400730,304,184,120,1423,184,120,0.0008809071351676995,2.2408311212337234e-06,5.506136732744496e-05,0.015275614290739158,210
VGlut-F-400731,78,58,20,334,58,20,0.00021029232462301334,2.0681918172048362e-07,2.4336792612363125e-05,0.003919401035123863,72
VGlut-F-400732,28,5,23,96,5,23,6.400506628666869e-06,2.5804561522049533e-09,8.091225144117667e-06,0.0014069644741470278,27
VGlut-F-400735,70,21,49,159,21,49,0.00024282183228054982,1.3687892577989196e-06,8.605034194132512e-06,0.0035174111853675696,70
VGlut-F-400736,608,302,306,3959,302,306,0.008186081315982946,1.9998769598787744e-05,2.9246831459047497e-05,0.030551228581478317,352
VGlut-F-400737,35,5,30,209,5,30,2.5159039234293685e-06,3.4717860598931435e-10,2.4776047104745924e-05,0.0017587055926837848,31
VGlut-F-400738,153,65,88,534,65,88,0.000562854463616827,1.2006554147295998e-05,1.0378284316574969e-05,0.0076880558765891165,143
VGlut-F-400739,276,213,63,1330,213,63,0.0009838622741026874,8.008207267164329e-06,2.7112660634070002e-05,0.013868649816592131,200
VGlut-F-400740,469,186,283,3628,186,283,0.004900538917290382,4.887452918154025e-06,1.873401428349592e-05,0.023566654941962716,352
VGlut-F-400741,441,189,252,1651,189,252,0.009686739972918378,2.381774228322257e-05,2.9920959444415556e-05,0.022159690467815688,257
VGlut-F-400742,38,9,29,134,9,29,7.000222267087037e-05,7.036552885025532e-08,8.462467674880906e-06,0.0019094517863423948,35
VGlut-F-400744,95,39,56,529,39,56,0.00011505745834899836,5.544987305066063e-08,2.1619246858776775e-05,0.004773629465855987,81
VGlut-F-400745,815,435,380,11565,435,380,0.00681729293390946,0.0001738088580049839,0.00015979456799501197,0.04095271594392241,331
VGlut-F-400746,1075,921,154,6234,921,154,0.023544247698023994,3.887787004960941e-05,7.92521269759146e-05,0.05401738606100196,352
VGlut-F-400747,143,83,60,874,83,60,0.0002732138537860766,1.1936720661234443e-06,3.4399556305572436e-05,0.0071855685643937494,108
VGlut-F-400748,5,3,2,9,3,2,1.1840123268269234e-05,3.886467895892318e-09,8.044252093331195e-06,0.0002512436560976835,5
VGlut-F-400749,143,124,19,566,124,19,0.00040270614653348333,4.2251175207703536e-07,5.485337894204786e-05,0.0071855685643937494,105
VGlut-F-400750,110,72,38,600,72,38,0.00026942679456289466,3.328516526934627e-07,2.328992509654163e-05,0.005527360434149038,93
VGlut-F-400751,434,213,221,2808,213,221,0.005188072416956514,9.491035500055167e-06,1.985912197613977e-05,0.021807949349278932,352
VGlut-F-400753,453,241,212,3186,241,212,0.006338995157852463,2.6293440398356076e-05,2.526936354361996e-05,0.02276267524245013,352
VGlut-F-400754,775,294,481,2795,294,481,0.004787037574955682,1.3328508409635655e-05,7.176084927229193e-05,0.03894276669514095,312
VGlut-F-400755,125,101,24,659,101,24,0.00030503999774436917,5.801225259406652e-07,5.0859380024424664e-05,0.006281091402442088,92
VGlut-F-400756,1180,75,1105,8923,75,1105,0.0009559911686029822,4.79351116826504e-06,1.5493588571079544e-05,0.05929350283905331,293
VGlut-F-400757,525,222,303,5413,222,303,0.003064830413826724,0.002320770233102214,2.0803425671286706e-05,0.02638058389025677,348
VGlut-F-400758,534,195,339,3719,195,339,0.0024497176995936904,7.55443554774214e-05,4.136039886143085e-05,0.0268328224712326,236
VGlut-F-400759,466,355,111,1992,355,111,0.00461927445618834,2.084760381487704e-05,0.00012198236647899586,0.023415908748304105,265
VGlut-F-400760,927,555,372,11591,555,372,0.007208970616276236,0.00017806527971022429,0.00020892223305039867,0.04658057384051053,331
VGlut-F-400761,98,55,43,398,55,43,0.00012834606361070014,1.1099091637889671e-07,1.8868790852300998e-05,0.004924375659514597,83
VGlut-F-400763,95,79,16,354,79,16,0.0005380248799394837,5.4810892799930696e-06,1.1493498705982977e-05,0.004773629465855987,95
VGlut-F-400764,285,30,255,719,30,255,0.000177473310240141,1.1605899546952903e-07,8.257656252325662e-06,0.014320888397567962,149
VGlut-F-400765,629,400,229,4663,400,229,0.0049506765814753256,0.006869689445153812,4.767285945002526e-05,0.03160645193708859,348
VGlut-F-400766,83,48,35,382,48,35,0.00017300591661833953,2.0900074243245177e-07,2.7584244289889836e-05,0.004170644691221546,66
VGlut-F-400768,89,60,29,415,60,29,0.0001789148580762894,1.779643107463412e-07,1.8947483539894455e-05,0.004472137078538767,77
VGlut-F-400770,159,81,78,1019,81,78,0.0013878213399619486,0.00036372334924533446,1.327564693771866e-05,0.007989548263906337,155
VGlut-F-400771,119,46,73,659,46,73,0.0004534226264804306,1.0375067201902345e-06,2.0734338601916506e-05,0.005979599015124868,100
VGlut-F-400772,70,60,10,217,60,10,0.0005413570527659893,4.408098480828513e-06,1.0139322923784408e-05,0.0035174111853675696,70
VGlut-F-400774,8,6,2,37,6,2,4.658239420111534e-06,1.063071609166447e-09,2.7719990166139934e-05,0.00040198984975629365,8
VGlut-F-400775,23,18,5,70,18,5,4.913452907491575e-05,1.9321330453069404e-08,1.1123335865944996e-05,0.0011557208180493442,23
VGlut-F-400776,63,47,16,253,47,16,0.00019822946109824521,2.084621687237558e-07,1.5516757341840223e-05,0.0031656700668308124,61
VGlut-F-400777,89,78,11,302,78,11,0.00039078639425701794,1.4037192997913452e-05,1.0459975448127388e-05,0.004472137078538767,89
VGlut-F-400778,786,430,356,9796,430,356,0.006117256718625581,0.0001541999755972829,0.00018093896464721037,0.03949550273855585,331
VGlut-F-400779,763,202,561,4042,202,561,0.0024926737087604092,1.4359301152187044e-05,3.417659968947458e-05,0.03833978192050651,312
VGlut-F-400780,1360,601,759,8195,601,759,0.01302130282227547,1.3982301286383978e-05,4.7090967751906875e-05,0.06833827445856992,352
VGlut-F-400783,62,4,58,353,4,58,1.1053083521852438e-05,5.530594296595895e-09,7.959908083545438e-06,0.003115421335611276,58
VGlut-F-400784,469,187,282,4018,187,282,0.004538535986465936,1.103855739926458e-05,1.9316968524004015e-05,0.023566654941962716,352
VGlut-F-400785,199,19,180,637,19,180,8.638998348888331e-05,2.0196114335970618e-07,8.370975088711907e-06,0.009999497512687805,139
VGlut-F-400786,482,200,282,3658,200,282,0.004822315042590086,5.831859816904842e-06,1.8750273813080514e-05,0.024219888447816692,352
VGlut-F-400787,352,221,131,1617,221,131,0.0028989952819127008,2.5849527204493978e-05,9.00756035845388e-05,0.01768755338927692,239
VGlut-F-400788,1595,959,636,8455,959,636,0.021437033260966677,2.1409043057362415e-05,7.887332244937566e-05,0.08014672629516105,352
VGlut-F-400789,271,259,12,723,259,12,0.007747052244393831,1.2121325175764631e-05,1.957604701881145e-05,0.013617406160494448,249
VGlut-F-400790,357,157,200,1612,157,200,0.005474875217421215,4.691645369997864e-05,2.852660384034399e-05,0.017938797045374603,236
VGlut-F-400791,277,216,61,1275,216,61,0.001074292294866311,9.328471691646145e-06,3.100289377607563e-05,0.013918898547811668,197
VGlut-F-400792,66,23,43,271,23,43,8.915891281537028e-05,8.643128325982955e-08,1.225133340739396e-05,0.0033164162604894225,62
VGlut-F-400794,175,84,91,746,84,91,0.0003621332510698637,1.3757134698014675e-06,1.0910160708646585e-05,0.008793527963418923,172
VGlut-F-400795,168,76,92,1331,76,92,0.00021724942856121522,4.869331248319244e-07,8.92176294558742e-05,0.008441786844882167,92
VGlut-F-400796,421,163,258,3431,163,258,0.004031011370443342,3.108904348845778e-06,1.7869706209186556e-05,0.021154715843424952,352
VGlut-F-400797,533,176,357,8374,176,357,0.002580544616941976,0.0016897699439674665,4.8536463033585335e-05,0.026782573740013065,348
VGlut-F-400798,747,369,378,16000,369,378,0.004838251134434889,0.011563239953649627,9.059062341038177e-05,0.03753580222099392,348
VGlut-F-400802,481,300,181,1953,300,181,0.004630879824882175,3.0340810612159595e-05,6.917624444625576e-05,0.024169639716597156,290
VGlut-F-400803,344,176,168,1354,176,168,0.0005255481506750869,3.8139419808811095e-07,7.651696032480363e-05,0.017285563539520626,173
VGlut-F-400804,156,79,77,1047,79,77,0.00022698015947320965,1.5622182008710266e-06,2.9611148184801515e-05,0.007838802070247727,116
VGlut-F-400805,98,36,62,456,36,62,0.00010697813190866948,3.9021894071939506e-07,1.732121016921497e-05,0.004924375659514597,76
VGlut-F-400806,304,238,66,1396,238,66,0.0035173129955329585,1.9903466074763804e-05,7.870484166507358e-05,0.015275614290739158,241
VGlut-F-400807,896,18,878,10150,18,878,0.00018515086928753605,6.287587316043971e-07,8.365779878992796e-06,0.04502286317270489,352
VGlut-F-400808,457,209,248,3802,209,248,0.006110948556279823,2.170783033189289e-05,2.808103885784895e-05,0.022963670167328275,352
VGlut-F-400809,192,51,141,862,51,141,0.00045355923428174095,4.454715997677003e-06,2.155769387907233e-05,0.009647756394151047,121
VGlut-F-400810,1260,1142,118,7891,1142,118,0.024936023352780053,5.523410718498632e-05,0.00010777121342343551,0.06331340133661625,352
VGlut-F-400811,1256,905,351,6701,905,351,0.022393390530266843,3.837854281790987e-05,7.417904047781291e-05,0.0631124064117381,352
VGlut-F-400812,296,128,168,1290,128,168,0.0015106629654282992,1.3535094182301462e-05,8.21799719448716e-05,0.014873624440982865,228
VGlut-F-400813,356,72,284,1208,72,284,0.000883925913967436,1.6456259903802515e-06,1.1078507481819581e-05,0.017888548314155067,175
VGlut-F-400815,231,101,130,716,101,130,0.00023806764263314712,8.810361069190398e-08,1.934095424902961e-05,0.01160745691171298,150
VGlut-F-400816,307,40,267,1109,40,267,0.00018043013472727792,2.3982479915638836e-07,1.2648674895650926e-05,0.015426360484397768,174
VGlut-F-400817,1020,635,385,6150,635,385,0.013807469658121543,2.879612346997638e-05,6.0106877902010796e-05,0.05125370584392744,352
VGlut-F-400818,519,115,404,1754,115,404,0.001027620624580537,1.5728315034491117e-06,1.7854020007636683e-05,0.02607909150293955,227
VGlut-F-400819,606,264,342,3607,264,342,0.004328359407372385,5.8560263395970536e-05,4.6338988711315066e-05,0.030450731119039245,296
VGlut-F-400821,504,248,256,1953,248,256,0.0036007121180562933,3.3805605816610526e-05,6.678008350806896e-05,0.0253253605346465,276
VGlut-F-400822,132,14,118,415,14,118,0.0001816743668105412,1.73456912888439e-07,1.0163910188218973e-05,0.006632832520978845,124
VGlut-F-400823,466,190,276,2888,190,276,0.0032337385430112474,2.4166920344154e-05,4.093485301942935e-05,0.023415908748304105,308
VGlut-F-400825,362,200,162,1822,200,162,0.0030997205547601027,1.1611349646905155e-05,3.1176282349178666e-05,0.018190040701472288,209
VGlut-F-400826,447,197,250,3000,197,250,0.0030507532085539343,1.2537923943180128e-05,6.30252971321007e-05,0.02246118285513291,277
VGlut-F-400827,846,439,407,12045,439,407,0.006178986036759579,0.00019827446973314674,0.00018103459840325693,0.042510426611728054,331
VGlut-F-400828,1260,768,492,9102,768,492,0.01684384627470186,3.579501135834921e-05,7.881954532743381e-05,0.06331340133661625,352
VGlut-F-400829,481,243,238,3454,243,238,0.00457760090282092,3.341249947033394e-05,6.101495153599398e-05,0.024169639716597156,320
VGlut-F-400830,113,55,58,578,55,58,0.0005414779701131678,8.722849893419686e-06,1.7162862620964486e-05,0.0056781066278076475,97
VGlut-F-400831,35,26,9,122,26,9,6.217075814007947e-05,2.5471426713592568e-08,1.3928298400614361e-05,0.0017587055926837848,34
VGlut-F-400832,441,243,198,2493,243,198,0.006468830936194033,1.0595638011871588e-05,2.199552231432907e-05,0.022159690467815688,352
VGlut-F-400833,92,49,43,538,49,43,0.000423492457095071,5.697647875874702e-06,1.7612238880055853e-05,0.004622883272197377,87
VGlut-F-400834,129,48,81,568,48,81,6.462258135903446e-05,3.4152612407369084e-08,1.806162998942901e-05,0.006482086327320235,95
VGlut-F-400835,36,28,8,118,28,8,8.628312311760452e-05,3.04005963108715e-08,1.9787860180388183e-05,0.0018089543239033215,35
VGlut-F-400836,446,217,229,3300,217,229,0.003788996625842471,4.9053218972088033e-05,5.291028706231619e-05,0.02241093412391337,313
VGlut-F-400837,4,2,2,12,2,2,1.8084245193797564e-06,4.606775108704263e-10,1.3966995532914407e-05,0.00020099492487814683,4
VGlut-F-400840,7,4,3,18,4,3,1.3041543010975878e-05,1.932803716069297e-09,8.931234840123847e-06,0.00035174111853675694,7
VGlut-F-400841,8,7,1,15,7,1,8.911437071611318e-06,1.4793348410029277e-09,1.5817738823230688e-05,0.00040198984975629365,7
VGlut-F-400842,222,155,67,1413,155,67,0.002087844309029575,1.0877393386822979e-05,8.27390892713034e-05,0.01115521833073715,151
VGlut-F-400843,525,327,198,4922,327,198,0.005185161064081828,0.00013753571669725148,7.839823362628178e-05,0.02638058389025677,321
VGlut-F-400844,331,116,215,2575,116,215,0.0014568501313171661,4.169580891426513e-06,1.4837576658160845e-05,0.01663233003366665,279
VGlut-F-400845,271,58,213,1343,58,213,0.0010315836406017168,7.626925336017168e-07,1.575177132458299e-05,0.013617406160494448,201
VGlut-F-400846,331,253,78,2147,253,78,0.004294111015051026,3.834792155245806e-05,6.559890204475221e-05,0.01663233003366665,239
VGlut-F-400847,520,270,250,3998,270,250,0.007203433144748883,1.703142830381249e-05,3.075550858648975e-05,0.02612934023415909,352
VGlut-F-400848,410,222,188,1718,222,188,0.002993455263685385,8.650265815505192e-06,6.889280103221611e-05,0.02060197980001005,270
VGlut-F-400849,116,105,11,567,105,11,0.00033700150534024125,2.2893030116234313e-07,4.206839319929369e-05,0.005828852821466258,93
VGlut-F-400850,197,119,78,834,119,78,0.0007226472055909382,7.892233591442406e-06,2.064406247955487e-05,0.009899000050248732,136
VGlut-F-400851,1738,1507,231,12736,1507,231,0.03226695533137247,7.25498296627785e-05,0.00014853327641811543,0.0873322948595548,352
VGlut-F-400852,380,242,138,2265,242,138,0.0030797434877256687,9.686697100732682e-06,3.830964547844873e-05,0.01909451786342395,209
VGlut-F-400853,273,263,10,1165,263,10,0.003566068235375836,1.8959062082942576e-05,0.00010903303753610182,0.01371790362293352,227
VGlut-F-400854,423,84,339,2606,84,339,0.0031566435115508674,1.4221750190788154e-05,1.7994541899036983e-05,0.021255213305864027,236
VGlut-F-400857,482,177,305,2347,177,305,0.0015724175517229557,1.4593280582389426e-06,2.906308543474808e-05,0.024219888447816692,209
VGlut-F-400858,120,16,104,479,16,104,5.64401488559604e-05,3.970782828717889e-08,1.4054998477776559e-05,0.006029847746344405,99
VGlut-F-400860,103,102,1,378,102,1,0.00017575755464895563,1.364704689699318e-07,4.960521993421257e-05,0.0051756193156122805,79
VGlut-F-400861,257,26,231,789,26,231,0.00011043718838041785,3.156035840869841e-07,8.776063470771321e-06,0.012913923923420934,144
VGlut-F-400862,789,438,351,7774,438,351,0.0064415255002085395,0.00013535825930936142,0.00011232570103859918,0.03964624893221446,331
VGlut-F-400863,572,224,348,2866,224,348,0.0019978602663404833,2.3255363435811777e-05,2.8234576512812205e-05,0.028742274257574998,205
VGlut-F-400864,517,226,291,2321,226,291,0.002439261001041871,7.982882895109396e-06,5.488612862931356e-05,0.02597859404050048,269
VGlut-F-400865,1188,320,868,10131,320,868,0.004731995487689622,0.00010963910972130843,9.820311870856019e-05,0.05969549268880961,352
VGlut-F-400866,586,218,368,3358,218,368,0.0036720499309175225,2.0093352435061348e-05,6.763122746239253e-05,0.02944575649464851,296
VGlut-F-400867,1193,369,824,7806,369,824,0.004884277642553552,7.200761064310156e-05,9.55225774646818e-05,0.05994673634490729,352
VGlut-F-400868,531,203,328,3056,203,328,0.0030748649850268674,2.1511121487404414e-05,4.415227147050507e-05,0.02668207627757399,293
VGlut-F-400869,156,125,31,743,125,31,0.0005698789099190456,4.6530459562066206e-06,1.2818212360355058e-05,0.007838802070247727,155
VGlut-F-400870,602,377,225,3324,377,225,0.005851187115752371,3.4333228615689705e-05,9.307159788163665e-05,0.030249736194161096,331
VGlut-F-400871,3,2,1,8,2,1,1.364735373465422e-06,5.936951203042188e-10,7.759375105124723e-06,0.0001507461936586101,3
VGlut-F-400872,712,366,346,9811,366,346,0.0055861199462790894,0.000161549581649705,0.0001618381628146833,0.035777096628310134,331
VGlut-F-400873,475,202,273,2955,202,273,0.002696579422378827,1.3317051304102298e-05,5.3724292774667346e-05,0.023868147329279936,293
VGlut-F-400874,1215,338,877,7391,338,877,0.005061109074245885,0.0001350446137068954,0.00015314955475565265,0.0610522084317371,352
VGlut-F-400875,288,224,64,1723,224,64,0.0012032306102549965,8.184655996680762e-06,2.7577233036984827e-05,0.014471634591226572,211
VGlut-F-400876,470,175,295,4511,175,295,0.004800952006246049,2.7047898872711256e-05,1.867703516968845e-05,0.02361690367318225,352
VGlut-F-400877,900,444,456,11172,444,456,0.006451989230989495,0.0001773360264710128,0.00013900653036636885,0.04522385809758304,331
VGlut-F-400879,277,169,108,1685,169,108,0.0027617755931392154,0.0012399449973139799,2.875566377861943e-05,0.013918898547811668,252
VGlut-F-400880,124,64,60,550,64,60,0.001358452063005478,1.3386784316029987e-06,1.3692829540201335e-05,0.006230842671222552,107
VGlut-F-400881,466,169,297,3431,169,297,0.0028005125911402936,1.2437862604410415e-05,3.10654021089646e-05,0.023415908748304105,301
VGlut-F-400882,283,71,212,1916,71,212,0.0010638316151517226,1.7480204790613272e-05,1.8438480908068795e-05,0.014220390935128889,259
VGlut-F-400883,1348,812,536,6388,812,536,0.018869047755145994,2.6505155816997916e-05,7.376898371734428e-05,0.06773528968393548,352
VGlut-F-400884,138,75,63,948,75,63,0.00026456764545865446,1.34813670151785e-06,3.5396632106700835e-05,0.0069343249082960655,106
VGlut-F-400886,1441,951,490,12112,951,490,0.022591540471126294,5.083757037361476e-05,0.00013111686295839473,0.0724084216873524,352
VGlut-F-400887,886,442,444,12981,442,444,0.006698558994662762,0.00023569766377282432,0.00022377135810012588,0.04452037586050952,331
VGlut-F-400889,282,93,189,1440,93,189,0.0009217992211219693,1.6448423521406014e-05,1.6856293679516923e-05,0.014170142203909351,248
VGlut-F-400890,451,240,211,3716,240,211,0.0060723717847082056,1.0830015712918118e-05,2.5075193779543098e-05,0.022662177780011054,352
VGlut-F-400891,411,272,139,2433,272,139,0.003832499868544689,0.0024971707396033893,3.276528796015889e-05,0.020652228531229586,314
VGlut-F-400892,107,64,43,643,64,43,0.00011925823816406882,8.404825818356876e-08,4.999482186678754e-05,0.005376614240490428,86
VGlut-F-400893,830,445,385,9796,445,385,0.00708092944446368,0.00016839444170771222,0.00014145244727032237,0.041706446912215464,331
VGlut-F-400894,906,452,454,10540,452,454,0.006726149170053375,0.0001382813751371762,0.00014682355818611338,0.04552535048490026,331
VGlut-F-400895,1303,267,1036,15399,267,1036,0.0037295908067411523,8.689150304300929e-05,0.00015618889792911572,0.06547409677905633,352
VGlut-F-400896,113,15,98,521,15,98,6.577326458019785e-05,2.8714993025951763e-08,1.23218835222826e-05,0.0056781066278076475,94
VGlut-F-400897,936,558,378,12270,558,378,0.007524242058318056,0.00024249852489087543,0.00027825301854103325,0.04703281242148636,331
VGlut-F-400898,790,497,293,7393,497,293,0.006336981186647371,0.0062070230108005435,5.4741411806743704e-05,0.039696497663434,348
VGlut-F-400899,95,55,40,504,55,40,0.0008221557144786637,8.163073433140459e-07,1.4417569338372706e-05,0.004773629465855987,92
VGlut-F-400900,524,225,299,4813,225,299,0.006249917292673463,1.6838064727426043e-05,2.5220502719824535e-05,0.026330335159037235,352
VGlut-F-400901,593,205,388,4334,205,388,0.005289667516266509,2.3602013127483962e-05,2.5053092768360375e-05,0.029797497613185266,352
VGlut-F-400902,460,209,251,3210,209,251,0.005609149237159725,1.4854834945124726e-05,2.254211700517142e-05,0.023114416360986885,352
VGlut-F-400903,578,284,294,4382,284,294,0.006693899875966828,1.237668185932017e-05,2.1262121340005095e-05,0.029043766644892218,352
VGlut-F-400904,82,37,45,416,37,45,0.0001749835774434505,1.0515376977861706e-07,2.923720037055859e-05,0.00412039596000201,78
VGlut-F-400905,762,229,533,4276,229,533,0.012040569914800809,1.7297216891054647e-05,4.621772079705326e-05,0.03828953318928697,348
VGlut-F-400906,813,448,365,11616,448,365,0.006677644879873482,0.00021782440582873973,0.00020239156183309232,0.04085221848148334,331
VGlut-F-400907,975,627,348,13245,627,348,0.009457018748677836,0.00020675580930916494,0.0002820052107554271,0.04899251293904829,331
VGlut-F-400908,753,421,332,8745,421,332,0.0065709349623128506,0.0001290967676216205,0.0001375202394662433,0.03783729460831114,331
VGlut-F-400909,434,160,274,2708,160,274,0.003757587900735674,3.981718772464885e-06,1.5947414590247856e-05,0.021807949349278932,352
VGlut-F-400910,500,44,456,1843,44,456,0.002714218745122192,1.5551787728814992e-06,1.1035277379834759e-05,0.025124365609768353,308
VGlut-F-400911,110,64,46,397,64,46,0.0006670355572996116,1.3235782975167318e-05,1.1952371912890023e-05,0.005527360434149038,91
VGlut-F-400913,452,176,276,2626,176,276,0.004515178432579526,7.030413828741132e-06,1.7256354035702134e-05,0.02271242651123059,352
VGlut-F-400914,145,46,99,621,46,99,0.0002380268734499197,3.0274038271265666e-07,3.009623029459936e-05,0.007286066026832822,126
VGlut-F-400915,510,244,266,3680,244,266,0.006064538698182757,1.4168761177007762e-05,2.1542199241900574e-05,0.02562685292196372,352
VGlut-F-400916,57,36,21,149,36,21,0.0003640546608856381,1.91584939493213e-06,8.948922253112225e-06,0.0028641776795135924,57
VGlut-F-400917,245,186,59,1588,186,59,0.0012546360863119764,2.9204334732521642e-05,2.1406131176907012e-05,0.012310939148786493,211
VGlut-F-400918,123,17,106,540,17,106,0.0003169678823267133,1.7960393816169496e-06,9.222876380523008e-06,0.0061805939400030145,111
VGlut-F-400919,460,226,234,3157,226,234,0.0054700456531955426,9.555400719548687e-06,1.693114466252364e-05,0.023114416360986885,352
VGlut-F-400920,118,26,92,933,26,92,0.00040312499759162447,3.783393183624814e-05,8.218612040517862e-06,0.0059293502839053314,116
VGlut-F-400921,534,216,318,4799,216,318,0.005617812874514547,1.2276847223998054e-05,2.3484907095046585e-05,0.0268328224712326,352
VGlut-F-400922,475,189,286,3976,189,286,0.004780649845056723,6.865419521931171e-06,1.7488991036210767e-05,0.023868147329279936,352
VGlut-F-400923,291,196,95,1417,196,95,0.0032116105314988343,1.8931519398868528e-05,5.559165044720724e-05,0.014622380784885182,229
VGlut-F-400925,89,31,58,473,31,58,3.696486322465378e-05,5.9554314689953446e-08,2.174031045810159e-05,0.004472137078538767,76
VGlut-F-400926,607,255,352,3345,255,352,0.0037705213488623203,5.7400669177126505e-05,4.8366739360891844e-05,0.03050097985025878,298
VGlut-F-400928,234,109,125,1392,109,125,0.0002985667682594118,2.498009722820917e-06,7.237191771983238e-05,0.01175820310537159,143
VGlut-F-500000,295,187,108,1251,187,108,0.001547386563470219,6.318838277395672e-06,3.461106365071518e-05,0.014823375709763328,186
VGlut-F-500001,111,69,42,485,69,42,0.0002480106693968624,1.1458682756896355e-07,2.527918541823246e-05,0.005577609165368575,88
VGlut-F-500002,695,460,235,6852,460,235,0.014694355072120675,0.0002867792660272632,0.00022952528927389047,0.03492286819757801,285
VGlut-F-500003,420,43,377,3962,43,377,0.0005277303103236305,6.906442443533738e-07,1.1298221593305877e-05,0.021104467112205417,168
VGlut-F-500005,96,55,41,471,55,41,0.00024561040631329144,2.8088496615197547e-07,1.6868601980435604e-05,0.004823878197075524,83
VGlut-F-500006,231,168,63,1455,168,63,0.001322477215656153,3.240189544913272e-05,3.768184900742444e-05,0.01160745691171298,188
VGlut-F-500007,533,273,260,4629,273,260,0.003784578431232002,0.0016733315112395456,2.1713022854471022e-05,0.026782573740013065,348
VGlut-F-500008,785,491,294,4251,491,294,0.006187769142200678,3.571449774634592e-05,0.0001459815646312488,0.03944525400733632,296
VGlut-F-500009,82,56,26,324,56,26,0.0001484889598637232,1.3852315353010874e-07,2.057926882067798e-05,0.00412039596000201,67
VGlut-F-500012,195,109,86,784,109,86,0.0005642221080417975,6.0012093398345844e-06,1.6872882423669678e-05,0.009798502587809657,138
VGlut-F-500013,45,21,24,284,21,24,1.0564804604251112e-05,2.4133876535555823e-09,2.9616995409966448e-05,0.0022611929048791516,36
VGlut-F-500014,687,98,589,4115,98,589,0.0003044545691638713,1.7358080748046483e-06,5.474024250519873e-05,0.03452087834782172,205
VGlut-F-500016,303,249,54,1258,249,54,0.0020943793785298047,5.73460926777244e-06,3.786244486774606e-05,0.015225365559519623,195
VGlut-F-500017,229,133,96,696,133,96,0.00016194756350811372,3.726911014052146e-08,3.7108914092535264e-05,0.011506959449273905,148
VGlut-F-500019,780,403,377,9874,403,377,0.006059790811012713,0.00015957655899628896,0.00017489165889619684,0.03919401035123863,331
VGlut-F-500020,476,199,277,3544,199,277,0.005230298085249641,6.4680085403856065e-06,1.8774858877642167e-05,0.02391839606049947,352
VGlut-F-500021,209,71,138,660,71,138,0.00036345924172784684,9.163249389182474e-06,1.072852961052269e-05,0.010501984824883171,146
VGlut-F-500022,202,133,69,1148,133,69,0.0010899025859802348,2.4263561266230817e-06,1.6458697646533405e-05,0.010150243706346415,188
VGlut-F-500023,216,177,39,1210,177,39,0.0035273259133636052,1.5174308922260933e-05,6.721112782055353e-05,0.010853725943419929,193
VGlut-F-500024,217,41,176,632,41,176,0.00022696787736572563,1.392807742961095e-06,8.868599642849058e-06,0.010903974674639466,147
VGlut-F-500025,757,456,301,7031,456,301,0.005779143853260092,0.004633810216939856,0.00010024958666277029,0.03803828953318929,348
VGlut-F-500026,300,226,74,1462,226,74,0.0014727949374665381,7.967535336419454e-06,3.6814678243079196e-05,0.015074619365861013,194
VGlut-F-500027,226,198,28,1567,198,28,0.004092219347234761,2.4540505976453978e-05,6.548567610457882e-05,0.011356213255615295,199
VGlut-F-500028,159,136,23,867,136,23,0.001077483664145758,9.33592294153164e-07,3.0109685087144386e-05,0.007989548263906337,156
VGlut-F-500029,544,228,316,2888,228,316,0.005711216995946352,0.0007040005241072806,3.925116226884408e-05,0.027335309783427967,257
VGlut-F-500030,205,173,32,1229,173,32,0.0017650360602139736,2.0769861404347755e-06,3.587211965273635e-05,0.010300989900005025,183
VGlut-F-500031,310,82,228,3287,82,228,0.0006461616149473637,3.641692328836154e-06,1.1239576544530401e-05,0.015577106678056379,234
VGlut-F-500032,543,293,250,5224,293,250,0.0019872126173909157,3.4788337136441864e-05,5.804311451476498e-05,0.02728506105220843,205
VGlut-F-500034,197,146,51,954,146,51,0.0012859948521815145,1.5017688585779423e-06,2.871931347319185e-05,0.009899000050248732,171
VGlut-F-500035,62,3,59,322,3,59,5.1340929509219544e-06,8.015983420406358e-10,7.784573206440065e-06,0.003115421335611276,62
VGlut-F-500036,860,598,262,5485,598,262,0.008318757960607015,0.006315901211483437,6.242221860234821e-05,0.043213908848801566,348
VGlut-F-500037,690,103,587,3487,103,587,0.0011335635742057587,1.9522311908428918e-06,3.949553350584348e-05,0.03467162454148033,296
VGlut-F-500038,444,191,253,4534,191,253,0.0016816562936064698,2.3076183205612496e-05,2.4084203166474165e-05,0.0223104366614743,271
VGlut-F-500039,272,138,134,1729,138,134,0.0011060744302483138,7.606204275569434e-06,1.77572840824225e-05,0.013667654891713983,205
VGlut-F-500040,286,158,128,1359,158,128,0.002161777048723734,0.00037940412023458353,3.451450761473488e-05,0.014371137128787499,228
VGlut-F-500041,65,8,57,267,8,57,3.5017847225700864e-05,2.8025597841528775e-08,9.392762979453164e-06,0.003266167529269886,59
VGlut-F-500042,839,137,702,5399,137,702,0.000393249343760134,2.6034726221128237e-06,0.000112281065125007,0.042158685493191295,207
VGlut-F-500044,106,78,28,464,78,28,0.0001732100942092895,9.179074181613299e-08,3.7494469053450734e-05,0.005326365509270891,79
VGlut-F-500046,198,52,146,1046,52,146,0.0008134238028137932,1.3617508580553446e-05,1.904510455834916e-05,0.009949248781468268,185
VGlut-F-500047,934,227,707,4956,227,707,0.0038870774220671816,2.0384152304308874e-05,3.928703258657918e-05,0.04693231495904728,296
VGlut-F-500049,60,40,20,233,40,20,0.00015568506152428938,1.743546837319127e-07,1.6257748261586563e-05,0.0030149238731722026,55
VGlut-F-500050,435,207,228,2408,207,228,0.0035777968607125375,2.2348657260662173e-05,4.915704037810566e-05,0.021858198080498468,308
VGlut-F-500051,175,93,82,1267,93,82,0.0002603730486917722,1.1965403768534224e-06,3.428510989620654e-05,0.008793527963418923,121
VGlut-F-500052,94,59,35,358,59,35,0.00018832309245589136,1.1176722190055334e-07,1.8036668050608276e-05,0.004723380734636451,78
VGlut-F-500053,858,626,232,6113,626,232,0.00849074393972097,0.00622708120582731,7.388482193241296e-05,0.043113411386362495,348
VGlut-F-500054,326,219,107,1672,219,107,0.0035420940739263394,1.9014369002111556e-05,7.665533096859406e-05,0.016381086377568965,245
VGlut-F-500055,281,34,247,1039,34,247,0.0010510548960430742,9.404720552409624e-07,1.8851312081655975e-05,0.014119893472689814,141
VGlut-F-500056,414,96,318,1521,96,318,0.0008899923136698882,6.791413928368063e-06,1.2783526817196915e-05,0.020802974724888196,252
VGlut-F-500057,146,120,26,996,120,26,0.0006058651102496614,8.566699402822045e-06,1.484249658142412e-05,0.007336314758052359,146
VGlut-F-500058,143,119,24,955,119,24,0.0005958895067773768,6.8032127265170435e-06,1.4370383585162551e-05,0.0071855685643937494,143
VGlut-F-500061,192,112,80,647,112,80,0.0015906908622135537,1.0463109247421857e-05,4.631741039273424e-05,0.009647756394151047,174
VGlut-F-500062,281,245,36,1589,245,36,0.003809753395024294,3.115609741879887e-05,4.667535506689418e-05,0.014119893472689814,245
VGlut-F-500063,560,323,237,1929,323,237,0.0034791688842969615,5.558215311015429e-06,8.193440249040509e-05,0.028139289482940557,161
VGlut-F-500064,186,120,66,553,120,66,0.0009522043171205415,3.345093268537058e-07,1.7031494166096518e-05,0.009346264006833827,174
VGlut-F-500065,136,106,30,552,106,30,0.0023709437451464466,6.580713775714461e-06,2.1150746302296823e-05,0.006833827445856992,133
VGlut-F-500066,374,110,264,1996,110,264,0.0023347519777092026,5.943927582506734e-06,2.2124705601487507e-05,0.01879302547610673,236
VGlut-F-500068,185,134,51,845,134,51,0.0020228177322068794,4.013354883250275e-06,2.4472098795244747e-05,0.009296015275614291,177
VGlut-F-500069,91,52,39,274,52,39,0.0005444275684328154,2.930864687638566e-06,1.3886966379677622e-05,0.0045726345409778405,88
VGlut-F-500070,241,100,141,876,100,141,0.002448252492582229,6.784037535268508e-05,1.572738454840119e-05,0.012109944223908346,199
VGlut-F-500071,181,83,98,1294,83,98,0.0011891451639885415,3.2544253753768966e-06,1.5851463570839895e-05,0.009095020350736144,170
VGlut-F-500072,1040,731,309,10286,731,309,0.009316086524032496,0.008159033825010608,8.969821497437246e-05,0.05225868046831818,348
VGlut-F-500073,102,71,31,532,71,31,0.0006000811042438987,6.51811236923939e-07,2.8186278417763153e-05,0.005125370584392744,87
VGlut-F-500075,183,126,57,1103,126,57,0.0005953020571423446,3.3836635052476715e-06,1.3744218907566806e-05,0.009195517813175217,182
VGlut-F-500076,334,240,94,1777,240,94,0.0009567780296486227,2.2738146239720926e-06,3.595639823189704e-05,0.01678307622732526,208
VGlut-F-500077,383,164,219,3092,164,219,0.0019557046091538805,9.95261617021739e-06,3.489445372009241e-05,0.01924526405708256,253
VGlut-F-500078,8,7,1,17,7,1,1.8064118125917717e-05,6.141127742182137e-09,1.274758451650189e-05,0.00040198984975629365,8
VGlut-F-500079,71,22,49,304,22,49,5.242208633729631e-05,2.8774678114667242e-08,1.1730445219958397e-05,0.003567659916587106,65
VGlut-F-500080,385,323,62,2198,323,62,0.005287249712227881,2.229248508611758e-05,7.440687527461869e-05,0.019345761519521634,213
VGlut-F-500082,377,293,84,1887,293,84,0.0016107831576787676,1.0306288846706064e-05,5.968280066440433e-05,0.01894377166976534,211
VGlut-F-500083,453,242,211,2460,242,211,0.003967889487806963,4.573445976332066e-05,4.653733991804542e-05,0.02276267524245013,312
VGlut-F-500084,191,140,51,1172,140,51,0.0011181338177066486,2.7022191771816684e-06,2.7535367766325297e-05,0.009597507662931512,179
VGlut-F-500085,464,270,194,3101,270,194,0.001811938637962096,1.9543290601408814e-05,3.6612321041256575e-05,0.02331541128586503,233
VGlut-F-500086,57,24,33,242,24,33,6.509460587043016e-05,2.885409935709565e-08,1.3532853277010484e-05,0.0028641776795135924,55
VGlut-F-500087,128,119,9,1148,119,9,0.0003710922715014994,3.588918893231158e-05,7.018299254482802e-05,0.0064318375961006985,94
VGlut-F-500088,85,42,43,381,42,43,8.975264089918483e-05,1.3257111637003815e-07,1.3724064861811278e-05,0.00427114215366062,72
VGlut-F-500089,75,47,28,340,47,28,0.00018732369104021733,2.405213888889081e-07,2.231207943599563e-05,0.003768654841465253,68
VGlut-F-500090,122,104,18,463,104,18,0.00035278203721016865,2.433895437397545e-07,3.286760494265689e-05,0.006130345208783478,98
VGlut-F-500091,355,112,243,1786,112,243,0.0010284749691238087,3.876738342886446e-06,4.946884714389472e-05,0.01783829958293553,222
VGlut-F-500092,245,139,106,1448,139,106,0.0006166993859768387,4.9232064902345165e-06,1.677381304230891e-05,0.012310939148786493,205
VGlut-F-500093,259,200,59,1303,200,59,0.0026238536436184574,1.0684161594120603e-05,3.4349068478279544e-05,0.013014421385860007,201
VGlut-F-500094,307,71,236,2708,71,236,0.0009426890879335914,4.508954855458351e-06,1.603746183632767e-05,0.015426360484397768,249
VGlut-F-500096,481,61,420,2364,61,420,0.0009012668104432004,8.218588332750668e-06,1.0504176190404182e-05,0.024169639716597156,261
VGlut-F-500097,593,399,194,3900,399,194,0.005955125294366294,1.7700584621155292e-05,0.00014886579810480602,0.029797497613185266,266
VGlut-F-500099,467,246,221,3496,246,221,0.004167020083138578,8.430414078163286e-05,3.5960941228372255e-05,0.02346615747952364,306
VGlut-F-500100,262,202,60,1240,202,60,0.0015507943833044662,1.6699376586735192e-06,3.508312997503771e-05,0.013165167579518617,190
VGlut-F-500101,230,177,53,1276,177,53,0.0016152588124870916,1.919601071570792e-05,3.7929109814620846e-05,0.011557208180493442,194
VGlut-F-500102,87,68,19,243,68,19,0.00047810158380323344,1.203176928014399e-06,9.419033751485714e-06,0.004371639616099694,87
VGlut-F-500103,173,117,56,981,117,56,0.0006308255577108192,3.811090447638935e-06,1.3084734012368568e-05,0.00869303050097985,168
VGlut-F-500104,107,74,33,375,74,33,0.0002658983754141121,7.76518081670102e-08,2.8075558608246917e-05,0.005376614240490428,92
VGlut-F-500105,94,63,31,445,63,31,0.0003150280059393384,7.189875556210224e-07,2.504802271239762e-05,0.004723380734636451,77
VGlut-F-500106,340,170,170,1916,170,170,0.003946691228479391,6.8560161738459845e-06,5.000632305051334e-05,0.01708456861464248,209
VGlut-F-500107,208,153,55,870,153,55,0.0009391515786899324,1.455240574447133e-05,1.5255721859476679e-05,0.010451736093663636,193
VGlut-F-500108,232,174,58,1222,174,58,0.0022531588047469287,2.246228386573306e-06,2.9078597987814846e-05,0.011657705642932515,198
VGlut-F-500109,309,102,207,2011,102,207,0.000904112003016722,3.565132816514435e-06,1.8006881773961766e-05,0.015526857946836843,205
VGlut-F-500110,298,146,152,915,146,152,0.0002706933411728579,9.794000050572202e-08,2.9717410612566494e-05,0.014974121903421938,148
VGlut-F-500111,181,45,136,653,45,136,0.0003789519615864653,1.2036660675598397e-05,9.981814194300007e-06,0.009095020350736144,147
VGlut-F-500112,304,255,49,1598,255,49,0.003209793557249823,5.029316164515704e-06,5.673543548016529e-05,0.015275614290739158,202
VGlut-F-500113,309,132,177,1989,132,177,0.0009982838558198438,2.4089711077510326e-05,2.2341157635008476e-05,0.015526857946836843,205
VGlut-F-500114,342,210,132,2248,210,132,0.001496116787514694,1.2822327195729683e-05,2.1523513032768575e-05,0.017185066077081555,205
VGlut-F-500115,124,78,46,481,78,46,0.00018910557948932538,5.895979400261442e-08,4.064026322135242e-05,0.006230842671222552,97
VGlut-F-500116,547,474,73,4063,474,73,0.007056538993505569,0.004531261133520137,0.00010989805104423894,0.027486055977086577,348
VGlut-F-500117,164,139,25,688,139,25,0.0016355749651689603,1.4691497881853336e-06,2.2822277712291558e-05,0.00824079192000402,158
VGlut-F-500118,354,255,99,2357,255,99,0.0010969380998284855,3.745564342385061e-06,3.9470012935707837e-05,0.017788050851715993,211
VGlut-F-500119,382,305,77,1648,305,77,0.003646921168050774,1.861914613580554e-05,0.00010899947654048689,0.019195015325863023,257
VGlut-F-500120,87,67,20,419,67,20,0.0005333008163421286,1.1262601144812306e-06,2.706201223202359e-05,0.004371639616099694,73
VGlut-F-500121,94,8,86,507,8,86,0.0001263408967372346,2.1640926942953008e-07,9.736699327794004e-06,0.004723380734636451,88
VGlut-F-500122,161,116,45,561,116,45,0.000925654592710396,4.964769348761558e-06,1.731432073224839e-05,0.00809004572634541,159
VGlut-F-500123,666,433,233,4393,433,233,0.006031102141786591,0.004690185469650836,4.2234964675050476e-05,0.03346565499221145,348
VGlut-F-500124,264,101,163,1099,101,163,0.0014344098042537753,6.466738872371913e-06,4.899701462470881e-05,0.01326566504195769,175
VGlut-F-500125,10,6,4,24,6,4,1.5596221545166863e-05,9.422154637812366e-09,9.92269185034435e-06,0.000502487312195367,10
VGlut-F-500127,45,40,5,122,40,5,0.00019270660004536903,2.868094125518519e-07,2.156584517946704e-05,0.0022611929048791516,42
VGlut-F-500128,207,123,84,751,123,84,0.0009623379582407882,2.4018767137554326e-06,5.752935726021239e-05,0.010401487362444098,167
VGlut-F-500129,232,138,94,935,138,94,0.0014495952185352638,2.9939927570293534e-06,1.9557075284693643e-05,0.011657705642932515,199
VGlut-F-500130,152,48,104,826,48,104,0.0007411418733339233,9.201793753518823e-05,1.0703342230031871e-05,0.007637807145369579,150
VGlut-F-500131,142,57,85,716,57,85,0.00018114234546755346,2.2891875516874627e-07,3.458011215584411e-05,0.007135319833174212,114
VGlut-F-500132,167,84,83,612,84,83,0.0007153207152271559,1.5495101879964141e-06,2.9056182391009296e-05,0.00839153811366263,149
VGlut-F-500133,310,87,223,1350,87,223,0.0010354434345057767,1.5900675275909002e-05,1.567109802362823e-05,0.015577106678056379,262
VGlut-F-500134,288,54,234,3240,54,234,0.0007989362609281651,6.70722592150621e-06,1.537129864578096e-05,0.014471634591226572,260
VGlut-F-500136,298,178,120,987,178,120,0.0017314516205553922,4.9032794398653015e-06,3.5870445294158745e-05,0.014974121903421938,201
VGlut-F-500137,307,112,195,1029,112,195,0.002132900722395078,6.268165330989296e-06,1.569084883681701e-05,0.015426360484397768,202
VGlut-F-500138,486,208,278,2274,208,278,0.0008057256824268061,3.5093748086413783e-06,3.6439341023659535e-05,0.02442088337269484,186
VGlut-F-500140,264,208,56,1729,208,56,0.0018852664368415957,2.7214783030303105e-06,3.6638600270748585e-05,0.01326566504195769,200
VGlut-F-500141,208,166,42,1085,166,42,0.0021886623484955927,1.7540211945361946e-06,3.4855603937869784e-05,0.010451736093663636,182
VGlut-F-500142,256,220,36,1786,220,36,0.0028387343180456353,4.415731099536808e-06,4.813939803862427e-05,0.012863675192201397,200
VGlut-F-500143,224,105,119,916,105,119,0.00045439907356217954,2.454235684572027e-06,1.1925211378699483e-05,0.011255715793176222,202
VGlut-F-500144,240,194,46,1317,194,46,0.00256746413315835,3.3700749568674824e-06,3.850613362377671e-05,0.01205969549268881,197
VGlut-F-500145,373,354,19,1881,354,19,0.001397964615365854,4.811580890254507e-06,8.217547733194043e-05,0.018742776744887193,176
VGlut-F-500146,289,197,92,1478,197,92,0.0008713564018420161,4.977717422027533e-06,2.8487611072314155e-05,0.014521883322446109,211
VGlut-F-500148,362,161,201,1795,161,201,0.003998990436383417,3.0360403368942713e-05,3.645468910736904e-05,0.018190040701472288,215
VGlut-F-500149,897,470,427,13040,470,427,0.006747099735949589,0.0002500728567893886,0.0002165548807067372,0.04507311190392443,331
VGlut-F-500150,444,171,273,2515,171,273,0.003981567084917639,2.208943282766504e-05,3.8706005150138533e-05,0.0223104366614743,266
VGlut-F-500151,153,82,71,959,82,71,0.0002885924211401928,9.158160673022352e-07,3.215605577813654e-05,0.0076880558765891165,108
VGlut-F-500152,137,70,67,959,70,67,0.0002565720745821081,2.5859842499716027e-07,2.121275120386331e-05,0.006884076177076529,114
VGlut-F-500153,203,128,75,1393,128,75,0.00035733729234875143,1.2555055321654703e-06,4.6077517004319916e-05,0.01020049243756595,121
VGlut-F-500154,241,179,62,1711,179,62,0.0018428096967275068,1.789662275760966e-05,4.0063127276412214e-05,0.012109944223908346,198
VGlut-F-500155,301,242,59,2313,242,59,0.0026590372314870027,4.09402548468174e-06,5.909214291596587e-05,0.015124868097080548,202
VGlut-F-500157,276,99,177,2088,99,177,0.001135998245055377,6.584461915782255e-06,1.913064935841308e-05,0.013868649816592131,237
VGlut-F-500158,323,138,185,1390,138,185,0.0016235879281497054,6.127028925066515e-06,6.197965952361638e-05,0.016230340183910355,250
VGlut-F-500159,171,12,159,1020,12,159,0.00010936128184367359,1.5064648969942897e-07,7.786802056990328e-06,0.008592533038540778,171
VGlut-F-500160,106,67,39,441,67,39,0.00037618591989799596,7.202741881099878e-07,1.0121869604986881e-05,0.005326365509270891,106
VGlut-F-500161,85,64,21,352,64,21,0.0002819126804475939,2.0435593778737794e-07,1.615148546819533e-05,0.00427114215366062,76
VGlut-F-500163,104,16,88,551,16,88,0.0002503582855166357,1.3707230959210324e-06,9.507535264821149e-06,0.005225868046831818,98
VGlut-F-500164,668,38,630,4986,38,630,0.0014268789397159842,7.0754109888882865e-06,9.661197835667449e-06,0.03356615245465052,245
VGlut-F-500166,231,55,176,1927,55,176,2.330947843963308e-05,1.1286127288910627e-08,7.18462931039056e-05,0.01160745691171298,121
VGlut-F-500167,643,348,295,2385,348,295,0.003726239869312472,1.572701533547621e-05,7.347760421265958e-05,0.0323099341741621,282
VGlut-F-500168,480,210,270,3033,210,270,0.005159353127748752,6.868975433777051e-06,1.7080040807271796e-05,0.02411939098537762,352
VGlut-F-500169,243,128,115,1045,128,115,0.0005243005244647055,1.4279078159963943e-06,1.3472257715726878e-05,0.01221044168634742,210
VGlut-F-500170,488,185,303,2027,185,303,0.003280926810236163,1.402607619603575e-05,2.1163377204168854e-05,0.024521380835133912,296
VGlut-F-500171,150,60,90,737,60,90,0.000404202344625082,5.129791488705608e-07,3.158827445625706e-05,0.007537309682930506,130
VGlut-F-500172,164,1,163,661,1,163,1.6713553309651386e-08,2.1316538726574532e-13,7.578798085822598e-06,0.00824079192000402,152
VGlut-F-500173,642,354,288,6823,354,288,0.0050147185549899755,0.00038039389710039357,0.0003214809520570988,0.03225968544294257,297
VGlut-F-500174,73,8,65,353,8,65,8.396489074527658e-05,3.9949236755095566e-08,1.3036157966602888e-05,0.0036681573790261794,63
VGlut-F-500176,170,120,50,759,120,50,0.0007935053384840296,5.281036089643509e-06,2.4353658388946696e-05,0.00854228430732124,152
VGlut-F-500177,1291,770,521,9277,770,521,0.015516063974250463,3.69282708345776e-05,7.670547104225919e-05,0.06487111200442189,352
VGlut-F-500178,243,194,49,1160,194,49,0.0010354172351315057,6.662524265097442e-06,2.1482387881740164e-05,0.01221044168634742,190
VGlut-F-500181,316,184,132,1350,184,132,0.002546272088643465,8.249438569228851e-06,6.103610371139569e-05,0.0158785990653736,222
VGlut-F-500182,258,221,37,896,221,37,0.004044281246684348,1.1496233483164888e-05,2.648068991786301e-05,0.01296417265464047,202
VGlut-F-500183,536,348,188,3226,348,188,0.0019836499276782655,3.135585188559951e-05,6.861437045784552e-05,0.026933319933671675,231
VGlut-F-500184,616,356,260,2591,356,260,0.006092961815507218,3.2010258129706455e-06,2.514934860344837e-05,0.03095321843123461,352
VGlut-F-500185,617,365,252,2592,365,252,0.00215915730633658,2.4774991292293145e-05,8.028872598970851e-05,0.031003467162454147,168
VGlut-F-500186,172,80,92,657,80,92,0.00013636701226533166,1.46893077055584e-07,4.006040256651752e-05,0.008642781769760313,101
VGlut-F-500188,202,79,123,834,79,123,0.0005554161932925211,6.121463820941246e-07,2.056018448758044e-05,0.010150243706346415,177
VGlut-F-500189,329,260,69,1636,260,69,0.0010363180803077776,2.666000548228844e-06,4.329396606027492e-05,0.016531832571227575,199
VGlut-F-500190,194,170,24,838,170,24,0.0021845018910075565,9.344518777929778e-06,3.335866784234669e-05,0.009748253856590122,176
VGlut-F-500192,313,243,70,1138,243,70,0.004080268007597529,1.5719024721605463e-05,2.9037157308684426e-05,0.01572785287171499,173
VGlut-F-500193,113,60,53,479,60,53,0.00039914067411775086,1.5456633728599377e-06,3.0010712466561926e-05,0.0056781066278076475,106
VGlut-F-500194,188,164,24,979,164,24,0.0030461702049301765,1.4110395625310582e-05,5.937385304804736e-05,0.009446761469272901,175
VGlut-F-500196,270,181,89,1783,181,89,0.0033545672717551567,4.1474201864632614e-06,3.651712519206917e-05,0.01356715742927491,202
VGlut-F-500197,281,116,165,2054,116,165,0.0012402147726022076,2.8957629376715614e-05,1.6775083128442353e-05,0.014119893472689814,222
VGlut-F-500198,732,440,292,6958,440,292,0.005606651711999189,0.009033608328190532,5.9014200842511514e-05,0.03678207125270087,348
VGlut-F-500199,242,111,131,1391,111,131,0.0010985952524289993,1.3236666357083788e-05,1.472519628101377e-05,0.012160192955127883,211
VGlut-F-500200,239,154,85,1244,154,85,0.0016714773003218958,1.0820197873516058e-06,2.7120135275344276e-05,0.012009446761469273,197
VGlut-F-500201,110,78,32,763,78,32,0.00042077431548533784,4.511312393693375e-06,0.00012184571318745146,0.005527360434149038,58
VGlut-F-500202,157,88,69,1042,88,69,0.0004365073165013465,1.3245703647355683e-06,1.3291158847590892e-05,0.007889050801467262,154
VGlut-F-500203,65,55,10,246,55,10,0.0004121500220589224,6.72914971757657e-07,9.553794087053186e-06,0.003266167529269886,65
VGlut-F-500205,324,169,155,2446,169,155,0.0010740876373087124,3.2137967210729087e-06,2.085377412922859e-05,0.016280588915129894,211
VGlut-F-500207,331,99,232,1322,99,232,0.0016139458924983542,5.146614148767224e-06,1.5383202815115107e-05,0.01663233003366665,235
VGlut-F-500208,28,23,5,78,23,5,8.91243098470297e-05,4.021431744722074e-08,1.4155363826922866e-05,0.0014069644741470278,28
VGlut-F-500209,90,54,36,317,54,36,0.0001669736185454977,1.0775252256138947e-07,1.7385623916374298e-05,0.004522385809758303,70
VGlut-F-500211,255,210,45,1200,210,45,0.0018438523361386312,1.0192813861957607e-05,2.6502386982443033e-05,0.01281342646098186,188
VGlut-F-500212,49,22,27,265,22,27,2.6821358482141334e-05,3.9098653978725564e-08,1.1440442147709788e-05,0.0024621878297572987,45
VGlut-F-500214,158,46,112,491,46,112,0.00030415564229123356,3.4514389633293496e-07,2.2460910069403126e-05,0.0079392995326868,135
VGlut-F-500217,244,161,83,938,161,83,0.0017288858883931892,7.178579277329793e-06,3.487597590664735e-05,0.012260690417566956,195
VGlut-F-500218,6,4,2,9,4,2,2.8844386567095823e-06,7.393407819495057e-10,7.664033310707332e-06,0.0003014923873172202,6
VGlut-F-500219,128,62,66,620,62,66,0.0003479478903729519,3.066456155616592e-07,1.459481089619216e-05,0.0064318375961006985,96
VGlut-F-500220,298,38,260,1170,38,260,0.00014925109165523853,2.0243308804896703e-07,9.433670885970901e-06,0.014974121903421938,150
VGlut-F-500221,148,67,81,593,67,81,0.00020931358719700972,2.3350772895352132e-07,2.5781709129031882e-05,0.0074368122204914325,104
VGlut-F-500223,182,163,19,830,163,19,0.002316583203140698,1.3245108399160177e-05,3.2748595897259094e-05,0.009145269081955681,165
VGlut-F-500225,339,152,187,1160,152,187,0.0026045282031622215,9.332294133597977e-05,2.4219148368366627e-05,0.017034319883422945,226
VGlut-F-500227,150,103,47,403,103,47,0.0005525169784108756,3.408636287115611e-07,1.351517690722921e-05,0.007537309682930506,124
VGlut-F-500228,903,496,407,12690,496,407,0.007393946748199062,0.00018162543764698626,0.00019857515106847497,0.04537460429124165,331
VGlut-F-500229,203,145,58,1311,145,58,0.001402702558337982,5.774974179264753e-06,2.5422064123842807e-05,0.01020049243756595,186
VGlut-F-500230,301,198,103,1179,198,103,0.002142782565346034,0.0006105306846169036,1.3663710805775663e-05,0.015124868097080548,225
VGlut-F-500231,156,78,78,1254,78,78,0.0001961246160203576,2.436034502699531e-06,3.9537892106176655e-05,0.007838802070247727,94
VGlut-F-500232,257,87,170,990,87,170,0.0013819563744939315,2.8991976331118917e-06,4.979173614411541e-05,0.012913923923420934,221
VGlut-F-500233,377,165,212,1257,165,212,0.0025296425732138604,5.929195471071564e-06,2.401038514581937e-05,0.01894377166976534,209
VGlut-F-500237,190,138,52,1004,138,52,0.0007420261724664197,4.758991969187863e-06,1.999206472576468e-05,0.009547258931711974,158
VGlut-F-500238,474,236,238,2298,236,238,0.004445888248943034,4.614432565443286e-05,2.80919753725976e-05,0.0238178985980604,241
VGlut-F-500240,104,86,18,355,86,18,0.0006454623341360488,1.08572790678448e-06,1.2626528871911218e-05,0.005225868046831818,101
VGlut-F-500243,256,44,212,1242,44,212,0.00031286111178472275,1.1596835608413917e-06,1.1784467382564033e-05,0.012863675192201397,193
VGlut-F-500246,147,132,15,475,132,15,0.0003828251414685226,2.7814443122293664e-07,4.1179530945606145e-05,0.007386563489271896,106
VGlut-F-500248,220,103,117,1118,103,117,0.0004970047777042611,2.267508489229747e-06,1.1633142135416835e-05,0.011054720868298076,198
VGlut-F-500249,226,158,68,1197,158,68,0.001199096788426493,5.785645460767914e-06,2.6327589016083795e-05,0.011356213255615295,187
VGlut-F-500250,63,36,27,230,36,27,8.651231460443308e-05,3.6194753308516403e-08,2.144523953469962e-05,0.0031656700668308124,56
VGlut-F-500251,8,5,3,26,5,3,1.217705820828776e-06,1.175783398953594e-10,9.770478799612047e-06,0.00040198984975629365,8
VGlut-F-500252,4,2,2,9,2,2,4.090461950084149e-07,1.586350661560353e-11,7.768681822515562e-06,0.00020099492487814683,4
VGlut-F-500253,306,49,257,1665,49,257,0.0003120116583361443,6.873515949060173e-07,9.616403062689613e-06,0.015376111753178233,211
VGlut-F-500254,10,8,2,14,8,2,2.4581366080942365e-05,6.71833280416115e-09,9.042706405242021e-06,0.000502487312195367,10
VGlut-F-500255,392,169,223,2824,169,223,0.0013039668470637821,1.964953701585737e-05,3.608413133443265e-05,0.01969750263805839,205
VGlut-F-500257,152,97,55,752,97,55,0.00040371855419056455,7.57753984223435e-07,1.0706727625883915e-05,0.007637807145369579,151
VGlut-F-500258,106,65,41,331,65,41,0.0011537675403811844,7.2169778642147795e-06,1.0873894477017991e-05,0.005326365509270891,105
VGlut-F-500259,160,115,45,930,115,45,0.000618462776205013,3.0200508940878213e-06,1.2376082787641395e-05,0.008039796995125872,160
VGlut-F-500260,333,284,49,2460,284,49,0.002800597367219678,0.00010442783848686506,4.867028925210276e-05,0.016732827496105725,205
VGlut-F-500263,21,13,8,32,13,8,1.9409458936843793e-05,6.961108948194492e-09,9.033999922566154e-06,0.001055223355610271,21
VGlut-F-500265,305,103,202,1334,103,202,0.00246869216053118,5.340818359769846e-06,1.8375568363351964e-05,0.015325863021958696,231
VGlut-F-500266,332,163,169,1446,163,169,0.0017527435023690797,1.6786160158428794e-05,3.0324756090336743e-05,0.016682578764886186,209
VGlut-F-500269,404,129,275,2010,129,275,0.0009146423010245008,2.7396206848109645e-05,1.820543190322546e-05,0.02030048741269283,205
VGlut-F-500271,649,300,349,3363,300,349,0.004598479477785259,5.718339018066187e-05,4.8107480532655034e-05,0.03261142656147932,301
VGlut-F-500275,353,127,226,1525,127,226,0.0013890406092264057,5.720654946315996e-06,5.259919336982404e-05,0.017737802120496457,224
VGlut-F-500280,81,53,28,401,53,28,0.00012885938533151043,1.3138222388440006e-07,3.761399789895094e-05,0.0040701472287824735,67
VGlut-F-500282,95,59,36,379,59,36,0.00013684162105386,1.1105848330648743e-07,3.606367100167816e-05,0.004773629465855987,77
VGlut-F-500283,400,226,174,2254,226,174,0.0058444968345394525,1.729148390120474e-05,2.093344548721734e-05,0.02009949248781468,352
VGlut-F-500285,12,10,2,22,10,2,3.379308336623124e-06,2.082863053468369e-10,1.1613416919907464e-05,0.0006029847746344405,12
VGlut-F-500286,5,3,2,9,3,2,1.7020541597279033e-06,1.2859961632807721e-10,9.472230754760264e-06,0.0002512436560976835,5
VGlut-F-500287,83,24,59,376,24,59,5.648055350042896e-05,1.436286823345992e-07,1.7918655073759753e-05,0.004170644691221546,72
VGlut-F-500289,479,419,60,2844,419,60,0.005599356750339348,0.005281501659399216,4.2582428004842823e-05,0.02406914225415808,340
VGlut-F-500290,282,198,84,1066,198,84,0.0024448009133952986,0.0007299614824159552,3.2556002186323196e-05,0.014170142203909351,236
VGlut-F-500292,71,45,26,297,45,26,0.00035236485084128575,3.263118927021785e-06,2.936806559565391e-05,0.003567659916587106,70
VGlut-F-500295,109,75,34,251,75,34,0.00032182782515516035,2.0956659213966175e-07,2.6471768025383977e-05,0.005477111702929501,103
VGlut-F-500296,74,55,19,344,55,19,0.00014037131612209337,5.573382432293304e-08,3.542886909072557e-05,0.0037184061102457163,60
VGlut-F-500298,141,89,52,532,89,52,0.00042630410403966806,7.12555325068678e-07,1.0411648693936059e-05,0.007085071101954676,140
VGlut-F-500299,303,88,215,2528,88,215,0.0010471235405895344,9.491957237485635e-06,1.5168623804677951e-05,0.015225365559519623,235
VGlut-F-500300,263,189,74,1756,189,74,0.0009856359383682849,1.3817474411893227e-05,2.1261861964512782e-05,0.013215416310738155,205
VGlut-F-500301,101,69,32,284,69,32,0.0003433467707242343,1.5589639507251143e-07,2.062279334229505e-05,0.005075121853173208,85
VGlut-F-500302,259,215,44,2055,215,44,0.002206730640651316,7.189677881535142e-06,4.238497260902781e-05,0.013014421385860007,200
VGlut-F-500303,193,158,35,1084,158,35,0.0007174916531086073,4.134458318244067e-06,2.1222655494754848e-05,0.009698005125370585,163
VGlut-F-500304,14,10,4,26,10,4,2.3850582222298575e-05,5.241090895573279e-09,9.706318517437921e-06,0.0007034822370735139,14
VGlut-F-500305,94,80,14,447,80,14,0.000338222360145876,2.9204597719589256e-07,4.0337743442109175e-05,0.004723380734636451,78
VGlut-F-500306,297,169,128,1610,169,128,0.0029505305644481083,4.202658071850474e-06,7.10765621781507e-05,0.014923873172202402,184
VGlut-F-500307,497,347,150,3499,347,150,0.004841427092308542,0.00010244465244899797,6.020304438739574e-05,0.024973619416109743,308
VGlut-F-500308,289,166,123,1233,166,123,0.004930412249028738,0.0001920082190879696,3.7028960436311826e-05,0.014521883322446109,211
VGlut-F-500309,90,69,21,288,69,21,0.000800973250493754,1.233394537324108e-05,1.0373112926349138e-05,0.004522385809758303,89
VGlut-F-500310,103,76,27,290,76,27,0.00026245208293734236,7.943643224986335e-07,1.0611608257064176e-05,0.0051756193156122805,101
VGlut-F-500311,491,9,482,1924,9,482,8.458560153697535e-05,6.116568012036165e-08,9.978475617745034e-06,0.024672127028792522,274
VGlut-F-500312,189,19,170,891,19,170,0.0001531008237461484,1.703175031131186e-06,8.725036990926261e-06,0.009497010200492437,182
VGlut-F-500314,594,261,333,3467,261,333,0.003181024112624776,1.2891785506278845e-05,4.6310699448334045e-05,0.029847746344404805,282
VGlut-F-500315,90,52,38,318,52,38,0.0005722203077423253,3.462147508954958e-06,1.2332003376824184e-05,0.004522385809758303,81
VGlut-F-500316,645,202,443,4891,202,443,0.003282487311990627,6.243796119543165e-05,4.703884763283097e-05,0.03241043163660118,331
VGlut-F-500318,96,57,39,261,57,39,0.00039124729345662375,9.372957754142501e-07,9.610124467864099e-06,0.004823878197075524,95
VGlut-F-500319,872,504,368,10997,504,368,0.0075764340935330346,0.00018584276608012805,0.00018762010363211073,0.04381689362343601,331
VGlut-F-500320,79,42,37,174,42,37,0.0007994407401008883,7.59041908922559e-07,9.54417706193134e-06,0.0039696497663434,79
VGlut-F-500321,26,18,8,61,18,8,2.9494506745767946e-05,1.1375084838354047e-08,2.0537504209187345e-05,0.0013064670117079544,25
VGlut-F-500322,531,221,310,5284,221,310,0.002664985747325433,3.370156168635645e-05,4.434174590706932e-05,0.02668207627757399,298
VGlut-F-500323,367,194,173,1509,194,173,0.001672383502772575,5.489021962481178e-05,2.2904129572495236e-05,0.018441284357569972,211
VGlut-F-500325,147,31,116,701,31,116,0.00033957963086162835,4.143068829286904e-06,8.756973743810606e-06,0.007386563489271896,145
VGlut-F-500326,420,149,271,2690,149,271,0.0034153797392187718,2.756834796603952e-06,1.4910687185135123e-05,0.021104467112205417,352
VGlut-F-500327,204,109,95,615,109,95,0.0008476393479170522,1.8983912874000413e-06,1.3092769877991371e-05,0.010250741168785488,142
VGlut-F-500329,130,75,55,947,75,55,0.0008773108478459163,1.97074527004492e-06,2.0390859250018948e-05,0.006532335058539772,122
VGlut-F-500330,1218,942,276,10399,942,276,0.02042868262088303,4.177238686303749e-05,0.00011038116957658579,0.06120295462539571,352
VGlut-F-500331,813,433,380,10032,433,380,0.006587809120829411,0.00022389029366592318,0.00016753670526049695,0.04085221848148334,331
VGlut-F-500332,251,169,82,1016,169,82,0.0011032524583639261,5.612330604793838e-06,2.8055072317222606e-05,0.012612431536103714,194
VGlut-F-500333,232,168,64,1124,168,64,0.0009228166863154975,6.233359661328775e-06,2.5187725520174447e-05,0.011657705642932515,182
VGlut-F-500334,129,96,33,565,96,33,0.00046535636135106945,1.41572948068593e-06,1.0768056063139412e-05,0.006482086327320235,128
VGlut-F-500335,715,435,280,7205,435,280,0.00564387056636931,0.008988735185422498,6.424761059867757e-05,0.035927842821968745,348
VGlut-F-500336,487,252,235,3067,252,235,0.003509556155054802,0.0012548094107710911,2.8825649251918442e-05,0.024471132103914377,348
VGlut-F-500337,227,126,101,936,126,101,0.0010470205547179995,3.918539470164806e-06,3.6124230506460024e-05,0.011406461986834832,187
VGlut-F-500338,88,68,20,545,68,20,0.0001452987954516447,2.2015505364504244e-07,3.990515868988088e-05,0.00442188834731923,74
VGlut-F-500339,451,9,442,1848,9,442,1.7632859771757888e-05,3.701527946419932e-08,1.0184623272649654e-05,0.022662177780011054,150
VGlut-F-500340,192,164,28,568,164,28,0.00025176760741310426,9.396430634600501e-08,3.3634698407385666e-05,0.009647756394151047,148
VGlut-F-500341,481,222,259,3528,222,259,0.0051762744811004536,1.1678027201241731e-05,1.8247153706108442e-05,0.024169639716597156,352
VGlut-F-500342,48,34,14,178,34,14,0.0002813272707978404,7.567454247266004e-07,1.7588421063716458e-05,0.002411939098537762,46
VGlut-F-500343,471,177,294,4185,177,294,0.0045439883250082596,1.300985598943024e-05,1.7133266782193945e-05,0.02366715240440179,352
VGlut-F-500344,168,155,13,458,155,13,0.0012410378294198862,2.0914370693892225e-05,1.7788785230057097e-05,0.008441786844882167,140
VGlut-F-500345,130,76,54,316,76,54,0.0003539696937143231,5.764352085569576e-07,1.0989864317434158e-05,0.006532335058539772,123
VGlut-F-500346,157,128,29,648,128,29,0.0009004997360134228,1.055801754390616e-06,2.4049194304949625e-05,0.007889050801467262,150
VGlut-F-500349,201,175,26,889,175,26,0.0010827670800646323,4.365680355780867e-06,2.3240960849738557e-05,0.010099994975126878,163
VGlut-F-500350,99,30,69,445,30,69,0.0001823417592233987,1.2823593171620355e-07,1.09470700370411e-05,0.004974624390734134,83
VGlut-F-500351,205,50,155,931,50,155,0.00037626068739050927,9.413071617437279e-07,1.9571168678373206e-05,0.010300989900005025,172
VGlut-F-500352,196,151,45,603,151,45,0.0016904893832762966,4.739493536460697e-06,2.2276968429865646e-05,0.009848751319029195,138
VGlut-F-500353,254,197,57,1498,197,57,0.002259134826984436,2.283009417832757e-06,4.1540840336815994e-05,0.012763177729762324,200
VGlut-F-500355,204,49,155,985,49,155,0.00032236961396556646,5.83684667926867e-06,2.083131932019853e-05,0.010250741168785488,169
VGlut-F-500357,342,280,62,2207,280,62,0.0015388677599364312,1.1970136921857918e-05,3.8756973184548247e-05,0.017185066077081555,205
VGlut-F-500358,316,193,123,2260,193,123,0.004770197179004437,5.214886279405902e-05,5.960654058413185e-05,0.0158785990653736,218
VGlut-F-500360,152,61,91,891,61,91,0.0001821122766437475,3.3162826545296174e-07,2.297589724993856e-05,0.007637807145369579,108
VGlut-F-500361,110,12,98,685,12,98,0.00012971028441348227,3.50808579149871e-07,8.43622931497471e-06,0.005527360434149038,105
VGlut-F-500362,638,271,367,7351,271,367,0.004099864930889815,0.0019590848469045502,4.153491655739024e-05,0.03205869051806442,348
VGlut-F-500363,108,43,65,398,43,65,0.0002897384333631254,4.184722561044218e-07,1.7440125254057115e-05,0.005426862971709964,81
VGlut-F-500364,1258,527,731,7617,527,731,0.011103916073323299,1.1549288453899925e-05,4.940240475904448e-05,0.06321290387417718,352
VGlut-F-500365,96,71,25,381,71,25,0.0003040694984616397,1.1390908303481573e-07,3.138586531136713e-05,0.004823878197075524,82
VGlut-F-500366,213,88,125,771,88,125,0.000627198645982056,5.6659485657743034e-06,2.5382602270128868e-05,0.010702979749761319,164
VGlut-F-500367,639,527,112,3541,527,112,0.01063302351947394,7.203839728145267e-05,8.602613502257212e-05,0.03210893924928396,291
VGlut-F-500368,656,555,101,5066,555,101,0.006852391987225847,0.0001000469697829459,0.00026181778027115765,0.03296316768001608,267
VGlut-F-500369,414,350,64,3368,350,64,0.004858501243745461,2.0604128012963607e-05,0.00011031536896492703,0.020802974724888196,265
VGlut-F-500371,354,121,233,2368,121,233,0.0033235127322641072,9.407339641642247e-06,1.1920485435649195e-05,0.017788050851715993,344
VGlut-F-500372,293,54,239,2425,54,239,0.0008804007595998017,3.1385761568820076e-06,1.2413629997561028e-05,0.014722878247324255,248
VGlut-F-500373,453,252,201,2027,252,201,0.003475341718617523,1.3136289686391305e-05,2.9019015210936366e-05,0.02276267524245013,295
VGlut-F-500374,135,82,53,398,82,53,0.0015078590530359522,1.3578217503711322e-05,1.3779962568943211e-05,0.006783578714637455,131
VGlut-F-500375,155,128,27,834,128,27,0.001102080611836317,4.128648046484354e-06,2.1954322688242795e-05,0.007788553339028189,153
VGlut-F-500376,1026,966,60,6601,966,60,0.014049873990020046,0.0002546525159657851,0.00015789491852383246,0.05155519823124466,318
VGlut-F-500377,114,83,31,748,83,31,0.00042844749175455823,2.939137537526037e-06,1.1450712152611473e-05,0.005728355359027185,114
VGlut-F-500378,281,104,177,1610,104,177,0.000636108424701453,1.0830967674110214e-05,1.7172395427682573e-05,0.014119893472689814,210
VGlut-F-500379,371,252,119,1932,252,119,0.004267742730271394,3.3347228593068856e-05,5.9227836780022e-05,0.018642279282448118,266
VGlut-F-500380,442,223,219,1967,223,219,0.002667038543287122,8.587375037639454e-06,3.4870271481932044e-05,0.022209939199035224,278
VGlut-F-500381,210,177,33,1154,177,33,0.0032456365972066883,7.64358682426492e-06,3.4893108439309154e-05,0.010552233556102708,191
VGlut-F-500382,124,104,20,610,104,20,0.00011449822910990325,9.514864599019913e-08,5.956801145788545e-05,0.006230842671222552,66
VGlut-F-500383,215,205,10,676,205,10,0.002638836274172001,1.1569029518255315e-05,3.494254027220907e-05,0.010803477212200392,146
VGlut-F-500384,570,353,217,3176,353,217,0.00527773936671289,6.164061742617295e-05,6.099555064187277e-05,0.028641776795135923,321
VGlut-F-500385,523,249,274,2886,249,274,0.004201794696739619,4.083364161617784e-05,4.986836698716193e-05,0.0262800864278177,318
VGlut-F-500386,298,289,9,2053,289,9,0.002283307394277386,3.8125587220294324e-06,7.853637071547779e-05,0.014974121903421938,200
VGlut-F-500387,333,149,184,2039,149,184,0.0017278311732095185,5.524420515626016e-06,3.265176206949064e-05,0.016732827496105725,174
VGlut-F-500388,929,337,592,5140,337,592,0.006691836870994075,5.469839995539499e-06,2.5562553935735254e-05,0.0466810713029496,352
VGlut-F-500389,264,194,70,1353,194,70,0.0009638734925917393,5.5827246516923364e-06,2.8609413981004764e-05,0.01326566504195769,200
VGlut-F-500390,126,82,44,522,82,44,0.00027757681633060085,1.460796479107651e-06,3.52501983716017e-05,0.006331340133661625,97
VGlut-F-500391,236,101,135,1297,101,135,0.0017135868712972282,2.4392585122967135e-06,2.8987691047745274e-05,0.011858700567810663,201
VGlut-F-500392,326,92,234,2020,92,234,0.0007900214767373674,5.675109814609685e-06,2.7985175240579552e-05,0.016381086377568965,236
VGlut-F-500393,306,275,31,1560,275,31,0.0011670502781876185,5.964173215770499e-06,3.530822153186488e-05,0.015376111753178233,193
VGlut-F-500394,163,129,34,786,129,34,0.001451107730559414,4.462941264261506e-06,2.3194582313361462e-05,0.008190543188784483,159
VGlut-F-500395,156,78,78,675,78,78,0.0005430017800651118,3.044938128860805e-06,4.2348293179662136e-05,0.007838802070247727,129
VGlut-F-500397,906,699,207,4184,699,207,0.016787779960554187,2.1847675357637103e-05,5.743396495724897e-05,0.04552535048490026,352
VGlut-F-500398,831,298,533,4119,298,533,0.003154190369076499,3.0329242976613426e-05,0.0001176733892100724,0.041756695643435,252
VGlut-F-500399,401,181,220,2241,181,220,0.0014201058061058538,1.5494995397062814e-05,2.3992833737404504e-05,0.02014974121903422,205
VGlut-F-500400,203,129,74,1107,129,74,0.001645698686742597,1.292526851940761e-05,8.879535898003997e-05,0.01020049243756595,179
VGlut-F-500401,359,103,256,1424,103,256,0.0011317454281684525,6.093440386459353e-06,1.5735778452601663e-05,0.018039294507813677,269
VGlut-F-500403,425,187,238,1544,187,238,0.002186718018932166,5.695049176400271e-06,6.234733797329421e-05,0.0213557107683031,286
VGlut-F-500404,449,162,287,2351,162,287,0.004086148726394874,1.0962232635892071e-05,2.4715159925541895e-05,0.02256168031757198,241
VGlut-F-500405,344,162,182,1645,162,182,0.005420836982153957,4.466225551138102e-05,2.9332186004048318e-05,0.017285563539520626,236
VGlut-F-500406,335,249,86,1634,249,86,0.001120286629293485,5.261121449559228e-06,3.384664756157281e-05,0.016833324958544796,211
VGlut-F-500407,399,246,153,2561,246,153,0.0012524104581523963,6.5676554717249185e-06,3.13292978804159e-05,0.020049243756595145,205
VGlut-F-500408,451,134,317,2360,134,317,0.002353085148808389,1.8125796123487213e-05,1.586852311646731e-05,0.022662177780011054,235
VGlut-F-500410,425,228,197,2894,228,197,0.005863477777095185,1.0763934775852662e-05,2.4137346512546866e-05,0.0213557107683031,352
VGlut-F-500411,308,53,255,1285,53,255,0.0003339549768127408,1.3439095228493582e-06,9.775776962852009e-06,0.015476609215617306,198
VGlut-F-500412,356,278,78,1668,278,78,0.0010259712732341273,3.01669946489203e-06,4.074200411281052e-05,0.017888548314155067,211
VGlut-F-500413,140,118,22,907,118,22,0.0005811723150334945,1.7438343010619886e-06,1.4708348330716763e-05,0.007034822370735139,140
VGlut-F-500414,374,191,183,2256,191,183,0.0018649590162558758,2.094717448155028e-05,7.733882863444228e-05,0.01879302547610673,219
VGlut-F-500416,430,203,227,2779,203,227,0.005089922556153039,1.4065645521865973e-05,1.8292823317877887e-05,0.021606954424400783,352
VGlut-F-500417,306,149,157,1359,149,157,0.001961717451895649,1.152920684699637e-05,5.425243543607818e-05,0.015376111753178233,213
VGlut-F-500418,953,720,233,6567,720,233,0.009412698360504583,0.007206683209286979,0.00011480049950914555,0.04788704085221848,348
VGlut-F-500419,169,51,118,758,51,118,0.0008964867447924731,3.9640856232252234e-06,1.5697786111014367e-05,0.008492035576101703,155
VGlut-F-500420,218,181,37,1160,181,37,0.0007033947810490527,1.7950274358655813e-06,2.3979831928651167e-05,0.010954223405859002,173
VGlut-F-500422,994,185,809,9102,185,809,0.0007422353331275836,2.1332499805946046e-06,6.80660780182388e-05,0.049947238832219486,148
VGlut-F-500423,383,171,212,1685,171,212,0.00039492058504874273,5.757788144881085e-07,0.00010725796226591423,0.01924526405708256,145
VGlut-F-500424,330,179,151,1449,179,151,0.0009669613147049005,5.863655020585943e-06,1.6843208093865518e-05,0.016582081302447114,211
VGlut-F-500425,813,588,225,3948,588,225,0.01600514064934297,1.6229202400485383e-05,3.567486474254306e-05,0.04085221848148334,352
VGlut-F-500426,194,59,135,979,59,135,0.0004788880924554636,8.526572652504743e-07,2.8445746778283434e-05,0.009748253856590122,167
VGlut-F-500427,334,32,302,1129,32,302,0.00033936119216942056,3.316601642754331e-07,1.038414194697281e-05,0.01678307622732526,228
VGlut-F-500428,810,504,306,4659,504,306,0.006814915513106939,0.0038114291020551333,5.7406121760189766e-05,0.04070147228782473,348
VGlut-F-500429,346,128,218,1818,128,218,0.0005321331613149076,1.3865711607937643e-06,1.277675756858605e-05,0.0173860610019597,211
VGlut-F-500430,463,36,427,3894,36,427,0.00044163764332311975,1.7177786752016586e-06,9.229939409020846e-06,0.023265162554645495,238
VGlut-F-500431,406,320,86,1731,320,86,0.001853033334530384,1.5576170193548793e-05,4.581441793668678e-05,0.0204009848751319,205
VGlut-F-500432,213,88,125,1060,88,125,0.0013106133543723994,6.145977226334952e-06,9.516792640245691e-05,0.010702979749761319,150
VGlut-F-500433,258,103,155,1307,103,155,0.001740104594250624,5.566517900444677e-06,3.097277802724781e-05,0.01296417265464047,209
VGlut-F-500434,366,90,276,1470,90,276,0.0010243181064124825,1.3533724688000251e-05,1.4495966198655947e-05,0.018391035626350433,275
VGlut-F-500435,93,45,48,524,45,48,0.00016127031448958222,7.128994869178555e-07,2.2384841344671183e-05,0.0046731320034169134,79
VGlut-F-500436,326,115,211,2238,115,211,0.0010754044511697587,1.3297813813081079e-05,1.5562306114629008e-05,0.016381086377568965,265
VGlut-F-500437,250,175,75,1412,175,75,0.0025071401163784825,1.4871658496830081e-05,8.706669991131666e-05,0.012562182804884177,178
VGlut-F-500438,293,181,112,1580,181,112,0.0018929554076995193,1.9045980462256265e-06,3.2143664427937007e-05,0.014722878247324255,202
VGlut-F-500439,578,393,185,3620,393,185,0.004911495577482695,0.004817737230657828,3.9274236820141876e-05,0.029043766644892218,348
VGlut-F-500440,149,96,53,1108,96,53,0.00011528720744950184,1.9136913500982723e-07,7.683733181461006e-05,0.007487060951710969,83
VGlut-F-500441,22,9,13,71,9,13,2.9383569796683323e-05,1.3155512099593635e-08,1.333699456449829e-05,0.0011054720868298076,22
VGlut-F-500442,269,37,232,974,37,232,0.0003039002149857439,2.7752917793322985e-06,9.767154651286758e-06,0.013516908698055373,195
VGlut-F-500444,250,57,193,1214,57,193,0.0005000017293539026,3.2545801439356138e-06,1.1152782393681024e-05,0.012562182804884177,201
VGlut-F-500445,190,29,161,812,29,161,0.000232452779884541,1.0389102925327715e-05,9.548392167889067e-06,0.009547258931711974,177
VGlut-F-500446,1276,1045,231,9755,1045,231,0.023274133107843417,6.001132331037128e-05,0.00012722417764742772,0.06411738103612884,352
VGlut-F-500447,189,153,36,952,153,36,0.0006895116928077586,4.3792521207107704e-06,2.2945708676957417e-05,0.009497010200492437,157
VGlut-F-500448,72,18,54,307,18,54,8.785854446039209e-05,2.637783234236177e-08,1.1044014761576894e-05,0.003617908647806643,64
VGlut-F-500449,884,500,384,12242,500,384,0.007317535865995542,0.0002199243296519004,0.00020229565990234966,0.04441987839807045,331
VGlut-F-500450,286,249,37,1275,249,37,0.0010143663531088645,4.559179949380361e-06,4.126321543535823e-05,0.014371137128787499,163
VGlut-F-500451,243,182,61,1431,182,61,0.0020965351704175057,7.239479053108875e-06,2.983156564417604e-05,0.01221044168634742,200
VGlut-F-500452,647,613,34,5150,613,34,0.009010265842038854,0.010061368568989593,9.72366697074039e-05,0.03251092909904025,348
VGlut-F-500453,215,107,108,1100,107,108,0.0012503221754233231,0.0001605348176203486,0.00040552669532330514,0.010803477212200392,152
VGlut-F-500454,253,172,81,1341,172,81,0.0024732203337246134,0.0008536210463354836,1.9894299584626112e-05,0.012712928998542787,233
VGlut-F-500455,357,292,65,1630,292,65,0.0012226068463237446,6.367628828576369e-06,5.657356611500422e-05,0.017938797045374603,194
VGlut-F-500457,644,220,424,3750,220,424,0.0031324984528603686,1.4150525298360542e-05,5.479036220163619e-05,0.03236018290538164,296
VGlut-F-500459,442,163,279,5673,163,279,0.002377486499032118,0.0011288902751453087,1.368257778171182e-05,0.022209939199035224,348
VGlut-F-500460,144,124,20,1872,124,20,0.00018637920082477218,2.9121359865426694e-07,0.00023712687776878652,0.007235817295613286,84
VGlut-F-500461,349,274,75,1717,274,75,0.001578813960227017,1.3826775678522586e-05,3.098484005518292e-05,0.01753680719561831,211
VGlut-F-500462,39,35,4,93,35,4,0.00010694032318025765,7.371521479630939e-08,1.221292771535976e-05,0.0019597005175619317,38
VGlut-F-500464,552,242,310,3301,242,310,0.003668100963734176,4.354092353398357e-05,5.017826812979853e-05,0.027737299633184262,296
VGlut-F-500465,527,306,221,3644,306,221,0.008175455142200428,1.64528260588208e-05,2.9642429208131488e-05,0.026481081352695845,352
VGlut-F-500466,252,60,192,745,60,192,0.0006967040833345894,1.1473252653319049e-06,1.4365228292030949e-05,0.01266268026732325,201
VGlut-F-500467,224,111,113,668,111,113,0.0011501531490241117,1.9430355334028238e-06,1.1811903113931558e-05,0.011255715793176222,140
VGlut-F-500468,69,1,68,464,1,68,3.0219281387166403e-06,1.5651026913939276e-09,7.670225451147732e-06,0.0034671624541480327,62
VGlut-F-500469,575,251,324,3057,251,324,0.0035018707409884306,3.416322511116007e-05,4.6068000015317866e-05,0.028893020451233608,296
VGlut-F-500471,575,251,324,3057,251,324,0.0035018707409884306,3.416322511116007e-05,4.6068000015317866e-05,0.028893020451233608,296
VGlut-F-500472,512,297,215,3817,297,215,0.0015641387546429068,1.4322325363347871e-05,5.603145244948751e-05,0.025727350384402794,232
VGlut-F-500473,209,111,98,967,111,98,0.0007144122255227954,1.0004585381911775e-05,1.270939316100459e-05,0.010501984824883171,198
VGlut-F-500474,158,140,18,536,140,18,0.0010553603268451325,7.828268923051447e-06,1.4598871378204091e-05,0.0079392995326868,136
VGlut-F-500475,109,81,28,430,81,28,0.0003458297877350664,2.3055303289184038e-07,2.555556407462028e-05,0.005477111702929501,87
VGlut-F-500476,121,96,25,513,96,25,0.00047278008005829914,5.766449231448544e-07,2.9878286173801393e-05,0.006080096477563942,98
VGlut-F-500477,15,10,5,29,10,5,2.625522007272812e-05,3.997662240861316e-09,1.5144112847928558e-05,0.0007537309682930506,14
VGlut-F-500478,528,240,288,3584,240,288,0.006244060418395695,1.472650550193132e-05,2.3777318558847764e-05,0.02653133008391538,352
VGlut-F-500479,422,330,92,4370,330,92,0.0047268991362905645,0.00015148336729407048,9.612406072811887e-05,0.02120496457464449,293
VGlut-F-500481,1165,715,450,10536,715,450,0.010882286975595016,0.0001745776458924363,0.0002621009403063647,0.05853977187076026,331
VGlut-F-500482,404,223,181,2980,223,181,0.005598788599722558,1.8908314852785268e-05,2.2769478469539283e-05,0.02030048741269283,352
VGlut-F-500483,111,64,47,305,64,47,0.0003500383829790396,5.699205889983067e-07,1.0371889108355929e-05,0.005577609165368575,110
VGlut-F-500485,30,7,23,52,7,23,2.5680865848586285e-05,6.8037927337340295e-09,7.715330797275926e-06,0.0015074619365861013,30
VGlut-F-500486,119,83,36,407,83,36,0.0003618476216266045,1.4988212668608455e-06,1.0186343976317021e-05,0.005979599015124868,119
VGlut-F-500487,293,146,147,1164,146,147,0.002295110733105628,0.0011525078290696568,1.7810241111893418e-05,0.014722878247324255,271
VGlut-F-500488,11,7,4,24,7,4,9.842107778515028e-06,1.357082066536122e-09,1.1960663688994058e-05,0.0005527360434149038,11
VGlut-F-500489,398,53,345,4122,53,345,0.0007920702275430068,1.405756237197302e-06,1.7932533289621678e-05,0.01999899502537561,163
VGlut-F-500490,742,390,352,9394,390,352,0.005623147304154789,0.00015025547074504794,0.00013384537177321614,0.037284558564896236,331
VGlut-F-500491,1040,687,353,12164,687,353,0.009936809968315686,0.00017787252645253793,0.0002909169229273039,0.05225868046831818,331
VGlut-F-500492,165,50,115,880,50,115,0.0003955071708465117,2.993847785974963e-06,1.6521387606005343e-05,0.008291040651223557,115
VGlut-F-500493,166,116,50,787,116,50,0.00156254251757347,1.172284367418319e-06,1.6296834579375614e-05,0.008341289382443093,163
VGlut-F-500494,163,131,32,567,131,32,0.0013029417433484797,2.0409155332321647e-06,2.5871648754953547e-05,0.008190543188784483,150
VGlut-F-500495,74,50,24,322,50,24,0.00011549889205173083,1.653993035439111e-07,1.709968497456897e-05,0.0037184061102457163,64
VGlut-F-500497,535,397,138,3037,397,138,0.002265182000906713,1.4016310440993803e-05,6.113854332944008e-05,0.02688307120245214,211
VGlut-F-500498,172,111,61,886,111,61,0.0008287622404790149,5.097176700716903e-06,1.9319137164883444e-05,0.008642781769760313,163
VGlut-F-500499,190,72,118,657,72,118,0.0012242339868403069,4.465332967646337e-06,1.3115305912648073e-05,0.009547258931711974,182
VGlut-F-500502,250,193,57,1379,193,57,0.0008408811277504563,7.571271081866472e-06,2.7316105636246774e-05,0.012562182804884177,184
VGlut-F-500503,81,44,37,292,44,37,0.00022392645824279917,1.1252998622280297e-07,1.951967825050483e-05,0.0040701472287824735,73
VGlut-F-500506,40,9,31,158,9,31,4.120023981184825e-06,3.134661253251902e-10,9.176044880620223e-06,0.002009949248781468,36
VGlut-F-500507,321,97,224,1500,97,224,0.0006909475226535357,6.43806304779056e-06,1.1448770198443491e-05,0.016129842721471284,205
VGlut-F-500511,918,756,162,12437,756,162,0.008733188181969219,0.014287112713332483,0.00044620310804408436,0.0461283352595347,348
VGlut-F-500512,90,58,32,283,58,32,0.00023561838682530252,1.7557437182948828e-07,1.5298730802413622e-05,0.004522385809758303,78
VGlut-F-500514,475,346,129,2572,346,129,0.005046990412736175,0.0021054112456730585,4.7403358758952e-05,0.023868147329279936,329
VGlut-F-500515,433,146,287,2108,146,287,0.001459922314673119,1.1846079432868888e-06,2.4246715506619964e-05,0.021757700618059393,209
VGlut-F-500516,258,201,57,1295,201,57,0.0008074776683602198,2.649997100249382e-06,2.015712172180649e-05,0.01296417265464047,201
VGlut-F-500517,758,516,242,12997,516,242,0.006410413031852512,0.027781412037681023,0.0001594304258339069,0.038088538264408826,348
VGlut-F-500518,256,139,117,1091,139,117,0.0023716572910736206,0.0007499780611472253,2.3877853192617588e-05,0.012863675192201397,236
VGlut-F-500519,439,214,225,2919,214,225,0.0031436068654854023,2.8949841524588576e-06,2.966935143283259e-05,0.022059193005376614,241
VGlut-F-500520,345,142,203,1226,142,203,0.001823582118280155,5.119439309749679e-06,3.30320607616218e-05,0.017335812270740165,216
VGlut-F-500523,309,246,63,1512,246,63,0.0034157798341280187,1.2379126278814292e-05,6.637426848107964e-05,0.015526857946836843,202
VGlut-F-500528,191,160,31,893,160,31,0.0013596193221535268,1.2787411976350828e-06,2.6411587856158156e-05,0.009597507662931512,174
VGlut-F-500529,237,107,130,1052,107,130,0.0015946006512844667,0.00034732109257774407,1.9603216608362715e-05,0.0119089492990302,226
VGlut-F-500530,231,189,42,1195,189,42,0.004273906820571814,1.1891822852996893e-05,4.7869159753466015e-05,0.01160745691171298,202
VGlut-F-500531,70,13,57,657,13,57,2.4795128672896813e-05,7.338376486140986e-09,1.801731175461627e-05,0.0035174111853675696,66
VGlut-F-500533,531,472,59,4058,472,59,0.005135099242443782,8.461459976445826e-05,0.00024394970456900422,0.02668207627757399,216
VGlut-F-500534,207,178,29,936,178,29,0.0016922397346886375,1.7875526146430834e-06,2.7121553255162356e-05,0.010401487362444098,188
VGlut-F-500535,152,114,38,474,114,38,0.00019900537468077036,1.1638946538553753e-07,2.40685367897357e-05,0.007637807145369579,134
VGlut-F-500536,119,73,46,285,73,46,0.0009359854561052226,3.995127238869978e-06,1.1063814614549504e-05,0.005979599015124868,117
VGlut-F-500537,184,131,53,809,131,53,0.0006471543552981909,1.5196170050727652e-06,1.757861049275031e-05,0.009245766544394754,153
VGlut-F-500538,161,120,41,890,120,41,0.0032732083082622197,5.054543503488698e-06,2.0034526954731994e-05,0.00809004572634541,160
VGlut-F-500539,219,191,28,917,191,28,0.0020330889096044423,2.623778502372674e-06,3.598683666560035e-05,0.011004472137078539,189
VGlut-F-500540,91,85,6,334,85,6,0.00042836692581650496,3.3114085733254204e-07,3.124308391850969e-05,0.0045726345409778405,72
VGlut-F-500542,225,202,23,1081,202,23,0.002219559760076208,5.044722420952442e-06,2.9789032642100884e-05,0.01130596452439576,197
VGlut-F-500543,176,162,14,569,162,14,0.001739128427121314,2.9712728587452266e-06,2.1003266898585903e-05,0.00884377669463846,170
VGlut-F-500544,114,27,87,562,27,87,0.00034325465958361416,2.582694814810537e-06,1.3493223174146262e-05,0.005728355359027185,113
VGlut-F-500545,340,236,104,1816,236,104,0.003860502876670328,2.3683105763333e-05,6.141494882176626e-05,0.01708456861464248,263
VGlut-F-500546,392,324,68,1956,324,68,0.005349376244762959,3.364114410917334e-05,7.366935678077874e-05,0.01969750263805839,282
VGlut-F-500547,721,583,138,3336,583,138,0.007162663581191984,0.0052288810166075715,5.3306012371239484e-05,0.036229335209285965,348
VGlut-F-500548,242,98,144,935,98,144,0.0004098232906473007,7.663135238732969e-07,1.127730130014738e-05,0.012160192955127883,211
VGlut-F-500549,89,65,24,282,65,24,0.00022425436081097359,1.5734024211534067e-07,2.21144738969862e-05,0.004472137078538767,78
VGlut-F-500550,2,1,1,9,1,1,1.4280554113733877e-06,1.5596340079672715e-09,8.198146931396637e-06,0.00010049746243907341,2
VGlut-F-500551,255,150,105,1394,150,105,0.0008219843015363684,8.621616971969498e-06,1.859047306544893e-05,0.01281342646098186,205
VGlut-F-500552,73,38,35,256,38,35,6.343021017045834e-05,2.6442390363825355e-08,1.6293658799317967e-05,0.0036681573790261794,70
VGlut-F-500554,41,31,10,135,31,10,9.839248663640555e-05,7.064848983317144e-08,1.0999138317543845e-05,0.002060197980001005,41
VGlut-F-500556,182,108,74,646,108,74,0.0020434526124321014,3.404314044994571e-05,1.4762865190136733e-05,0.009145269081955681,168
VGlut-F-500557,6,5,1,19,5,1,8.574637176839538e-06,9.358729099829828e-10,7.976819472396985e-06,0.0003014923873172202,6
VGlut-F-500559,263,168,95,1506,168,95,0.002242436314314531,3.7920426184158954e-06,2.6874686347862107e-05,0.013215416310738155,202
VGlut-F-500561,106,40,66,222,40,66,0.00025379334314745044,1.320421010499936e-07,8.838429118931887e-06,0.005326365509270891,103
VGlut-F-500562,187,138,49,947,138,49,0.001373584939993891,3.7199746043451294e-05,3.933665622106773e-05,0.009396512738053364,172
VGlut-F-500563,230,188,42,1268,188,42,0.0009322333350568927,3.6440535561828364e-06,2.5459451227733737e-05,0.011557208180493442,177
VGlut-F-500565,165,58,107,460,58,107,0.0002282905743115532,4.139017063039048e-07,8.797254785220839e-06,0.008291040651223557,130
VGlut-F-500566,260,62,198,1780,62,198,0.0005247965893216839,2.7878501578789804e-06,1.0959829264973098e-05,0.013064670117079544,216
VGlut-F-500567,229,203,26,683,203,26,0.0021133531337020734,2.289278728030192e-06,6.282907714422377e-05,0.011506959449273905,140
VGlut-F-500568,365,196,169,1779,196,169,0.0010626555452742186,1.4959715836504402e-05,4.016165629483638e-05,0.018340786895130898,182
VGlut-F-500569,75,36,39,421,36,39,0.0001391867305864807,1.2581476183827166e-07,1.2276069351608499e-05,0.003768654841465253,69
VGlut-F-500570,364,69,295,3335,69,295,0.0007364519229518859,2.075532188018979e-06,1.534270988592754e-05,0.018290538163911362,275
VGlut-F-500571,580,108,472,2298,108,472,0.0017067146032343889,5.31851043683768e-06,1.8167287215907556e-05,0.02914426410733129,254
VGlut-F-500572,62,32,30,353,32,30,7.295751776513606e-05,9.913038452152698e-08,1.3649604959329772e-05,0.003115421335611276,57
VGlut-F-500573,61,31,30,266,31,30,8.137855863574085e-05,4.3708618940421806e-08,1.0776828875679898e-05,0.003065172604391739,60
VGlut-F-500574,61,37,24,249,37,24,0.00011273647316232132,5.0702296070636944e-08,1.4581733891820095e-05,0.003065172604391739,54
VGlut-F-500575,399,362,37,1986,362,37,0.005954020952311211,0.0021912857080073236,5.93195594361462e-05,0.020049243756595145,324
VGlut-F-500576,184,156,28,793,156,28,0.00156814991432241,1.305933564534589e-06,2.5798932492484704e-05,0.009245766544394754,171
VGlut-F-500577,78,19,59,289,19,59,7.210612034164418e-05,2.4741211091040452e-08,1.1430744680027702e-05,0.003919401035123863,69
VGlut-F-500578,225,103,122,1003,103,122,0.0017306998574979898,1.9013644156490338e-06,2.0288116522658624e-05,0.01130596452439576,200
VGlut-F-500579,55,27,28,241,27,28,9.490138006526198e-05,3.1318960444267985e-08,1.470903266120312e-05,0.002763680217074519,54
VGlut-F-500580,242,177,65,1272,177,65,0.0007789322828252093,2.8395002060109464e-06,2.3903643415980307e-05,0.012160192955127883,187
VGlut-F-500581,287,212,75,1388,212,75,0.002241594063836965,2.2863914312462814e-06,3.6360076325595804e-05,0.014421385860007034,201
VGlut-F-500582,204,104,100,803,104,100,0.0004991074041359581,2.131603036439691e-06,1.1381395920702739e-05,0.010250741168785488,192
VGlut-F-500583,536,358,178,4222,358,178,0.005157667573532904,0.005255479995210912,6.022750273456933e-05,0.026933319933671675,339
VGlut-F-500584,827,638,189,5295,638,189,0.007991380129763408,0.005742010036703546,7.047970036198335e-05,0.041555700718556854,348
VGlut-F-500586,369,238,131,1957,238,131,0.0012748432505347573,1.4845261927013373e-05,2.9250046672753925e-05,0.018541781820009044,205
VGlut-F-500587,795,423,372,11136,423,372,0.006263604240637548,0.00022485265863050728,0.000159094857225978,0.03994774131953168,331
VGlut-F-500588,512,289,223,2961,289,223,0.004561395616370036,3.758410362176126e-05,7.149473137037202e-05,0.025727350384402794,313
VGlut-F-500590,146,97,49,876,97,49,0.00033490486343153543,4.414559835526075e-07,3.441332155706811e-05,0.007336314758052359,101
VGlut-F-500591,5,4,1,13,4,1,1.3667499965293178e-05,3.1963136983682068e-09,1.0907714250866116e-05,0.0002512436560976835,5
VGlut-F-500592,413,49,364,4553,49,364,0.0004062396478718311,1.6411303006623332e-06,1.6870833035963977e-05,0.02075272599366866,185
VGlut-F-500594,275,198,77,1502,198,77,0.0008018607883095361,2.272024324184166e-06,3.485752803471193e-05,0.013818401085372594,201
VGlut-F-500595,190,32,158,1455,32,158,0.0005091311186172521,2.838389004125658e-07,1.3446155702802363e-05,0.009547258931711974,179
VGlut-F-500597,210,187,23,962,187,23,0.0034608931595188483,1.0526919267528576e-05,5.613093278962869e-05,0.010552233556102708,187
VGlut-F-500598,201,168,33,1063,168,33,0.0011580728860407894,9.37204687982962e-07,2.9437037587740378e-05,0.010099994975126878,186
VGlut-F-500600,541,248,293,4125,248,293,0.003032068383406343,0.0011547988309465324,2.7694159344941172e-05,0.027184563589769357,348
VGlut-F-500601,269,99,170,1097,99,170,0.0017068049111981455,3.1447285933819145e-06,1.366247191528296e-05,0.013516908698055373,217
VGlut-F-500602,197,153,44,1129,153,44,0.000789447794594639,7.953605641131379e-06,1.993415133442453e-05,0.009899000050248732,182
VGlut-F-500603,362,138,224,1852,138,224,0.0009678319817490404,1.7094854024855354e-05,2.1299497883595253e-05,0.018190040701472288,205
VGlut-F-500604,476,443,33,2528,443,33,0.00683475541380371,0.005002787404816114,5.8370173373232856e-05,0.02391839606049947,347
VGlut-F-500605,212,162,50,1320,162,50,0.0029201248001439694,8.921563210588167e-06,3.203296284859409e-05,0.010652731018541781,197
VGlut-F-500606,303,283,20,1833,283,20,0.002737995312501664,1.2635239330288167e-05,6.371404459268507e-05,0.015225365559519623,200
VGlut-F-500607,312,215,97,1708,215,97,0.001067709354285958,3.5699448426309897e-06,2.5353534679182832e-05,0.015677604140495453,211
VGlut-F-500609,350,300,50,1412,300,50,0.0015615313651548392,1.6207884076735138e-05,6.131827258214307e-05,0.017587055926837847,197
VGlut-F-500610,463,184,279,3401,184,279,0.004348304155534685,1.4934887899683007e-05,1.562125466735092e-05,0.023265162554645495,352
VGlut-F-500611,304,246,58,1279,246,58,0.004015861062957078,1.6438274435087056e-05,6.136691739850443e-05,0.015275614290739158,209
VGlut-F-500612,853,482,371,7761,482,371,0.007490449872271693,0.00014239868812523031,0.000145454357860564,0.042862167730264814,331
VGlut-F-500613,73,37,36,424,37,36,8.106548109823456e-05,5.0661748121807645e-08,1.3383062322278716e-05,0.0036681573790261794,68
VGlut-F-500614,908,504,404,11193,504,404,0.007454328373289095,0.0001580109939461486,0.00018150621583743357,0.04562584794733933,331
VGlut-F-500615,232,190,42,1110,190,42,0.0022021596394254336,2.1068862969026004e-06,3.083681398110302e-05,0.011657705642932515,198
VGlut-F-500616,515,117,398,1963,117,398,0.000359695143270774,8.096387435921852e-07,1.7993680212602328e-05,0.025878096578061404,186
VGlut-F-500617,200,165,35,1200,165,35,0.002257138614989924,9.360326218651566e-06,2.8201748883533538e-05,0.01004974624390734,186
VGlut-F-500618,208,156,52,1107,156,52,0.0013764816625621247,1.1875543922467121e-06,2.5730966260832973e-05,0.010451736093663636,187
VGlut-F-500619,79,50,29,333,50,29,0.0001178929880498641,1.2685291629418168e-07,1.6413241862448953e-05,0.0039696497663434,72
VGlut-F-500620,303,190,113,1462,190,113,0.0035227952061096944,0.0009424945802420843,1.8573247828416934e-05,0.015225365559519623,274
VGlut-F-500621,206,151,55,1149,151,55,0.00159560946897889,3.577395987344898e-06,2.3729758936129676e-05,0.010351238631224561,191
VGlut-F-500622,268,205,63,1627,205,63,0.002956091470017249,7.828586673482937e-06,4.4200979657732984e-05,0.013466659966835838,201
VGlut-F-500625,148,95,53,657,95,53,0.0010070434930181742,1.865323537982167e-05,2.182502537573975e-05,0.0074368122204914325,145
VGlut-F-500626,198,125,73,1042,125,73,0.0006081796645135547,5.3217619464293214e-06,1.3992382021389932e-05,0.009949248781468268,186
VGlut-F-500627,50,23,27,171,23,27,4.7065404744119504e-05,4.9054857868850626e-08,1.0098795944831887e-05,0.002512436560976835,47
VGlut-F-500631,129,89,40,672,89,40,0.00035272560952671775,3.1876167103666107e-07,2.3514330362614203e-05,0.006482086327320235,97
VGlut-F-500632,477,203,274,3283,203,274,0.0049649959492405835,8.556554737210619e-06,1.9890308158510646e-05,0.02396864479171901,352
VGlut-F-500633,59,42,17,199,42,17,0.0001203595709742808,5.216740489789702e-08,2.1331150337644104e-05,0.0029646751419526657,57
VGlut-F-500634,824,413,411,10341,413,411,0.006194497147140004,0.00021652516026525283,0.00013545106654477926,0.041404954524898244,331
VGlut-F-500635,216,105,111,1063,105,111,0.0004546869917070916,1.1957579155115151e-06,1.2929991905548055e-05,0.010853725943419929,204
VGlut-F-500636,185,161,24,570,161,24,0.0002892082653072886,1.2303273109493933e-07,3.781103767371402e-05,0.009296015275614291,150
VGlut-F-500637,71,47,24,261,47,24,0.00012077550770540462,6.970949112481165e-08,2.382763916012944e-05,0.003567659916587106,64
VGlut-F-500638,139,95,44,830,95,44,0.00044162324906181206,2.4704765431525934e-06,1.1210946565574789e-05,0.006984573639515602,139
VGlut-F-500639,136,14,122,651,14,122,3.1333332248154004e-05,3.765073481758317e-08,1.122487558512783e-05,0.006833827445856992,121
VGlut-F-500640,80,62,18,249,62,18,0.0003130076762179621,4.2321641454580126e-07,9.442991188128746e-06,0.004019898497562936,80
VGlut-F-500641,292,264,28,999,264,28,0.0004251459047274244,1.8699028100269695e-07,7.273825702023381e-05,0.014672629516104718,150
VGlut-F-500644,100,75,25,342,75,25,0.000416240929054345,7.287376915769444e-07,1.021798136996242e-05,0.00502487312195367,98
VGlut-F-500645,118,97,21,319,97,21,0.0002554350913054388,3.797588959525891e-07,1.9722492927977104e-05,0.0059293502839053314,112
VGlut-F-500646,98,72,26,502,72,26,0.0001825126243002728,2.7141755573412134e-07,3.7155048109253444e-05,0.004924375659514597,82
VGlut-F-500649,19,15,4,35,15,4,6.236361350804521e-05,3.2061530740106554e-08,1.0427488552293822e-05,0.0009547258931711974,19
VGlut-F-500650,92,25,67,412,25,67,0.00011734802902443069,1.4125630147905344e-07,2.0467055416923948e-05,0.004622883272197377,77
VGlut-F-500651,158,69,89,874,69,89,0.0002284943610627947,1.088336023662252e-06,1.9923996274073536e-05,0.0079392995326868,121
VGlut-F-500652,86,53,33,214,53,33,0.0007263975250385695,4.031367448981867e-07,9.158934301393792e-06,0.004321390884880157,86
VGlut-F-500653,107,62,45,461,62,45,0.00022554097802794884,1.5599092218369256e-07,2.3916114127419852e-05,0.005376614240490428,84
VGlut-F-500655,831,431,400,8634,431,400,0.006491127464634537,0.00012778879727203858,0.0001335214263338117,0.041756695643435,331
VGlut-F-500657,140,108,32,610,108,32,0.00037931224413191155,2.0244210754090889e-07,4.50845473515995e-05,0.007034822370735139,105
VGlut-F-500659,202,108,94,1140,108,94,0.0004762922882663851,1.389088529382178e-06,1.3299783293222294e-05,0.010150243706346415,193
VGlut-F-500660,107,96,11,325,96,11,0.00204207755881329,1.2701515047082052e-05,1.5492919605382722e-05,0.005376614240490428,104
VGlut-F-500661,181,89,92,917,89,92,0.0012723725005416501,0.0007805347497358401,1.1913111550278786e-05,0.009095020350736144,179
VGlut-F-500663,1149,727,422,14575,727,422,0.010771897556846122,0.00025870936339604425,0.00028165424395193173,0.05773579217124768,331
VGlut-F-500664,67,44,23,339,44,23,0.00013779283559776427,7.911573104441953e-08,1.7458398491264442e-05,0.0033666649917089594,60
VGlut-F-500666,173,88,85,1220,88,85,0.00022516916320304323,8.544684366542175e-07,4.2366760123655724e-05,0.00869303050097985,121
VGlut-F-500667,547,295,252,5385,295,252,0.0013788440830645409,7.4554848435836635e-06,4.66179109286226e-05,0.027486055977086577,263
VGlut-F-500668,275,243,32,2223,243,32,0.0029504095726386797,5.05503733585083e-06,6.221655448647308e-05,0.013818401085372594,201
VGlut-F-500669,224,201,23,654,201,23,0.0003514901607685895,1.9722031444285825e-07,5.217844675473806e-05,0.011255715793176222,148
VGlut-F-500671,70,41,29,287,41,29,0.00011112452307045898,1.640674482857124e-07,1.537471287276421e-05,0.0035174111853675696,63
VGlut-F-500673,187,144,43,1227,144,43,0.0005996686988237942,6.554073981905453e-07,9.062107852621183e-05,0.009396512738053364,113
VGlut-F-500676,95,68,27,234,68,27,0.0006147155339064996,4.917508765502546e-07,1.0298092203298597e-05,0.004773629465855987,95
VGlut-F-500677,1156,933,223,7234,933,223,0.024036257047048763,4.2898200502353274e-05,8.40159317608533e-05,0.058087533289784436,352
VGlut-F-500678,115,78,37,295,78,37,0.0009700973304782617,8.492780953239967e-07,1.2042887995197455e-05,0.005778604090246721,115
VGlut-F-500679,122,60,62,346,60,62,0.0001365634567010727,1.5960809325533038e-07,9.250325660386439e-06,0.006130345208783478,118
VGlut-F-500680,61,38,23,373,38,23,0.00011951087647054375,2.3760308232736242e-07,1.6878978194575823e-05,0.003065172604391739,57
VGlut-F-500682,165,20,145,1013,20,145,0.0001925424042471615,1.0559926161226388e-06,8.889522607239896e-06,0.008291040651223557,160
VGlut-F-500683,171,20,151,446,20,151,0.00013838465707692913,1.2734448283463348e-07,7.941293525669642e-06,0.008592533038540778,129
VGlut-F-500684,227,199,28,794,199,28,0.0016595205561595232,1.8489098294764738e-05,3.362091413152262e-05,0.011406461986834832,144
VGlut-F-500686,48,27,21,218,27,21,0.00010009467521175824,6.532419891306639e-08,1.4702899455056049e-05,0.002411939098537762,47
VGlut-F-500687,327,193,134,1915,193,134,0.0009741947477658016,1.998919028636648e-06,2.1960471773022083e-05,0.016431335108788504,211
VGlut-F-500688,476,63,413,4737,63,413,0.0011192086248023342,1.438545646752978e-06,1.8028691048009368e-05,0.02391839606049947,195
VGlut-F-500689,177,34,143,392,34,143,0.0004359445677534283,6.099393205294692e-07,8.883007110425702e-06,0.008894025425857996,120
VGlut-F-500690,93,67,26,387,67,26,0.00025052114694752817,1.0905604760941186e-07,2.144697938329738e-05,0.0046731320034169134,86
VGlut-F-500691,23,18,5,74,18,5,0.00011540544694113915,5.457511219586373e-08,1.3237117235861148e-05,0.0011557208180493442,23
VGlut-F-500692,159,75,84,405,75,84,0.0005345473422692892,6.516481621284529e-07,9.82294241238054e-06,0.007989548263906337,140
VGlut-F-500693,334,36,298,2137,36,298,0.0005196430482117821,3.911985300299787e-06,1.1557442033352077e-05,0.01678307622732526,295
VGlut-F-500695,60,39,21,255,39,21,7.290720885099642e-05,5.320313312400859e-08,2.0807287342980064e-05,0.0030149238731722026,60
VGlut-F-500696,61,42,19,255,42,19,0.00010479453024832368,9.405796492751722e-08,1.3795279749828165e-05,0.003065172604391739,55
VGlut-F-500699,99,73,26,449,73,26,0.00022732296986628493,2.402202471763841e-07,3.705793405432715e-05,0.004974624390734134,78
VGlut-F-500700,118,66,52,409,66,52,0.0006603559914747042,4.734958051120893e-06,2.0992320238394523e-05,0.0059293502839053314,103
VGlut-F-500701,63,48,15,189,48,15,0.0004394830090293456,5.700673986937819e-07,9.700168710965065e-06,0.0031656700668308124,63
VGlut-F-500702,163,42,121,706,42,121,0.000619953264930976,2.1604839216488403e-06,1.1219183080255663e-05,0.008190543188784483,161
VGlut-F-500703,510,404,106,2994,404,106,0.00567946217475459,0.0036959627812987784,4.915525158541338e-05,0.02562685292196372,334
VGlut-F-500704,114,73,41,412,73,41,0.00030291625537415983,1.7779238651394363e-07,2.6518134812088904e-05,0.005728355359027185,88
VGlut-F-500706,415,246,169,2523,246,169,0.006680710261953336,2.683726246419171e-05,2.260527567752663e-05,0.020853223456107732,352
VGlut-F-500707,489,206,283,2802,206,283,0.002594644526951806,1.6704001703930143e-05,6.749129144159614e-05,0.024571629566353448,295
VGlut-F-500708,90,33,57,336,33,57,0.00016033361159949484,1.0160651396839505e-07,2.0403200631196784e-05,0.004522385809758303,81
VGlut-F-500709,161,136,25,709,136,25,0.0026091893875595865,2.5707043972196593e-06,2.7644749542371585e-05,0.00809004572634541,153
VGlut-F-500710,163,80,83,507,80,83,0.0011526965804645065,1.5646060374252834e-06,1.20696049787508e-05,0.008190543188784483,154
VGlut-F-500711,397,389,8,3002,389,8,0.005616839084623741,0.0034685664240676176,6.951508634576803e-05,0.01994874629415607,311
VGlut-F-500712,171,106,65,1205,106,65,0.00031490433836987543,1.2514455196293434e-06,4.715546020554914e-05,0.008592533038540778,121
VGlut-F-500713,278,23,255,638,23,255,0.00016371049539780477,2.0453651597579838e-07,8.26975806418716e-06,0.013969147279031204,140
VGlut-F-500714,264,26,238,726,26,238,0.00018072396255761192,1.7231258431888794e-07,8.504197113790754e-06,0.01326566504195769,145
VGlut-F-500715,135,19,116,615,19,116,7.555738872728662e-05,2.569679307340867e-07,1.0114312851533848e-05,0.006783578714637455,133
VGlut-F-500717,90,65,25,406,65,25,0.00019426055794082527,1.1533706234636926e-07,4.707333927297037e-05,0.004522385809758303,81
VGlut-F-500718,77,53,24,284,53,24,0.00013406557925614622,5.9176475051027616e-08,2.4040857572362573e-05,0.0038691523039043265,67
VGlut-F-500719,204,40,164,1339,40,164,0.0002661073783017196,5.828571436240052e-06,1.1749742468608105e-05,0.010250741168785488,184
VGlut-F-500720,486,238,248,2556,238,248,0.005327973722519863,7.5386656585325255e-06,1.5723664661302662e-05,0.02442088337269484,352
VGlut-F-500721,265,156,109,1558,156,109,0.0008096310961954998,6.189698158436303e-06,1.8424498742348217e-05,0.013315913773177228,205
VGlut-F-500722,358,44,314,2078,44,314,0.00012582147330316343,1.5338213998357256e-07,1.2099884667313473e-05,0.017989045776594142,181
VGlut-F-500723,442,381,61,1981,381,61,0.00608275015267179,0.0028328460132454325,3.8389519145366095e-05,0.022209939199035224,336
VGlut-F-500724,851,461,390,11202,461,390,0.006681846067203306,0.00016691313967212885,0.00018070701130890564,0.042761670267825735,331
VGlut-F-500726,786,220,566,3950,220,566,0.002718494295245612,9.363115959056195e-06,6.204981218578132e-05,0.03949550273855585,347
VGlut-F-500727,160,100,60,855,100,60,0.0004906171149344665,1.05226368435849e-06,1.2759590208541297e-05,0.008039796995125872,159
VGlut-F-500728,259,185,74,3140,185,74,0.000628085480612171,1.0352170574435073e-05,0.0001712270327635556,0.013014421385860007,114
VGlut-F-500729,138,89,49,521,89,49,0.0006890019837340934,9.773329746548817e-06,1.2937873309132917e-05,0.0069343249082960655,109
VGlut-F-500730,242,90,152,1230,90,152,0.0005978820644135266,1.6656862830830172e-06,3.554881469568827e-05,0.012160192955127883,200
VGlut-F-500731,250,57,193,947,57,193,0.0004167775041300258,4.4834042789305094e-07,1.5768335121895903e-05,0.012562182804884177,183
VGlut-F-500732,740,225,515,3297,225,515,0.0006939630316811546,1.277480895047869e-06,6.927072376032933e-05,0.037184061102457165,299
VGlut-F-500733,205,49,156,832,49,156,0.0001366007980865191,9.839598607828662e-08,2.3960842068124662e-05,0.010300989900005025,148
VGlut-F-500734,467,71,396,1746,71,396,0.0019087974248779315,7.124557249837704e-06,1.2391279928655926e-05,0.02346615747952364,312
VGlut-F-500735,367,212,155,1618,212,155,0.000381944049966495,5.544693796992354e-07,0.00013402796403145443,0.018441284357569972,125
VGlut-F-500736,556,14,542,4161,14,542,0.00019916270400719834,7.417760120032627e-08,7.985446727963966e-06,0.027938294558062408,352
VGlut-F-500737,115,82,33,496,82,33,0.0006576415575797999,7.077854333580601e-06,1.8891788276322942e-05,0.005778604090246721,99
VGlut-F-500739,392,54,338,3085,54,338,0.00043346743595876604,1.6686082470186103e-06,1.4898446562270244e-05,0.01969750263805839,177
VGlut-F-500740,1523,942,581,15877,942,581,0.024392773106245876,4.4375347880415665e-05,0.00017206451639997813,0.0765288176473544,352
VGlut-F-500741,1341,636,705,9235,636,705,0.013827204144731606,2.1085225287915028e-05,6.22329942640413e-05,0.06738354856539873,352
VGlut-F-500742,566,445,121,4964,445,121,0.0055022482764729205,0.006874170232965957,5.7874356191341926e-05,0.028440781870257777,348
VGlut-F-500743,836,476,360,9230,476,360,0.007215029018463354,0.00022130128892147892,0.00015971566977386945,0.042007939299532684,331
VGlut-F-500744,322,136,186,1755,136,186,0.0009278074721067006,1.7850653023113066e-05,1.9549733320767796e-05,0.01618009145269082,211
VGlut-F-500745,540,238,302,3451,238,302,0.003776637949314182,4.0395869426307494e-05,5.1683520531018353e-05,0.02713431485854982,296
VGlut-F-500747,369,168,201,1566,168,201,0.002747071402186148,1.2993735751304526e-05,2.3463382476278932e-05,0.018541781820009044,296
VGlut-F-500748,424,211,213,3006,211,213,0.005660960779139717,1.94040948000569e-05,2.4305416906710538e-05,0.021305462037083563,352
VGlut-F-500749,468,199,269,3094,199,269,0.0026984598780829265,4.1424304547412024e-05,4.141528809581076e-05,0.02351640621074318,294
VGlut-F-500750,377,176,201,1559,176,201,0.002335302706060039,4.195371400101528e-06,2.6745840524247797e-05,0.01894377166976534,209
VGlut-F-500751,243,185,58,1429,185,58,0.0008102545229606287,5.719456624184246e-06,2.704383361452755e-05,0.01221044168634742,186
VGlut-F-500752,214,104,110,1193,104,110,0.000588845452511955,1.4835207951857764e-05,5.8021119121173e-05,0.010753228480980856,148
VGlut-F-500753,1170,566,604,7040,566,604,0.012703864804112622,1.4503308614396467e-05,5.63350054304324e-05,0.05879101552685795,352
VGlut-F-500754,137,68,69,786,68,69,0.0005228022175316205,2.4723779983143897e-06,2.0677518435600987e-05,0.006884076177076529,113
VGlut-F-500755,181,133,48,600,133,48,0.00316084121637092,2.304327004100804e-05,1.9071762903784082e-05,0.009095020350736144,155
VGlut-F-500756,155,134,21,380,134,21,0.005003533809183453,4.1666741417764934e-05,1.847420133040101e-05,0.007788553339028189,142
VGlut-F-500757,1055,325,730,7003,325,730,0.005081510314513775,0.0001566975808102397,9.46153694384745e-05,0.05301241143661123,352
VGlut-F-500758,606,270,336,3801,270,336,0.0035595205298807287,2.5346809968655387e-05,5.204703979946716e-05,0.030450731119039245,296
VGlut-F-500759,569,49,520,2733,49,520,0.0011227283032997381,6.846719687850231e-06,1.2161889616432032e-05,0.028591528063916388,338
VGlut-F-500760,394,162,232,1962,162,232,0.0020327377523170066,1.0908639033834693e-05,3.803636050972137e-05,0.019798000100497464,265
VGlut-F-500761,232,121,111,1427,121,111,0.0008176978953443654,5.800227873006091e-06,1.4748719753038228e-05,0.011657705642932515,203
VGlut-F-500763,204,21,183,1732,21,183,0.0001263557699874613,1.4591775802240957e-07,1.0825344498465156e-05,0.010250741168785488,193
VGlut-F-500764,409,216,193,2971,216,193,0.005610272364726265,1.777874658324912e-05,2.475971463598104e-05,0.02055173106879051,352
VGlut-F-500765,104,65,39,404,65,39,0.0004047906618250046,5.876036425976262e-06,1.5791736142948365e-05,0.005225868046831818,88
VGlut-F-500766,467,170,297,2985,170,297,0.0002105750051268253,2.033595495211364e-07,0.00017300336045533252,0.02346615747952364,182
VGlut-F-500767,1170,264,906,8736,264,906,0.00291023581061679,5.6337701600095735e-05,0.00020655369439796098,0.05879101552685795,318
VGlut-F-500768,971,339,632,9873,339,632,0.006670580759979922,0.0005290128580358996,0.00012545278892863918,0.04879151801417014,345
VGlut-F-500769,513,213,300,4075,213,300,0.005519514642765121,9.421677880737752e-06,2.254295474022742e-05,0.02577759911562233,352
VGlut-F-500770,272,186,86,1058,186,86,0.0030714648802632103,1.1948691947911681e-05,5.09284736125655e-05,0.013667654891713983,211
VGlut-F-500771,151,76,75,1086,76,75,0.0003125680133701763,7.724288707268142e-07,2.931685035212642e-05,0.007587558414150043,109
VGlut-F-500772,153,128,25,837,128,25,0.0007707356050067687,6.769078731164499e-06,1.3834634337303501e-05,0.0076880558765891165,149
VGlut-F-500774,241,214,27,1567,214,27,0.0010712359922642118,1.3443443161583896e-05,2.66482500094778e-05,0.012109944223908346,184
VGlut-F-500775,761,389,372,10264,389,372,0.005972980597208023,0.00016634604780309226,0.00014731696400966478,0.03823928445806744,331
VGlut-F-500776,829,435,394,11633,435,394,0.006485947301698111,0.00021456775870557556,0.00018834267385197214,0.04165619818099593,331
VGlut-F-500777,978,228,750,5939,228,750,0.005567794461694421,5.966761919129942e-06,1.8099145531325967e-05,0.049143259132706896,352
VGlut-F-500778,962,140,822,7212,140,822,0.001807949655454227,2.822849253042281e-05,4.4261527430981094e-05,0.04833927943319431,352
VGlut-F-500779,506,277,229,2860,277,229,0.004005222047115747,9.762433087869463e-06,5.063228415935315e-05,0.025425857997085573,209
VGlut-F-500780,967,742,225,4753,742,225,0.02004061598644989,3.185645691929842e-05,4.6277747783995726e-05,0.048590523089291994,352
VGlut-F-500781,257,221,36,961,221,36,0.001131090769925659,7.85655017406903e-06,2.7985243815470492e-05,0.012913923923420934,188
VGlut-F-500782,368,158,210,1228,158,210,0.0014425501850089343,8.134569320756563e-06,2.1356720702749084e-05,0.018491533088789508,265
VGlut-F-500783,215,160,55,1223,160,55,0.00046361186392783243,7.261639283066518e-07,5.117888379806499e-05,0.010803477212200392,111
VGlut-F-500784,465,114,351,2557,114,351,0.001164638657784432,9.43396523951322e-07,1.9013627936794236e-05,0.02336566001708457,209
VGlut-F-500785,502,292,210,2288,292,210,0.003144572092344355,1.2102423533233377e-05,0.00010645513256244255,0.025224863072207428,256
VGlut-F-500786,329,104,225,2638,104,225,0.0012543383611806915,1.0033187203148532e-05,1.8067055899314926e-05,0.016531832571227575,243
VGlut-F-500787,273,137,136,1937,137,136,0.0009518719307621422,1.7728970623529322e-05,1.874120523082247e-05,0.01371790362293352,205
VGlut-F-500789,419,219,200,3071,219,200,0.0058526979453993105,1.824222989460355e-05,2.564697969233124e-05,0.02105421838098588,352
VGlut-F-500790,444,181,263,2253,181,263,0.002463747885477199,4.0230452494367535e-06,2.941988384071586e-05,0.0223104366614743,209
VGlut-F-500794,621,206,415,3682,206,415,0.0034751552594955537,2.0152044690792038e-05,5.180103515472526e-05,0.031204462087332296,296
VGlut-F-500795,876,581,295,5620,581,295,0.01131777493925606,1.665669183396544e-05,5.494259124307812e-05,0.044017888548314156,352
VGlut-F-500796,386,167,219,1878,167,219,0.0026390746355072045,7.667653835382772e-06,2.4352011542955326e-05,0.01939601025074117,208
VGlut-F-500797,195,154,41,864,154,41,0.0037140827981112616,2.213008039538601e-06,7.576605996708203e-05,0.009798502587809657,170
VGlut-F-500798,496,247,249,3399,247,249,0.0038669750324755283,3.538596478310871e-05,4.3248854142526276e-05,0.024923370684890207,311
VGlut-F-500799,128,60,68,439,60,68,0.0004281763477822039,1.1470093583609036e-05,1.0990117922028934e-05,0.0064318375961006985,97
VGlut-F-500800,76,53,23,196,53,23,0.00032162220225450056,3.2361375989939467e-07,8.909876940900371e-06,0.0038189035726847896,76
VGlut-F-500801,101,78,23,322,78,23,0.000960203645898099,3.770070176010281e-06,1.057605675811188e-05,0.005075121853173208,98
VGlut-F-500802,227,141,86,726,141,86,0.0009401950744495316,1.9605573872511624e-05,3.4969296176887794e-05,0.011406461986834832,174
VGlut-F-500803,1144,701,443,7859,701,443,0.014012509248326133,2.4519944856371634e-05,6.456422389063967e-05,0.057484548515149995,352
VGlut-F-500804,397,149,248,1648,149,248,0.0011321625365060019,5.126176080812268e-06,2.345572019715584e-05,0.01994874629415607,205
VGlut-F-500805,857,431,426,12650,431,426,0.006301194764585665,0.00027003785498841843,0.00018328963189035276,0.043063162655142956,331
VGlut-F-500807,346,47,299,3009,47,299,0.0007845081337170372,1.1412649057051251e-06,1.2967429268517901e-05,0.0173860610019597,293
VGlut-F-500808,419,253,166,2725,253,166,0.0032273244743504207,2.527222320619567e-05,0.00014725798673452834,0.02105421838098588,209
VGlut-F-500809,293,201,92,1815,201,92,0.0011105811858412226,9.10246026552906e-06,2.204592722870952e-05,0.014722878247324255,205
VGlut-F-500810,427,142,285,2595,142,285,0.0011908848570813756,1.5661263631777092e-05,2.032388358393426e-05,0.021456208230742173,209
VGlut-F-500811,314,79,235,1886,79,235,0.0009023409983216689,2.348663455801708e-05,1.383500212281021e-05,0.015778101602934524,246
VGlut-F-500812,367,250,117,1931,250,117,0.0035344764669828347,1.0216824151295654e-05,6.782548220603001e-05,0.018441284357569972,256
VGlut-F-500813,276,192,84,1283,192,84,0.001593326946671407,3.7362670553523794e-06,4.0593754316440266e-05,0.013868649816592131,214
VGlut-F-500814,372,320,52,1551,320,52,0.0005365361284139711,5.526434446160566e-07,9.059425309653546e-05,0.018692528013667654,148
VGlut-F-500815,1036,264,772,7601,264,772,0.003978540224900719,9.259287411345707e-05,8.806787480453877e-05,0.05205768554344003,352
VGlut-F-500816,508,200,308,3310,200,308,0.0032140331246379174,2.1386355688654038e-05,4.5188387771504267e-05,0.025526355459524648,296
VGlut-F-500817,275,124,151,2198,124,151,0.0006838598524867532,2.2152319965401504e-06,1.7396892784423407e-05,0.013818401085372594,211
VGlut-F-500818,341,32,309,2118,32,309,0.0002590263227981899,1.8281512480126643e-06,1.0114232362821497e-05,0.017134817345862016,179
VGlut-F-500819,239,69,170,937,69,170,0.0005740752810086945,1.0730353980425659e-05,1.1732596071636493e-05,0.012009446761469273,207
VGlut-F-500820,264,101,163,936,101,163,0.0010434652255529146,2.61457826202195e-06,2.4611737190844517e-05,0.01326566504195769,237
VGlut-F-500822,250,110,140,1215,110,140,0.0004234043106632562,4.50882290518777e-07,4.6844400367629045e-05,0.012562182804884177,148
VGlut-F-500823,334,141,193,1573,141,193,0.0013467742325662595,8.924805547402933e-06,5.902117216027732e-05,0.01678307622732526,221
VGlut-F-500824,282,143,139,2400,143,139,0.000916354446477923,7.346551315943084e-06,1.9408643638424918e-05,0.014170142203909351,211
VGlut-F-500825,227,71,156,849,71,156,0.0001788040286266608,1.4040044238406973e-07,2.1395715457160697e-05,0.011406461986834832,150
VGlut-F-500826,253,153,100,1637,153,100,0.0006887780787385684,8.233029823935165e-06,1.9808087262403304e-05,0.012712928998542787,203
VGlut-F-500828,300,217,83,1643,217,83,0.0011259493215809286,3.111487134949267e-06,2.7301865107433134e-05,0.015074619365861013,210
VGlut-F-500829,184,68,116,1128,68,116,0.0005687512835615377,9.512295001255634e-07,1.1529461737922254e-05,0.009245766544394754,184
VGlut-F-500830,176,112,64,1184,112,64,0.0011509064850795143,9.948898998884119e-07,1.888203044492871e-05,0.00884377669463846,171
VGlut-F-500831,1034,758,276,7783,758,276,0.009659139976984192,0.008544199866135466,0.00010553590634745672,0.05195718808100096,348
VGlut-F-500832,202,70,132,866,70,132,0.0006922935902456779,2.249397382152327e-06,1.695432756072114e-05,0.010150243706346415,185
VGlut-F-500833,160,64,96,1174,64,96,0.0009773561280926855,8.127608788549577e-05,1.1721322996204578e-05,0.008039796995125872,158
VGlut-F-500834,460,235,225,1898,235,225,0.0027515660511854257,1.802243137734465e-05,4.5446056200119026e-05,0.023114416360986885,291
VGlut-F-500836,856,444,412,12846,444,412,0.006990359628064077,0.00023006417284748867,0.00020676740622216583,0.043012913923923424,331
VGlut-F-500837,759,481,278,7403,481,278,0.00590757563148899,0.008494478766736136,6.966325432887899e-05,0.03813878699562836,348
VGlut-F-500838,264,191,73,1570,191,73,0.0019217205722923047,2.4560720037698097e-05,3.800928864931918e-05,0.01326566504195769,200
VGlut-F-500839,153,127,26,836,127,26,0.0005646350623264459,5.0902956192578e-06,1.3906263845365127e-05,0.0076880558765891165,153
VGlut-F-500840,64,39,25,186,39,25,0.00015500385252968638,9.899450253035506e-08,1.1910521252840681e-05,0.0032159187980503492,60
VGlut-F-500841,510,223,287,3838,223,287,0.005937223169584586,1.6392438381785383e-05,2.4757133953002435e-05,0.02562685292196372,352
VGlut-F-500842,239,165,74,1093,165,74,0.001438663273086235,3.168423205138804e-05,2.3345411881846112e-05,0.012009446761469273,182
VGlut-F-500843,1238,766,472,6676,766,472,0.01682856489895505,2.979358203001662e-05,7.084670180311904e-05,0.062207929249786444,352
VGlut-F-500844,667,420,247,5662,420,247,0.004989225340974568,0.006606936938554172,4.8780966572194716e-05,0.03351590372343098,348
VGlut-F-500845,960,733,227,5394,733,227,0.015320538500943035,3.7144745797901425e-05,6.29005059481186e-05,0.04823878197075524,352
VGlut-F-500846,359,211,148,1884,211,148,0.003791062662508776,3.7420897324083065e-06,2.0704222925220483e-05,0.018039294507813677,287
VGlut-F-500847,401,138,263,2624,138,263,0.0012114846720894963,2.1949676012105424e-05,2.613035676776016e-05,0.02014974121903422,205
VGlut-F-500848,277,137,140,1748,137,140,0.0007204306854985786,1.3685356813084842e-05,1.5699767457224727e-05,0.013918898547811668,205
VGlut-F-500849,266,32,234,1308,32,234,0.0002165325412206553,1.223863372773453e-07,1.4659058145158298e-05,0.013366162504396765,199
VGlut-F-500851,1669,734,935,9835,734,935,0.004715897746760578,7.5583656428627945e-06,0.00017924441715275833,0.08386513240540676,236
VGlut-F-500852,510,254,256,5625,254,256,0.0019311060963192155,5.1666417762460174e-05,3.309806786722397e-05,0.02562685292196372,280
VGlut-F-500853,108,48,60,571,48,60,0.00021014189020518008,4.1144051855968333e-07,1.370770141607478e-05,0.005426862971709964,96
VGlut-F-500855,448,220,228,3385,220,228,0.005862795059181445,2.83106211795317e-05,2.311830993133533e-05,0.022511431586352444,352
VGlut-F-500856,242,115,127,1154,115,127,0.0004279671881133305,1.2571836501577175e-06,1.271530084873388e-05,0.012160192955127883,210
VGlut-F-500857,336,172,164,1999,172,164,0.003294795639305656,3.069382174168121e-05,2.7540162244519385e-05,0.016883573689764335,235
VGlut-F-500861,609,474,135,3646,474,135,0.006718929545045069,0.003995580884452549,8.585868642552789e-05,0.030601477312697856,348
VGlut-F-500862,124,78,46,717,78,46,0.000255302840066192,3.3817173830127985e-07,3.0450997211781875e-05,0.006230842671222552,94
VGlut-F-500863,807,485,322,9080,485,322,0.007332032567978872,0.0001625393696478079,0.00014681067717816186,0.04055072609416612,331
VGlut-F-500864,128,101,27,871,101,27,0.0005440905382037473,5.836719581808e-06,1.3708943692487674e-05,0.0064318375961006985,128
VGlut-F-500865,114,61,53,761,61,53,0.00020238150527070073,3.511208209074411e-07,2.7678144834780255e-05,0.005728355359027185,93
VGlut-F-500868,193,125,68,1041,125,68,0.0005486590834101435,1.5372796465156901e-06,1.4969059193201466e-05,0.009698005125370585,183
VGlut-F-500869,347,204,143,2047,204,143,0.005628003429894998,1.1507279418383969e-05,2.0002677729718306e-05,0.017436309733179237,331
VGlut-F-500870,309,116,193,1338,116,193,0.0004976728354683532,1.3759911335530189e-06,1.2408426000290572e-05,0.015526857946836843,211
VGlut-F-500871,953,790,163,13687,790,163,0.00995426535562751,0.02933932465687479,0.0001992510616708923,0.04788704085221848,348
VGlut-F-500872,1091,1009,82,17890,1009,82,0.014609028334315356,0.0005284533326092177,0.000701978760501727,0.054821365760514544,331
VGlut-F-500873,244,117,127,752,117,127,0.00020140810838409454,6.70481128902249e-08,3.336501727685962e-05,0.012260690417566956,150
VGlut-F-500874,226,55,171,1349,55,171,0.0021547759721553803,2.105607155788334e-06,1.3657874122529e-05,0.011356213255615295,144
VGlut-F-500875,830,611,219,6240,611,219,0.008144813941593733,0.006595644439784316,8.910933079632884e-05,0.041706446912215464,348
VGlut-F-500876,432,167,265,4265,167,265,0.002471238025143422,0.0022990374726926375,1.927104031140905e-05,0.021707451886839858,348
VGlut-F-500877,336,68,268,1831,68,268,0.0006825456349267221,3.2562217330479104e-05,1.2723015911612365e-05,0.016883573689764335,208
VGlut-F-600000,334,164,170,1599,164,170,0.0005305007488400171,1.535560414869104e-06,3.2590069895527244e-05,0.01678307622732526,181
VGlut-F-600003,58,43,15,227,43,15,0.00015294639028659283,8.366964766452964e-08,1.2744972803253813e-05,0.002914426410733129,55
VGlut-F-600004,375,220,155,1818,220,155,0.002714390244798202,2.275034793697384e-05,6.677565913874726e-05,0.018843274207326264,229
VGlut-F-600005,192,96,96,1223,96,96,0.0004912792164242603,1.3128024885245208e-06,1.3024353396839284e-05,0.009647756394151047,185
VGlut-F-600006,244,162,82,1118,162,82,0.0012827713899264833,3.4830790425867805e-06,2.4907617511710793e-05,0.012260690417566956,199
VGlut-F-600007,541,409,132,3170,409,132,0.005581729306004733,0.004237609135196204,4.4571459689753586e-05,0.027184563589769357,348
VGlut-F-600008,235,185,50,892,185,50,0.003173676761367323,1.9035934067736613e-05,2.0691789163207562e-05,0.011808451836591126,163
VGlut-F-600009,488,388,100,2189,388,100,0.005248794686670453,0.0029427479668062842,3.436581465198924e-05,0.024521380835133912,333
VGlut-F-600010,449,209,240,2364,209,240,0.0030684442643995184,1.7775413465799137e-05,4.923540233914726e-05,0.02256168031757198,293
VGlut-F-600011,359,291,68,1420,291,68,0.004695038281454693,1.096659197886346e-05,5.592310241055783e-05,0.018039294507813677,205
VGlut-F-600012,287,184,103,1387,184,103,0.0019426550617700012,4.448108978859117e-05,7.095323754085241e-05,0.014421385860007034,200
VGlut-F-600013,208,115,93,657,115,93,0.0016576609037431836,1.6219492099495896e-05,1.4253304295209973e-05,0.010451736093663636,147
VGlut-F-600014,224,83,141,1062,83,141,0.00036531128238338854,1.107373218729844e-06,1.7764881076487287e-05,0.011255715793176222,167
VGlut-F-600016,151,70,81,453,70,81,0.00037214229698931487,3.0746860661520776e-06,2.142760332529653e-05,0.007587558414150043,129
VGlut-F-600017,735,482,253,13129,482,253,0.006162260580962258,0.02086178431140857,0.00012139462753161863,0.03693281744635948,348
VGlut-F-600018,276,180,96,1481,180,96,0.000943986899061238,7.493565816591328e-06,2.272883357886857e-05,0.013868649816592131,202
VGlut-F-600019,484,476,8,3449,476,8,0.007132585265642813,0.004111655814801604,8.858621202780015e-05,0.024320385910255767,344
VGlut-F-600020,121,86,35,542,86,35,0.0003522577988130609,2.1430914163643483e-07,5.53848121910115e-05,0.006080096477563942,89
VGlut-F-600021,14,12,2,39,12,2,6.883977683275644e-05,3.248513158270439e-08,2.067470187876405e-05,0.0007034822370735139,13
VGlut-F-600022,327,157,170,1180,157,170,0.002789001768199146,4.431098892767212e-06,2.0078902842310705e-05,0.016431335108788504,202
VGlut-F-600023,271,104,167,2185,104,167,0.0007385911366603507,8.649311940806883e-06,1.5173736474432185e-05,0.013617406160494448,205
VGlut-F-600024,301,255,46,1121,255,46,0.004469918810800352,2.4045644498892475e-05,0.00010862639024697463,0.015124868097080548,217
VGlut-F-600025,396,244,152,2770,244,152,0.0027228377238473793,1.6762280070200907e-05,6.078431005722143e-05,0.019898497562936535,256
VGlut-F-600026,312,142,170,2363,142,170,0.0018645708346004446,1.7931770363293788e-05,3.148023230807448e-05,0.015677604140495453,222
VGlut-F-600027,192,12,180,1453,12,180,4.7310015457830504e-05,6.926649695492992e-08,9.073278389508062e-06,0.009647756394151047,183
VGlut-F-600028,584,408,176,3606,408,176,0.005467641333073791,3.77638513705892e-05,0.00015560542123964555,0.029345259032209435,266
VGlut-F-600029,415,210,205,2314,210,205,0.0034871567333964056,2.769751504367897e-05,2.8465944313400945e-05,0.020853223456107732,308
VGlut-F-600030,174,29,145,881,29,145,0.0007510020513848743,3.894816459638258e-06,1.3920052972158248e-05,0.008743279232199388,161
VGlut-F-600031,112,55,57,463,55,57,0.00026533132265207666,3.749902036803804e-07,2.0952528725453934e-05,0.005627857896588111,90
VGlut-F-600032,367,223,144,2068,223,144,0.003167801075509857,8.19068789850775e-06,4.686688210362605e-05,0.018441284357569972,209
VGlut-F-600033,329,159,170,1491,159,170,0.0026783712456400345,8.487621420973963e-06,3.324239708694338e-05,0.016531832571227575,217
VGlut-F-600034,273,132,141,1132,132,141,0.0037425272511269914,0.00035501083319294216,1.9185269454157097e-05,0.01371790362293352,248
VGlut-F-600035,184,98,86,1238,98,86,0.000342968719343662,1.3502395590338667e-06,3.770313922404426e-05,0.009245766544394754,121
VGlut-F-600038,148,119,29,691,119,29,0.00046535039414961,3.180495269255977e-07,5.338075378160017e-05,0.0074368122204914325,104
VGlut-F-600039,91,11,80,1125,11,80,2.4892815466663005e-05,3.892694059316028e-08,9.350512512379875e-06,0.0045726345409778405,82
VGlut-F-600040,75,58,17,309,58,17,0.0004668567470121692,3.985745558166708e-06,2.0717310804083677e-05,0.003768654841465253,69
VGlut-F-600041,243,200,43,1349,200,43,0.0017502471935713472,1.6937823501614122e-06,3.887185255480354e-05,0.01221044168634742,198
VGlut-F-600042,390,196,194,1579,196,194,0.003010520131612976,2.3340607343664547e-05,3.0464793315250353e-05,0.019597005175619315,296
VGlut-F-600043,156,95,61,754,95,61,0.0005435232656606784,7.056429507270682e-07,2.259701482142416e-05,0.007838802070247727,122
VGlut-F-600044,180,111,69,970,111,69,0.0010332686196336171,0.0001339174258162488,4.3011347727996136e-05,0.009044771619516606,165
VGlut-F-600045,216,24,192,1616,24,192,0.00017162261174075068,1.0846318560794319e-06,1.1342359104644537e-05,0.010853725943419929,201
VGlut-F-600048,490,405,85,2091,405,85,0.005041382590297486,0.001798886981724204,7.700612983283814e-05,0.024621878297572987,324
VGlut-F-600049,454,242,212,2135,242,212,0.003401259208847203,4.839147656562403e-05,6.445877505787958e-05,0.022812923973669665,292
VGlut-F-600051,253,175,78,1393,175,78,0.0014529718538409757,2.019593070596802e-06,2.5630785241048783e-05,0.012712928998542787,199
VGlut-F-600056,204,22,182,1537,22,182,0.0001606751574475703,1.0677686913006008e-06,1.0387745197470028e-05,0.010250741168785488,191
VGlut-F-600057,511,430,81,2393,430,81,0.005591982789204002,0.001982911640944087,7.175442333820796e-05,0.02567710165318326,328
VGlut-F-600060,254,124,130,1670,124,130,0.0006127217411685725,1.8937494883457156e-06,1.454546326266033e-05,0.012763177729762324,211
VGlut-F-600061,174,51,123,903,51,123,0.0004404342972670648,6.161578079775221e-06,1.2153592471337153e-05,0.008743279232199388,165
VGlut-F-600062,313,284,29,1570,284,29,0.0032479044238085176,1.4623166478853195e-05,4.8821826984864336e-05,0.01572785287171499,209
VGlut-F-600065,336,239,97,1687,239,97,0.0029796433190120066,5.053588072363011e-06,5.578829218928388e-05,0.016883573689764335,209
VGlut-F-600067,224,103,121,1052,103,121,0.001407689981338891,0.00014152708858075258,2.0059929412661838e-05,0.011255715793176222,204
VGlut-F-600068,341,295,46,1736,295,46,0.003266319895647584,2.4877199357069317e-05,5.8953899949523875e-05,0.017134817345862016,209
VGlut-F-600069,450,290,160,2945,290,160,0.0020429657435963597,5.16416346074933e-05,3.789604795919314e-05,0.02261192904879152,205
VGlut-F-600070,176,57,119,710,57,119,0.0010505149920224843,0.0004914850679170447,1.592367976517906e-05,0.00884377669463846,169
VGlut-F-600071,234,32,202,2312,32,202,0.0005813482989388753,1.051115893657407e-06,9.746378142417049e-06,0.01175820310537159,215
VGlut-F-600072,327,127,200,1756,127,200,0.0009605171283538523,6.666404230178198e-06,1.73463729709764e-05,0.016431335108788504,211
VGlut-F-600073,629,481,148,3688,481,148,0.00681951649332688,0.0034485272558100423,5.473240336575131e-05,0.03160645193708859,348
VGlut-F-600074,228,55,173,1156,55,173,0.00016430718640751847,1.2231004712617503e-07,1.4199352123901168e-05,0.01145671071805437,103
VGlut-F-600075,182,35,147,612,35,147,0.00038193295530552525,4.074519286881769e-07,8.600309197864422e-06,0.009145269081955681,156
VGlut-F-600076,241,166,75,1359,166,75,0.0012600534071831554,3.7196040218798196e-05,5.383853495914326e-05,0.012109944223908346,184
VGlut-F-600077,326,227,99,1654,227,99,0.00234940854639174,4.165964251666092e-06,3.782401934471396e-05,0.016381086377568965,201
VGlut-F-600078,397,161,236,1811,161,236,0.0010245614806323536,1.42203277518537e-05,1.990487625647321e-05,0.01994874629415607,205
VGlut-F-600079,204,182,22,1065,182,22,0.000638173054223178,5.047612509178451e-07,9.390661902736805e-05,0.010250741168785488,110
VGlut-F-600081,291,132,159,1113,132,159,0.0009036498034166803,9.147759796707147e-06,1.4092729449377353e-05,0.014622380784885182,205
VGlut-F-600082,251,221,30,998,221,30,0.0013839979035875649,1.2334372879331735e-05,3.304061155871362e-05,0.012612431536103714,183
VGlut-F-600083,259,50,209,1022,50,209,0.0006399694943142158,2.273856518056162e-06,2.3791559369810315e-05,0.013014421385860007,179
VGlut-F-600084,478,225,253,3007,225,253,0.003376379122810641,2.0144430204745192e-05,3.966265888246222e-05,0.024018893522938546,235
VGlut-F-600085,17,13,4,51,13,4,4.301686870328373e-05,8.187620807204535e-08,1.315491305798338e-05,0.000854228430732124,17
VGlut-F-600086,230,203,27,1421,203,27,0.0023053345829779233,3.0992720421891604e-06,4.101407388142456e-05,0.011557208180493442,196
VGlut-F-600087,336,234,102,1546,234,102,0.0020451731794640824,2.8348808147844438e-05,4.33697450749584e-05,0.016883573689764335,214
VGlut-F-600089,447,258,189,2362,258,189,0.006668626866790059,7.60096185397492e-06,1.99953347094601e-05,0.02246118285513291,352
VGlut-F-600090,370,135,235,2011,135,235,0.0005637977187955832,1.7594922002974516e-06,1.4500279648315862e-05,0.018592030551228583,211
VGlut-F-600091,309,279,30,1768,279,30,0.0023619551075000967,1.308460401783961e-05,6.680047684025487e-05,0.015526857946836843,200
VGlut-F-600092,268,223,45,1251,223,45,0.004392577133877128,1.2631028599770323e-05,4.625492146733215e-05,0.013466659966835838,205
VGlut-F-600093,189,97,92,1200,97,92,0.00043465668922516984,1.0003265532621589e-06,1.1948510449716761e-05,0.009497010200492437,185
VGlut-F-600094,276,218,58,1797,218,58,0.003771623340527305,2.733525103035806e-05,7.722771796384143e-05,0.013868649816592131,237
VGlut-F-600096,55,30,25,210,30,25,0.00011225597753433464,1.2671308209219706e-07,1.2699105558978457e-05,0.002763680217074519,52
VGlut-F-600097,5,3,2,15,3,2,1.188807553722973e-06,7.119603832931302e-11,9.127499446546907e-06,0.0002512436560976835,5
VGlut-F-600098,318,110,208,1697,110,208,0.0016678423569975048,2.5001795621913066e-06,2.4299054659412795e-05,0.015979096527812674,209
VGlut-F-600099,190,46,144,600,46,144,0.0004428339783293103,3.5488530662579984e-06,9.927062728609347e-06,0.009547258931711974,182
VGlut-F-600100,206,58,148,1107,58,148,0.0010232266379051843,5.860747102851129e-06,1.5721529890655474e-05,0.010351238631224561,192
VGlut-F-600101,335,126,209,1578,126,209,0.0015675876086430436,2.0070965502188988e-05,2.4372789239454494e-05,0.016833324958544796,245
VGlut-F-600102,273,58,215,1300,58,215,0.0008757140316897244,5.992183540404082e-07,1.3320849511173235e-05,0.01371790362293352,199
VGlut-F-600103,85,78,7,326,78,7,0.0004087153122453248,1.2598947209472258e-05,1.0896093423510214e-05,0.00427114215366062,85
VGlut-F-600104,216,93,123,994,93,123,0.0004770166689722383,1.8722271985251583e-06,1.1989629165542253e-05,0.010853725943419929,202
VGlut-F-600105,414,224,190,2867,224,190,0.0031983234918598713,0.002299328804397415,2.5318916080899374e-05,0.020802974724888196,340
VGlut-F-600106,335,53,282,4637,53,282,0.00035697531892943765,1.1569900973266638e-05,1.1375702702146646e-05,0.016833324958544796,283
VGlut-F-600107,343,296,47,1779,296,47,0.0014611242526471953,1.285480910124184e-05,3.796014322363166e-05,0.01723531480830109,203
VGlut-F-600109,432,194,238,3249,194,238,0.0014268718663123553,2.5959585100827065e-05,3.129901063134518e-05,0.021707451886839858,211
VGlut-F-600110,722,535,187,5623,535,187,0.010060642286312437,0.0007487106132705117,0.00013105737959215612,0.036279583940505504,339
VGlut-F-600111,226,25,201,1565,25,201,0.00024563650924224243,2.974708241127518e-07,8.049725966194503e-06,0.011356213255615295,211
VGlut-F-600112,57,36,21,200,36,21,0.00010823660176732735,6.998388878406256e-08,1.4995490270903439e-05,0.0028641776795135924,55
VGlut-F-600113,235,110,125,957,110,125,0.0010119355056273504,1.9092098944120806e-05,1.6538401585873723e-05,0.011808451836591126,212
VGlut-F-600114,304,75,229,1575,75,229,0.0009344470158138168,1.0444661502457644e-05,1.4563888985665019e-05,0.015275614290739158,236
VGlut-F-600115,735,164,571,2893,164,571,0.003272434705841557,7.78015226995571e-06,3.757917493997272e-05,0.03693281744635948,349
VGlut-F-600116,386,311,75,1756,311,75,0.0012603034845363255,7.005490437644378e-06,6.384694358372882e-05,0.01939601025074117,206
VGlut-F-600117,349,166,183,1960,166,183,0.0013541856293079802,4.166858643115113e-05,2.5926672589775692e-05,0.01753680719561831,205
VGlut-F-600118,518,280,238,3310,280,238,0.0029497021665399253,1.3244001826787813e-05,8.477395119626135e-05,0.026028842771720014,271
VGlut-F-600120,428,239,189,2739,239,189,0.004043182204964114,5.588577330350993e-05,4.041063511900625e-05,0.021506456961961712,305
VGlut-F-600121,113,77,36,457,77,36,0.0006727733509368174,2.9797212034385837e-05,2.3433414233593e-05,0.0056781066278076475,111
VGlut-F-600123,357,199,158,2294,199,158,0.004744276909836469,0.00019726216691312755,8.921419096850726e-05,0.017938797045374603,236
VGlut-F-600125,233,198,35,1387,198,35,0.0014531492015933554,1.027458236615993e-05,3.762691622216117e-05,0.011707954374152053,191
VGlut-F-600126,143,96,47,821,96,47,0.001398598305596107,3.013018232531686e-06,1.8624575065007667e-05,0.0071855685643937494,134
VGlut-F-600127,94,58,36,463,58,36,0.00012443356742617475,9.833307119583798e-07,3.3785018502407915e-05,0.004723380734636451,89
VGlut-F-600128,313,177,136,1106,177,136,0.002939837327354101,1.536191882058407e-05,2.969944411409914e-05,0.01572785287171499,263
VGlut-F-600130,76,49,27,258,49,27,0.00012665270910026187,6.75435177454026e-08,3.0253897169296086e-05,0.0038189035726847896,70
VGlut-F-600131,204,19,185,1460,19,185,6.713680706664077e-05,1.2361760826782063e-06,1.0539383138970681e-05,0.010250741168785488,187
VGlut-F-600132,58,29,29,285,29,29,7.001650522875589e-05,1.2187315161647676e-07,1.748478973982006e-05,0.002914426410733129,57
VGlut-F-600133,427,196,231,2756,196,231,0.0034788837529633088,3.1409559014438225e-05,3.0785607568312986e-05,0.021456208230742173,311
VGlut-F-600134,1190,539,651,6931,539,651,0.010768767082273527,7.481688179590434e-06,4.4544626895139186e-05,0.05979599015124868,352
VGlut-F-600135,324,227,97,1846,227,97,0.003960096568664309,3.142370040651417e-05,5.253918795751391e-05,0.016280588915129894,270
VGlut-F-600136,1060,746,314,13985,746,314,0.01090548038576508,0.0002293824093101746,0.00034436528371699224,0.05326365509270891,331
VGlut-F-600137,207,171,36,740,171,36,0.00028329789219730644,9.161773127397178e-08,4.278768769577337e-05,0.010401487362444098,148
VGlut-F-600138,272,221,51,1256,221,51,0.0025323184901014984,0.0005879805799310201,5.8043244559997585e-05,0.013667654891713983,200
VGlut-F-600139,335,253,82,2003,253,82,0.004224858768376001,3.734984430089483e-05,7.576938717333907e-05,0.016833324958544796,237
VGlut-F-600140,648,610,38,4044,610,38,0.007856912346397817,0.003652262814261082,0.000130632960221898,0.03256117783025979,344
VGlut-F-600141,78,51,27,317,51,27,0.00013994008578378127,8.272523523565664e-08,1.6731771372685873e-05,0.003919401035123863,68
VGlut-F-600142,146,84,62,639,84,62,0.0006383331322678083,9.807892060519257e-06,3.794078822921255e-05,0.007336314758052359,129
VGlut-F-600143,149,112,37,449,112,37,0.0016157185185979878,4.461682879869638e-06,1.4705225956169078e-05,0.007487060951710969,133
VGlut-F-600144,121,88,33,447,88,33,0.000508261073212376,3.3490456310350694e-06,1.6117622140639687e-05,0.006080096477563942,103
VGlut-F-600145,147,99,48,965,99,48,0.0005209906213931862,4.024015797632135e-06,1.2619014395782112e-05,0.007386563489271896,147
VGlut-F-600146,207,121,86,1132,121,86,0.0005776661445660396,1.1659779899707758e-06,1.4510544577480053e-05,0.010401487362444098,190
VGlut-F-600147,252,43,209,1174,43,209,0.001056604997067627,3.3520636180491025e-06,1.174678560976265e-05,0.01266268026732325,201
VGlut-F-600148,181,46,135,655,46,135,0.00037348224401109243,2.0263190294128276e-06,2.2151807627759247e-05,0.009095020350736144,135
VGlut-F-600149,626,568,58,5275,568,58,0.007039248475430671,0.0049628009130161296,0.00016966291442059665,0.03145570574342998,344
VGlut-F-600150,381,187,194,1669,187,194,0.0027835742972186542,7.870425775502858e-06,3.62717020873375e-05,0.019144766594643484,209
VGlut-F-600151,277,43,234,1843,43,234,0.0009182490268213161,1.9206225008026338e-06,1.1177786345762552e-05,0.013918898547811668,244
VGlut-F-600152,171,66,105,559,66,105,0.0002105747294064262,1.11308309722743e-07,3.797342024509094e-05,0.008592533038540778,138
VGlut-F-600153,77,51,26,276,51,26,0.00045180303079857736,3.8776869898160274e-07,1.8093475111189592e-05,0.0038691523039043265,73
VGlut-F-600154,104,77,27,315,77,27,0.0012742156696021933,2.036419523822524e-06,1.218036118615637e-05,0.005225868046831818,104
VGlut-F-600156,304,102,202,1233,102,202,0.0005905756317111692,1.964179709245644e-06,1.8882218995557934e-05,0.015275614290739158,181
VGlut-F-600157,38,25,13,118,25,13,5.2370756994316496e-05,1.3579536489538845e-08,1.279051263606933e-05,0.0019094517863423948,38
VGlut-F-600158,185,141,44,1056,141,44,0.0015707619675954607,2.7718039840867236e-05,2.132439052814755e-05,0.009296015275614291,168
VGlut-F-600159,508,269,239,2578,269,239,0.0036277528995899786,2.6260664037885347e-05,0.00010424480406580306,0.025526355459524648,256
VGlut-F-600162,173,118,55,961,118,55,0.00035080229127398035,8.50305704090389e-07,5.091431848406474e-05,0.00869303050097985,109
VGlut-F-600163,81,47,34,588,47,34,0.00013437387248942036,1.1060240733239978e-07,2.085756606076891e-05,0.0040701472287824735,72
VGlut-F-600164,783,47,736,6131,47,736,0.0003207928279271835,5.185818692523908e-06,2.3733322469113936e-05,0.03934475654489724,352
VGlut-F-600165,16,4,12,76,4,12,2.8917359015363746e-06,4.629849075733556e-10,1.2012903366722611e-05,0.0008039796995125873,15
VGlut-F-600166,73,40,33,425,40,33,0.00010974102348835971,5.994590412826271e-08,1.4702169670613521e-05,0.0036681573790261794,64
VGlut-F-600169,1226,491,735,6775,491,735,0.010775909334191836,7.593624203155252e-06,3.52247569929739e-05,0.061604944475152,352
VGlut-F-600170,157,99,58,1285,99,58,0.0002113392443792893,3.67233968201572e-07,0.0001025084641690529,0.007889050801467262,85
VGlut-F-600171,959,218,741,4921,218,741,0.005200445627250571,2.0082521777114095e-05,3.180351827957098e-05,0.0481885332395357,352
VGlut-F-600172,235,70,165,869,70,165,0.0010411407809771736,2.6165172627279537e-06,1.7898096689866136e-05,0.011808451836591126,206
VGlut-F-600173,180,169,11,1681,169,11,0.0001993539200508042,5.331696571669785e-07,0.00020685973701597152,0.009044771619516606,73
VGlut-F-600174,51,44,7,175,44,7,2.9180891123872042e-05,1.3657329459370483e-08,3.152224196642671e-05,0.002562685292196372,45
VGlut-F-600175,137,83,54,640,83,54,0.00031393569749866906,6.051707218605368e-07,1.094501047201265e-05,0.006884076177076529,137
VGlut-F-600176,332,238,94,1923,238,94,0.003685866028428081,2.3185904573442127e-05,7.97806747125405e-05,0.016682578764886186,255
VGlut-F-600177,119,54,65,929,54,65,5.9483369927101144e-05,5.1072260011159466e-08,5.067425458250289e-05,0.005979599015124868,79
VGlut-F-600178,1373,843,530,5504,843,530,0.024761927822248706,0.0003374148557054366,7.977567953583169e-05,0.0689915079644239,352
VGlut-F-600179,225,91,134,744,91,134,0.00097545314314294,1.6062028169055386e-06,4.284067527984511e-05,0.01130596452439576,196
VGlut-F-600180,493,182,311,4290,182,311,0.004466253425920498,1.0658961196670705e-05,1.7798947124615862e-05,0.024772624491231597,352
VGlut-F-600181,820,39,781,4274,39,781,0.00062991822589701,2.5452833722264054e-06,1.2259649001493791e-05,0.0412039596000201,352
VGlut-F-600183,309,107,202,1260,107,202,0.0014433731592580984,3.6270563446219064e-06,3.3788246910017635e-05,0.015526857946836843,209
VGlut-F-600184,389,250,139,1993,250,139,0.0041394942886429755,3.487333251374665e-05,7.536763899651564e-05,0.01954675644439978,280
VGlut-F-600185,369,145,224,1880,145,224,0.003242397974282393,1.677110557501181e-05,2.9341227181703943e-05,0.018541781820009044,237
VGlut-F-600186,452,148,304,2916,148,304,0.0029655121032934367,9.66764464339477e-06,2.5208511636289867e-05,0.02271242651123059,236
VGlut-F-600187,1068,706,362,6153,706,362,0.015380789571503956,2.7025168902350432e-05,6.689314583057563e-05,0.0536656449424652,352
VGlut-F-600188,176,146,30,823,146,30,0.001610264237902072,7.99095656238465e-06,2.3255176214561772e-05,0.00884377669463846,169
VGlut-F-600189,106,88,18,792,88,18,0.00013577598512150185,2.504206179831496e-07,8.762099777665247e-05,0.005326365509270891,66
VGlut-F-600191,367,188,179,2152,188,179,0.0014555079026968543,2.2773983947708006e-05,9.083411194764554e-05,0.018441284357569972,202
VGlut-F-600192,937,92,845,7159,92,845,0.0024454402882433893,6.0657343882512e-06,1.0813099661434083e-05,0.04708306115270589,352
VGlut-F-600194,240,51,189,2776,51,189,0.00021533399961083872,3.7596099111538604e-07,2.7874127278423946e-05,0.01205969549268881,121
VGlut-F-600195,515,217,298,3667,217,298,0.005263723292639949,8.94773063890823e-06,1.9601974383224307e-05,0.025878096578061404,352
VGlut-F-600197,408,238,170,2307,238,170,0.0036355529800351006,1.1211321368800852e-05,4.088801414989773e-05,0.020501482337570976,209
VGlut-F-600198,319,128,191,1421,128,191,0.004031422254652113,1.630260199182677e-05,2.171937058687763e-05,0.01602934525903221,206
VGlut-F-600200,816,461,355,8117,461,355,0.007081494014215118,0.00011538919297893654,0.00011874942746628063,0.04100296467514195,331
VGlut-F-600202,345,98,247,1270,98,247,0.0006345712674936754,8.727756932132678e-06,1.3714720249600715e-05,0.017335812270740165,254
VGlut-F-600203,226,188,38,1329,188,38,0.00329663964526471,1.6518019562737376e-05,2.8863729189160352e-05,0.011356213255615295,206
VGlut-F-600204,1555,847,708,8739,847,708,0.001819975842610119,6.304039372103056e-06,0.00034983705827784965,0.07813677704637959,275
VGlut-F-600205,281,201,80,1713,201,80,0.002300323359005946,2.5368784860846473e-06,3.6555265621374395e-05,0.014119893472689814,202
VGlut-F-600206,435,208,227,1783,208,227,0.00229624179044546,1.369904659708544e-05,3.563127901145538e-05,0.021858198080498468,296
VGlut-F-600207,53,41,12,152,41,12,0.0005218993551124682,9.576419687604411e-07,1.0226350236350465e-05,0.0026631827546354453,53
VGlut-F-600208,272,203,69,1346,203,69,0.0012450271874500146,1.8777637324221894e-05,2.1517639273228646e-05,0.013667654891713983,211
VGlut-F-600209,383,310,73,1796,310,73,0.0019449104236495514,1.3971876627610458e-05,5.192506862811836e-05,0.01924526405708256,205
VGlut-F-600211,319,186,133,1169,186,133,0.002928150093699082,5.457821046027293e-06,5.859804027470953e-05,0.01602934525903221,209
VGlut-F-600212,633,496,137,2473,496,137,0.0066686349049509324,2.1771164238805836e-05,8.644113633364658e-05,0.03180744686196674,255
VGlut-F-600213,490,219,271,3498,219,271,0.006739589181956431,2.6658400982710063e-05,4.6812999693266046e-05,0.024621878297572987,246
VGlut-F-600214,403,203,200,2274,203,200,0.002849075609196417,3.2455555161248644e-05,2.5205685356432447e-05,0.02025023868147329,296
VGlut-F-600215,443,158,285,1970,158,285,0.001274219644148276,3.452559129970784e-06,2.4963374893357655e-05,0.02226018793025476,209
VGlut-F-600217,389,227,162,1779,227,162,0.0006669112633214278,8.188524862948986e-07,7.290374199709636e-05,0.01954675644439978,168
VGlut-F-600219,233,147,86,1396,147,86,0.0024095578949227176,5.948057759718412e-06,2.9318983836780567e-05,0.011707954374152053,201
VGlut-F-600220,292,142,150,1303,142,150,0.0016210735879600626,2.6142808996744237e-05,4.571618590970254e-05,0.014672629516104718,198
VGlut-F-600222,106,55,51,383,55,51,0.00044989313299084656,4.832517682917038e-06,1.346865568394256e-05,0.005326365509270891,92
VGlut-F-600223,279,203,76,2097,203,76,0.0019904355231745814,9.229814414236803e-05,8.103754154470502e-05,0.014019396010250741,204
VGlut-F-600224,280,54,226,1062,54,226,0.0005729499414642,5.21628663443693e-06,1.3554440272108092e-05,0.014069644741470278,234
VGlut-F-600225,47,6,41,92,6,41,3.695814734330636e-05,8.08290651761627e-08,7.733816590791953e-06,0.0023616903673182254,46
VGlut-F-600226,3,2,1,11,2,1,2.2964566943257968e-05,7.907003114823624e-09,7.896181877408977e-06,0.0001507461936586101,3
VGlut-F-600227,208,165,43,1364,165,43,0.0017887993402141598,6.5079948539419236e-06,2.7359733878816102e-05,0.010451736093663636,188
VGlut-F-600228,391,154,237,2199,154,237,0.0011606403544937279,1.7966129498267738e-05,2.279533233340102e-05,0.019647253906838854,205
VGlut-F-600231,206,171,35,689,171,35,0.001085725332218165,9.04963370385276e-06,4.5812661201976717e-05,0.010351238631224561,142
VGlut-F-600232,119,60,59,555,60,59,0.00030285834051392015,9.592896754541037e-07,9.855054544901356e-06,0.005979599015124868,119
VGlut-F-600233,2,1,1,3,1,1,1.726321618397546e-07,6.740754097436475e-12,7.564946674561612e-06,0.00010049746243907341,2
VGlut-F-600234,86,47,39,493,47,39,0.00014621090384551828,1.8755306564687272e-07,1.984918500054362e-05,0.004321390884880157,77
VGlut-F-600237,63,40,23,250,40,23,9.383659852301748e-05,4.2723268111472816e-08,1.3641370678549552e-05,0.0031656700668308124,60
VGlut-F-600238,17,11,6,51,11,6,3.5249586806194674e-05,6.66032648441337e-09,1.0259711252534926e-05,0.000854228430732124,16
VGlut-F-600239,361,162,199,1358,162,199,0.0007188939074409198,1.0709484450710566e-06,2.5932007330969285e-05,0.018139791970252752,181
VGlut-F-600243,361,208,153,1403,208,153,0.0017842057585341147,5.0633322102411884e-06,2.9581584796665327e-05,0.018139791970252752,211
VGlut-F-600244,131,64,67,647,64,67,0.000321011865836929,3.502493365226912e-07,1.5799818228390142e-05,0.006582583789759309,103
VGlut-F-600245,458,282,176,3122,282,176,0.001195252300982987,1.0485186317202372e-05,6.992110404263736e-05,0.02301391889854781,218
VGlut-F-600246,429,258,171,1697,258,171,0.004056006752018828,7.03971132539378e-05,4.844787297887193e-05,0.021556705693181247,298
VGlut-F-600247,310,190,120,2196,190,120,0.0026192225839320716,6.43150178990131e-06,3.507658996319383e-05,0.015577106678056379,209
VGlut-F-600248,410,324,86,1849,324,86,0.0014434985627928894,1.3009822471504687e-05,7.040963372286482e-05,0.02060197980001005,211
VGlut-F-600249,478,231,247,3367,231,247,0.004039464801185425,5.177477708772243e-05,4.4723151515161507e-05,0.024018893522938546,311
VGlut-F-600250,68,18,50,284,18,50,5.4281678571101935e-05,2.6596039935084637e-08,9.281926411983706e-06,0.003416913722928496,65
VGlut-F-600251,248,202,46,1049,202,46,0.0010027945237094335,3.6429709504296435e-06,3.3154748090597425e-05,0.012461685342445104,174
VGlut-F-600252,487,175,312,2358,175,312,0.0007730015600809119,4.951097332807447e-06,2.1564897527214092e-05,0.024471132103914377,183
VGlut-F-600253,449,296,153,2551,296,153,0.001458678515598114,1.3079214685868224e-05,4.3026281747643585e-05,0.02256168031757198,205
VGlut-F-600254,420,262,158,2224,262,158,0.0036525885750520117,0.002057346649244575,5.228415152731132e-05,0.021104467112205417,336
VGlut-F-600255,152,115,37,551,115,37,0.000964780161347222,3.825956965747637e-06,1.477448857689762e-05,0.007637807145369579,129
VGlut-F-600256,248,68,180,1464,68,180,0.0009855537997907563,0.0004181891098577047,1.0019243018901643e-05,0.012461685342445104,230
VGlut-F-600257,1064,782,282,6365,782,282,0.004018861653325304,9.240290372058076e-06,0.0002919753397498666,0.05346465001758706,210
VGlut-F-600258,72,49,23,223,49,23,0.0002044022843802412,8.475780332674134e-08,1.8971608987138016e-05,0.003617908647806643,68
VGlut-F-600259,6,3,3,11,3,3,1.9806174812414937e-06,4.20646830534679e-10,7.887652110623453e-06,0.0003014923873172202,6
VGlut-F-600260,851,428,423,10531,428,423,0.006748368249975197,0.00018083231639199677,0.0001426675000178338,0.042761670267825735,331
VGlut-F-600262,272,135,137,1320,135,137,0.0006366815870382195,1.3916962755414457e-05,1.556517144493927e-05,0.013667654891713983,211
VGlut-F-600263,241,27,214,1483,27,214,0.00039701090611522316,5.816822392647403e-06,9.37131525634647e-06,0.012109944223908346,227
VGlut-F-600264,326,198,128,1732,198,128,0.003331555943065019,2.546801236946383e-05,5.7427788919637216e-05,0.016381086377568965,257
VGlut-F-600265,441,199,242,2635,199,242,0.002774373849904483,0.0021190498914511685,1.7582106849562793e-05,0.022159690467815688,344
VGlut-F-600266,337,35,302,2206,35,302,0.0005602288142356747,2.7012660021542105e-05,1.3776111731122975e-05,0.01693382242098387,277
VGlut-F-600267,513,329,184,3013,329,184,0.005057029287921538,3.7897627952253435e-05,0.00011095050927286208,0.02577759911562233,312
VGlut-F-600269,61,18,43,323,18,43,2.141211883327681e-05,1.3875725742252932e-07,2.056100032156431e-05,0.003065172604391739,47
VGlut-F-600270,219,179,40,936,179,40,0.0023317418650444775,1.4279628329321442e-05,2.9182513685565705e-05,0.011004472137078539,196
VGlut-F-600271,63,31,32,159,31,32,0.00021861814360642201,1.4230551007444623e-06,8.685028004362403e-06,0.0031656700668308124,62
VGlut-F-600272,431,67,364,2399,67,364,0.0007141446138324613,8.100189524760166e-06,1.0914475524001703e-05,0.021657203155620322,216
VGlut-F-600273,32,1,31,192,1,31,1.379498697145803e-06,7.349169483334535e-10,7.588238077125372e-06,0.0016079593990251746,31
VGlut-F-600275,202,164,38,1050,164,38,0.0026657031916940644,5.874076732753022e-06,2.4218918688167546e-05,0.010150243706346415,189
VGlut-F-600276,33,30,3,91,30,3,0.00014248124430274442,8.775493461355935e-08,1.1715683071308032e-05,0.0016582081302447113,33
VGlut-F-600278,43,26,17,143,26,17,0.00015167215476332989,1.2479588666408382e-07,1.1593327644029477e-05,0.0021606954424400783,42
VGlut-F-600279,337,254,83,1849,254,83,0.0029621971140297025,1.5399010461744914e-05,4.569638010756522e-05,0.01693382242098387,209
VGlut-F-600280,757,432,325,6631,432,325,0.005929275838574484,0.00403556333950993,7.133368003964244e-05,0.03803828953318929,348
VGlut-F-600281,120,101,19,586,101,19,0.00033133006728208855,2.2438914347487401e-07,4.7957058793118074e-05,0.006029847746344405,90
VGlut-F-600283,4,2,2,8,2,2,1.2820435489347774e-07,1.0202142813986135e-11,7.673930412339328e-06,0.00020099492487814683,4
VGlut-F-600284,162,85,77,571,85,77,0.00019499096749167114,7.584976947334511e-08,2.72605127581671e-05,0.008140294457564947,109
VGlut-F-600286,45,35,10,111,35,10,0.000817458415917273,9.224580120653148e-06,9.807782831413982e-06,0.0022611929048791516,45
VGlut-F-600287,1028,275,753,9525,275,753,0.007067716087946315,6.80610317037134e-05,4.944130596054249e-05,0.05165569569368374,352
VGlut-F-600289,102,73,29,483,73,29,0.00028991130950286063,5.483624437271848e-07,2.9871152903597182e-05,0.005125370584392744,80
VGlut-F-600290,820,297,523,3610,297,523,0.0055384353616488476,1.8892268000875467e-05,5.334581991159808e-05,0.0412039596000201,352
VGlut-F-600291,430,158,272,3195,158,272,0.004373921798908452,4.350887858735948e-06,1.5503332749935794e-05,0.021606954424400783,352
VGlut-F-600292,270,69,201,882,69,201,0.0003508064907619712,1.8678618769034118e-07,1.0155671562836587e-05,0.01356715742927491,143
VGlut-F-600294,890,646,244,18936,646,244,0.007635330203993031,0.03126776217508158,0.00023750779166829003,0.04472137078538767,348
VGlut-F-600295,453,321,132,2119,321,132,0.004950540726482554,0.0022733709732252875,2.7952445739300226e-05,0.02276267524245013,345
VGlut-F-600296,275,252,23,869,252,23,0.00040598703779895154,1.880895544366926e-07,6.824595271300828e-05,0.013818401085372594,150
VGlut-F-600298,174,34,140,959,34,140,0.0006112335733908727,1.323648438083128e-06,1.1391556967576468e-05,0.008743279232199388,171
VGlut-F-600299,217,95,122,648,95,122,0.0012368154047181208,1.6768673182170804e-06,4.255183334364389e-05,0.010903974674639466,182
VGlut-F-600300,351,108,243,1993,108,243,0.0015171708501892057,6.2041835679763e-06,1.850022044342062e-05,0.017637304658057382,238
VGlut-F-600301,314,116,198,2290,116,198,0.001328981248936191,5.573519345079719e-06,2.2855824224621484e-05,0.015778101602934524,231
VGlut-F-600302,107,51,56,530,51,56,9.584714424111865e-05,6.790516223982646e-08,3.4190035066259e-05,0.005376614240490428,73
VGlut-F-600303,184,89,95,520,89,95,0.0007885820250439621,6.540610346660813e-06,1.160952675434191e-05,0.009245766544394754,147
VGlut-F-600305,307,184,123,1113,184,123,0.0003829238404599542,2.0215169538153204e-07,6.049973368823776e-05,0.015426360484397768,148
VGlut-F-600307,56,15,41,185,15,41,2.429621078650314e-05,3.237657900162588e-08,8.722477393777567e-06,0.0028139289482940555,52
VGlut-F-600308,79,16,63,284,16,63,4.7534622813114276e-05,1.7188954413236628e-08,9.148609003668017e-06,0.0039696497663434,70
VGlut-F-600309,128,75,53,728,75,53,0.00024038878204971748,1.5657067012351643e-06,3.804212732498527e-05,0.0064318375961006985,96
VGlut-F-600310,369,97,272,4683,97,272,0.00104261243553683,1.3239017924486455e-06,1.6620122618642575e-05,0.018541781820009044,280
VGlut-F-600311,306,120,186,964,120,186,0.0006248574039232365,4.391595882889522e-06,2.6975582693285494e-05,0.015376111753178233,183
VGlut-F-600312,368,209,159,1937,209,159,0.005179776493225175,6.1286723067248455e-06,1.863707369348936e-05,0.018491533088789508,348
VGlut-F-600313,163,124,39,1299,124,39,0.00018181692680109513,1.400419918791553e-07,0.0002377618715949888,0.008190543188784483,87
VGlut-F-600314,142,119,23,816,119,23,0.0006848140226031524,3.79007229081482e-06,4.0727871423726064e-05,0.007135319833174212,136
VGlut-F-600316,186,154,32,792,154,32,0.0007661289065796327,3.3799260633924086e-06,1.7537692591284408e-05,0.009346264006833827,163
VGlut-F-600317,468,403,65,3008,403,65,0.005799627630456765,2.233101906409773e-05,9.940425925649762e-05,0.02351640621074318,239
VGlut-F-600318,209,169,40,1096,169,40,0.00036702604689881286,1.5024845828408047e-06,7.717613641429188e-05,0.010501984824883171,109
VGlut-F-600319,542,302,240,3581,302,240,0.004229483919635597,0.0033996768846558086,2.8597208386083736e-05,0.027234812320988896,348
VGlut-F-600321,3,1,2,8,1,2,7.238012796131496e-06,1.4170601929854339e-09,7.821826079869655e-06,0.0001507461936586101,3
VGlut-F-600322,329,261,68,1554,261,68,0.001295308118899162,1.2169738489030686e-05,5.513355512373488e-05,0.016531832571227575,193
VGlut-F-600323,314,254,60,1993,254,60,0.003416800600777956,1.0150338760543539e-05,5.583872966632998e-05,0.015778101602934524,205
VGlut-F-600324,815,394,421,12295,394,421,0.005231932631110936,0.0036868348714460325,7.491671715236948e-05,0.04095271594392241,348
VGlut-F-600325,436,120,316,1888,120,316,0.0018314863507647844,3.0184225142153982e-05,1.900606085944968e-05,0.021908446811718003,242
VGlut-F-600326,307,260,47,1374,260,47,0.0010369824577029774,3.3121775648807395e-06,4.209562460898055e-05,0.015426360484397768,189
VGlut-F-600327,319,93,226,1441,93,226,0.0003595318826931822,1.2283165700855469e-06,1.118654863236002e-05,0.01602934525903221,211
VGlut-F-600328,274,178,96,2038,178,96,0.001932350242608429,3.076979551615184e-06,2.894220096203954e-05,0.013768152354153058,200
VGlut-F-600329,101,63,38,365,63,38,0.00024965165768820434,1.217401850569908e-07,2.397826812269985e-05,0.005075121853173208,85
VGlut-F-600331,5,3,2,9,3,2,9.321518406174665e-06,2.1119191656395655e-09,7.906805935313017e-06,0.0002512436560976835,5
VGlut-F-600332,234,36,198,1782,36,198,0.0005138366598559421,2.492594336646025e-06,1.16519042246864e-05,0.01175820310537159,210
VGlut-F-600334,110,80,30,619,80,30,0.00020140601645517203,1.6066760388594515e-07,5.417719384032092e-05,0.005527360434149038,88
VGlut-F-600335,68,35,33,363,35,33,7.700963832391274e-05,9.721774018469069e-08,2.5258123485690583e-05,0.003416913722928496,57
VGlut-F-600336,942,474,468,16448,474,468,0.006939449998646744,0.0002054142101825156,0.00020748657502076567,0.04733430480880358,331
VGlut-F-600337,672,114,558,5067,114,558,0.00024133942637679653,4.303075555781178e-07,4.003736692893976e-05,0.03376714737952867,265
VGlut-F-600339,232,175,57,1339,175,57,0.00237778333971332,2.3135352898647312e-06,2.9905042860298527e-05,0.011657705642932515,198
VGlut-F-600340,255,160,95,1367,160,95,0.000710155816653018,2.765136544432069e-06,1.4981515421037239e-05,0.01281342646098186,211
VGlut-F-600342,102,84,18,420,84,18,0.0003110326019278056,2.4855436301351434e-07,3.803440539150513e-05,0.005125370584392744,82
VGlut-F-600343,242,195,47,1332,195,47,0.0018803904019861573,1.9851835897788203e-06,3.567470921488025e-05,0.012160192955127883,198
VGlut-F-600345,407,236,171,1710,236,171,0.007321022336573216,4.154045897758049e-05,3.7394267562901564e-05,0.02045123360635144,245
VGlut-F-600346,457,220,237,2984,220,237,0.003977469358192196,3.8423607468962266e-05,3.784478660772784e-05,0.022963670167328275,311
VGlut-F-600347,252,198,54,1028,198,54,0.0011303914136700911,5.5348915587185705e-06,3.1569486596267906e-05,0.01266268026732325,194
VGlut-F-600348,584,482,102,3220,482,102,0.006050054464767016,0.002496580894234879,8.621408394177807e-05,0.029345259032209435,344
VGlut-F-600350,519,68,451,4465,68,451,0.002563419770219896,1.0503064435419937e-05,1.5680851009256166e-05,0.02607909150293955,241
VGlut-F-600352,27,26,1,65,26,1,6.676694883170673e-05,2.3673535794463798e-08,1.2031835861460498e-05,0.001356715742927491,26
VGlut-F-600353,259,204,55,1314,204,55,0.0016171206043964401,1.2077498128774355e-05,3.0624158832105275e-05,0.013014421385860007,195
VGlut-F-600354,39,33,6,117,33,6,0.00010992641354988178,6.078642733199898e-08,1.2851958149693361e-05,0.0019597005175619317,38
VGlut-F-600355,139,60,79,847,60,79,0.0008716198763379868,0.00018361222888612673,1.2459280383667381e-05,0.006984573639515602,137
VGlut-F-600356,440,242,198,2137,242,198,0.0028554789204075256,2.4259200798821773e-05,7.749174445811833e-05,0.022109441736596153,245
VGlut-F-600357,47,32,15,172,32,15,0.00015166291643065562,3.002608700343559e-07,1.3760700176638777e-05,0.0023616903673182254,44
VGlut-F-600360,290,176,114,1669,176,114,0.0016560718930667625,5.192033307360844e-06,2.554693158044076e-05,0.014572132053665645,202
VGlut-F-600362,9,8,1,21,8,1,2.02456563663873e-05,4.2745412034553983e-08,1.085004360508744e-05,0.00045223858097583037,9
VGlut-F-600364,737,493,244,5964,493,244,0.006296913215729078,0.008500756050364325,6.610674782167929e-05,0.037033314908798555,348
VGlut-F-600365,189,142,47,1064,142,47,0.002541359947067342,6.976733240956492e-06,2.5026667647960566e-05,0.009497010200492437,178
VGlut-F-600366,475,264,211,3359,264,211,0.0019508884455315557,3.853046127096562e-05,3.8220147078026146e-05,0.023868147329279936,250
VGlut-F-600369,11,7,4,51,7,4,7.023634367358125e-06,1.742252448754236e-09,1.2888238019883235e-05,0.0005527360434149038,11
VGlut-F-600371,819,755,64,3092,755,64,0.013252379313926494,0.002862017661210961,7.278081497837598e-05,0.04115371086880056,348
VGlut-F-600372,232,172,60,1311,172,60,0.001476260649854792,1.5169950177470645e-06,3.074266377708348e-05,0.011657705642932515,196
VGlut-F-600373,212,179,33,1092,179,33,0.0016872855366368883,3.0759066759615635e-06,2.9122190838067395e-05,0.010652731018541781,191
VGlut-F-600374,16,14,2,53,14,2,3.1993492863876166e-05,6.508981717083933e-09,1.2108621737859701e-05,0.0008039796995125873,16
VGlut-F-600375,148,90,58,594,90,58,0.00045775582755920146,6.055191038789134e-07,1.0851484272961259e-05,0.0074368122204914325,146
VGlut-F-600376,178,44,134,596,44,134,0.00021956751366159155,7.586011789317804e-08,2.2938019322616687e-05,0.008944274157077534,145
VGlut-F-600377,174,134,40,821,134,40,0.0019017248880814604,2.891031348886812e-06,1.8633063625616402e-05,0.008743279232199388,171
VGlut-F-600378,170,148,22,428,148,22,0.0018319090235842707,1.1355562917357039e-05,2.3473302051592722e-05,0.00854228430732124,142
VGlut-F-600379,512,309,203,3613,309,203,0.0015911922798698456,1.349823836723698e-05,4.641840663503386e-05,0.025727350384402794,231
VGlut-F-600380,68,50,18,217,50,18,0.00013843040672495893,1.2383095072086294e-07,1.5179939516513048e-05,0.003416913722928496,62
VGlut-F-600382,178,21,157,585,21,157,0.0001012647187305425,5.1199197942018045e-08,1.2830427969716637e-05,0.008944274157077534,143
VGlut-F-600383,61,38,23,234,38,23,0.00012579028417972551,7.089826238912471e-08,1.3211841783929382e-05,0.003065172604391739,55
VGlut-F-600384,445,226,219,3129,226,219,0.0047216672188256465,4.8113824652109164e-05,4.376998584619415e-05,0.022360685392693834,271
VGlut-F-600387,189,146,43,1071,146,43,0.0027889405287383475,1.1439999141448412e-05,2.4861739895892724e-05,0.009497010200492437,176
VGlut-F-600389,270,192,78,1943,192,78,0.0016956000540691012,3.4841693756735174e-06,3.8188815724674624e-05,0.01356715742927491,200
VGlut-F-600390,159,133,26,798,133,26,0.0006089666823113488,2.2643509171364964e-06,1.514381744407179e-05,0.007989548263906337,155
VGlut-F-600391,87,30,57,436,30,57,7.67966465707112e-05,5.837141605854735e-08,1.5314384173546636e-05,0.004371639616099694,77
VGlut-F-600392,57,29,28,293,29,28,9.253899032973178e-05,6.997836299487208e-08,1.4883367270612543e-05,0.0028641776795135924,52
VGlut-F-600393,114,76,38,541,76,38,0.0002845475781897053,2.2986843135326582e-07,2.6721812665057505e-05,0.005728355359027185,94
VGlut-F-600395,49,24,25,271,24,25,4.977612425746341e-05,3.691454375116842e-08,1.111861356427299e-05,0.0024621878297572987,48
VGlut-F-600396,239,145,94,1258,145,94,0.00232861299834281,3.861606999614795e-06,1.9133930777197915e-05,0.012009446761469273,200
VGlut-F-600398,68,35,33,291,35,33,0.00014624290160301275,1.0421877792276018e-07,1.3210798338415775e-05,0.003416913722928496,61
VGlut-F-600399,203,58,145,1093,58,145,0.0008408678444572062,2.09360954939597e-06,1.5725581313800342e-05,0.01020049243756595,187
VGlut-F-600400,153,120,33,685,120,33,0.0003767462800309856,3.173968605676887e-07,0.0001276377609997541,0.0076880558765891165,104
VGlut-F-600402,345,211,134,1690,211,134,0.0024660672959765993,5.464704763956349e-06,4.486140593207926e-05,0.017335812270740165,209
VGlut-F-600403,1303,802,501,10513,802,501,0.018324973795852094,5.258109571119686e-05,0.00014755959577823522,0.06547409677905633,352
VGlut-F-600405,239,191,48,1077,191,48,0.0008279493883671075,2.810319593078599e-06,2.6045224114675977e-05,0.012009446761469273,172
VGlut-F-600406,259,179,80,1091,179,80,0.002037065899978353,6.265169084470168e-06,2.383254698154904e-05,0.013014421385860007,202
VGlut-F-600407,152,91,61,594,91,61,0.00028010455788114025,3.0673695858368017e-07,2.380263786894093e-05,0.007637807145369579,95
VGlut-F-600408,115,87,28,521,87,28,0.0003304451656336568,2.6347291291224876e-07,3.879837437578495e-05,0.005778604090246721,95
VGlut-F-600409,266,205,61,1279,205,61,0.0018219163688324319,3.736197867905958e-06,2.5295669131103144e-05,0.013366162504396765,210
VGlut-F-600410,289,254,35,1356,254,35,0.0031295438635408884,1.2156473495152407e-05,4.772076563006521e-05,0.014521883322446109,201
VGlut-F-600411,998,576,422,9849,576,422,0.00849019059735238,0.00016541759035245716,0.00015157282954458444,0.050148233757097635,331
VGlut-F-600412,291,223,68,1798,223,68,0.002771515157301344,4.362557128459922e-06,4.285826456361257e-05,0.014622380784885182,202
VGlut-F-600413,241,143,98,1256,143,98,0.0013694824623913997,1.1333871444093928e-06,2.657959000733449e-05,0.012109944223908346,189
VGlut-F-600414,284,210,74,1829,210,74,0.0022260567320561927,1.9144204391727667e-06,3.579194649593798e-05,0.014270639666348424,202
VGlut-F-600415,837,434,403,13485,434,403,0.006496554505934558,0.0002428768756455041,0.0001950937316039641,0.042058188030752224,331
VGlut-F-600416,178,78,100,539,78,100,0.0005166996571645117,4.4062573392393796e-07,3.0195740111571097e-05,0.008944274157077534,138
VGlut-F-600417,323,168,155,1475,168,155,0.0007976622171988922,3.2761994778112684e-06,2.166993794076722e-05,0.016230340183910355,174
VGlut-F-600418,129,26,103,731,26,103,0.00014784092695137852,4.741812627388779e-07,1.8121364482101972e-05,0.006482086327320235,110
VGlut-F-600419,918,432,486,13279,432,486,0.006217994116905006,0.00016233660597267223,0.00015423521892337535,0.0461283352595347,331
VGlut-F-600420,214,190,24,849,190,24,0.0031694017342862512,8.913392063118205e-06,3.424755148015716e-05,0.010753228480980856,196
VGlut-F-600421,196,127,69,607,127,69,0.002549369469245185,2.3951625249489317e-05,1.593586459145229e-05,0.009848751319029195,144
VGlut-F-600422,174,133,41,536,133,41,0.0019453918058907097,5.541411397483332e-06,3.732439578793697e-05,0.008743279232199388,152
VGlut-F-600423,216,195,21,1340,195,21,0.0034528868096088024,1.9107224800486262e-05,5.070406554785095e-05,0.010853725943419929,199
VGlut-F-600424,454,80,374,2763,80,374,0.0008577191605961352,4.9534816783616e-06,2.1158022123507283e-05,0.022812923973669665,205
VGlut-F-600425,343,269,74,1858,269,74,0.003572489143082483,8.631095155517803e-06,5.142035520723857e-05,0.01723531480830109,209
VGlut-F-600426,639,546,93,2718,546,93,0.01208525856561818,1.63296596704021e-05,4.152280722188154e-05,0.03210893924928396,352
VGlut-F-600427,638,546,92,2784,546,92,0.011961502929160856,1.6948322905064962e-05,4.309934346933125e-05,0.03205869051806442,352
VGlut-F-600428,435,341,94,2430,341,94,0.004979476944427896,3.351944958353386e-05,7.975550741306421e-05,0.021858198080498468,293
VGlut-F-600429,350,242,108,1399,242,108,0.0024388055752946414,7.88869348059107e-06,5.372704928419053e-05,0.017587055926837847,209
VGlut-F-600430,194,170,24,831,170,24,0.0022736251190118868,7.288698312007576e-06,2.225861093830386e-05,0.009748253856590122,186
VGlut-F-600432,207,56,151,737,56,151,0.0009294461674407213,7.082630966124373e-06,1.6850054600575088e-05,0.010401487362444098,183
VGlut-F-600434,422,262,160,2313,262,160,0.003760397394620088,6.806721367155095e-05,4.0237770511959243e-05,0.02120496457464449,296
VGlut-F-600436,164,99,65,877,99,65,0.0021184386626716778,2.9223972585990176e-06,1.7891146117012585e-05,0.00824079192000402,159
VGlut-F-600437,477,284,193,3381,284,193,0.0004497523376249196,9.010157344461671e-07,0.00022463742807035265,0.02396864479171901,107
VGlut-F-600438,144,104,40,622,104,40,0.0006103609236262428,2.856656631849501e-06,1.4698102325745235e-05,0.007235817295613286,134
VGlut-F-600439,174,93,81,465,93,81,0.001145044647862244,1.4880922052772548e-06,1.0796055188050096e-05,0.008743279232199388,138
VGlut-F-600440,1027,634,393,11310,634,393,0.009006931189420983,0.0002363999596880939,0.00022969967336874437,0.0516054469624642,331
VGlut-F-600441,100,54,46,445,54,46,0.00018510989029137465,1.1602826006149735e-07,1.897062899979471e-05,0.00502487312195367,82
VGlut-F-600442,146,111,35,821,111,35,0.0005443065973991786,2.8336344373840597e-06,1.363804355508988e-05,0.007336314758052359,144
VGlut-F-600443,638,599,39,2573,599,39,0.008663093355290096,0.0014603486787054575,6.312729412689329e-05,0.03205869051806442,346
VGlut-F-600444,193,22,171,1182,22,171,0.00014714618031954246,2.1418832149729433e-07,1.4773752727905105e-05,0.009698005125370585,163
VGlut-F-600445,180,149,31,967,149,31,0.0010828223377350702,4.8743853642025655e-06,1.732362635065275e-05,0.009044771619516606,176
VGlut-F-600446,71,44,27,314,44,27,0.00017154427217528555,9.940312325740655e-08,1.1794971714542119e-05,0.003567659916587106,62
VGlut-F-600448,129,7,122,437,7,122,3.0073417319874863e-05,2.806445749906582e-09,9.250218365099074e-06,0.006482086327320235,95
VGlut-F-600449,374,304,70,2780,304,70,0.0069648098750069555,4.0111986881155954e-05,7.665553194101117e-05,0.01879302547610673,269
VGlut-F-600450,205,150,55,904,150,55,0.000842843169938733,3.1688089755484175e-06,1.956669324554688e-05,0.010300989900005025,167
VGlut-F-600452,317,198,119,1460,198,119,0.0009422928264737466,6.110635085728601e-06,3.1847218095874716e-05,0.015928847796593135,205
VGlut-F-600455,408,312,96,3145,312,96,0.003764165523347173,1.4241527916517016e-05,0.00013155212100557557,0.020501482337570976,209
VGlut-F-600456,109,65,44,496,65,44,0.00036953015171564186,5.857439585352634e-06,1.3787250109276421e-05,0.005477111702929501,98
VGlut-F-600457,247,98,149,1128,98,149,0.0010387156334901735,1.2309421518091936e-05,3.211434023153617e-05,0.012411436611225566,147
VGlut-F-600458,285,223,62,1348,223,62,0.0011813613774641497,7.006882509962481e-06,3.225971169594357e-05,0.014320888397567962,202
VGlut-F-600459,278,200,78,1199,200,78,0.0008979150564954599,3.967102780947255e-06,3.1686803237002114e-05,0.013969147279031204,189
VGlut-F-600460,477,196,281,2030,196,281,0.009684264421829795,1.6289412288574838e-05,2.7682157192720697e-05,0.02396864479171901,255
VGlut-F-600461,586,287,299,4809,287,299,0.007460997829727043,8.6807447482447e-06,2.2925662587069624e-05,0.02944575649464851,352
VGlut-F-600462,255,17,238,1628,17,238,0.0003155086918112772,3.784587134398454e-07,8.457930837945395e-06,0.01281342646098186,244
VGlut-F-600463,446,171,275,2328,171,275,0.0017068183850574147,4.476381160723466e-06,8.012789048221803e-05,0.02241093412391337,265
VGlut-F-600464,1450,803,647,9635,803,647,0.01804123831239065,2.74435739557548e-05,9.474510334155773e-05,0.07286066026832823,352
VGlut-F-600465,380,149,231,1527,149,231,0.0019586554139354004,1.4211406906547341e-05,4.9856571468703066e-05,0.01909451786342395,254
VGlut-F-600467,373,197,176,2105,197,176,0.0048655053055017446,8.178151735272373e-06,2.034290837504919e-05,0.018742776744887193,352
VGlut-F-600468,91,66,25,376,66,25,0.00019259699722955193,9.78547800697408e-08,2.3274931597651527e-05,0.0045726345409778405,73
VGlut-F-600469,676,614,62,4685,614,62,0.008745996832596097,0.00500623104255366,0.00012058389217086126,0.03396814230440681,348
VGlut-F-600470,500,190,310,2424,190,310,0.0008130004158797637,4.726652798445966e-06,3.6335460657643436e-05,0.025124365609768353,186
VGlut-F-600471,286,210,76,1574,210,76,0.001044105794978041,4.765489277653786e-06,2.91114743713539e-05,0.014371137128787499,199
VGlut-F-600472,205,165,40,1159,165,40,0.0017104926267444587,1.3978893137037907e-06,2.9855947707997146e-05,0.010300989900005025,185
VGlut-F-600475,186,140,46,835,140,46,0.0011601100767187757,2.2568763058706006e-06,1.7617410502274016e-05,0.009346264006833827,182
VGlut-F-600476,102,61,41,407,61,41,0.0004453288279422156,9.380237091223577e-07,1.544187439433752e-05,0.005125370584392744,91
VGlut-F-600477,216,64,152,1119,64,152,0.0003512019548208912,4.352777284580067e-06,1.1602858349325724e-05,0.010853725943419929,187
VGlut-F-600478,325,262,63,2472,262,63,0.002825343264814299,1.5595246446777488e-05,0.00011813638567129657,0.01633083764634943,201
VGlut-F-600479,288,215,73,1482,215,73,0.001163425187440215,3.270060395244234e-06,3.7596022455139504e-05,0.014471634591226572,188
VGlut-F-600482,246,165,81,909,165,81,0.0012843773832863828,4.833777198542109e-06,2.3282532234461173e-05,0.012361187880006029,194
VGlut-F-600483,612,435,177,3335,435,177,0.010313909783494335,1.736308037861156e-05,2.972845248899415e-05,0.030752223506356466,352
VGlut-F-600485,123,71,52,299,71,52,0.0008707160034405055,9.496694591597859e-07,1.1045876963482212e-05,0.0061805939400030145,120
VGlut-F-600487,429,289,140,2209,289,140,0.0037476941034503167,9.628096998881392e-06,6.415264514159061e-05,0.021556705693181247,286
VGlut-F-600488,118,89,29,545,89,29,0.0004632353985669545,6.950973459620985e-07,3.047915861664551e-05,0.0059293502839053314,94
VGlut-F-600491,131,75,56,586,75,56,0.00024349655213164517,1.3937063827121224e-07,2.1089862977461814e-05,0.006582583789759309,98
VGlut-F-600492,268,194,74,1292,194,74,0.0008057465887814567,5.2292922837908485e-06,2.1821809603678e-05,0.013466659966835838,200
VGlut-F-600493,145,56,89,677,56,89,0.0003224239197983723,3.6683934690197995e-07,1.6198712377014786e-05,0.007286066026832822,109
VGlut-F-600494,303,113,190,1254,113,190,0.00048116909255878723,1.1466396419982767e-06,1.3413937692518225e-05,0.015225365559519623,211
VGlut-F-600495,150,72,78,748,72,78,0.0002534622289646204,1.3285801671687235e-07,6.518829980243442e-05,0.007537309682930506,102
VGlut-F-600496,235,147,88,879,147,88,0.0016790411411809372,7.100487698937376e-06,3.981096046339583e-05,0.011808451836591126,199
VGlut-F-600497,564,345,219,2529,345,219,0.0058757705218375105,2.0024243840965167e-05,3.1185659743541205e-05,0.028340284407818703,308
VGlut-F-600498,341,170,171,1339,170,171,0.0034334103929334475,3.4184535854548434e-05,3.325608525129049e-05,0.017134817345862016,284
VGlut-F-600499,632,242,390,3427,242,390,0.004576753714457025,2.846725327089573e-05,6.07247753993458e-05,0.0317571981307472,336
VGlut-F-600500,434,253,181,3061,253,181,0.0037896831904642215,9.730297363980192e-05,4.274457752194803e-05,0.021807949349278932,300
VGlut-F-600501,577,220,357,3301,220,357,0.003082929662903833,2.4073568854418345e-05,4.13257096929233e-05,0.02899351791367268,296
VGlut-F-600502,580,331,249,4393,331,249,0.004581886392829519,0.002283825945204333,5.269785410055569e-05,0.02914426410733129,348
VGlut-F-600503,82,47,35,364,47,35,0.0001658557742290541,7.575966287508955e-08,1.6030504696804914e-05,0.00412039596000201,67
VGlut-F-600504,818,246,572,3646,246,572,0.0027532728103054037,1.3567706956017456e-05,0.00015803933271251407,0.04110346213758102,349
VGlut-F-600505,1296,784,512,10883,784,512,0.01703116250797378,4.5859414912245196e-05,0.00011248471020750377,0.06512235566051958,352
VGlut-F-600506,295,123,172,1999,123,172,0.0018868466806058989,3.919696457840019e-06,3.398292899358719e-05,0.014823375709763328,205
VGlut-F-600507,479,360,119,4347,360,119,0.005999645064765586,2.8292467932019968e-05,9.577275971420819e-05,0.02406914225415808,227
VGlut-F-600508,427,309,118,1918,309,118,0.004442655384536511,0.0011679110615722883,2.4253973519333032e-05,0.021456208230742173,320
VGlut-F-600509,404,193,211,1896,193,211,0.002399850847169631,6.898990656288719e-06,3.968921187510115e-05,0.02030048741269283,278
VGlut-F-600510,405,80,325,2214,80,325,0.0005848069316866982,5.358329183104499e-06,1.117609722867788e-05,0.020350736143912366,183
VGlut-F-600511,119,75,44,320,75,44,0.0009716588860587082,7.970618653277563e-06,1.3495568536073196e-05,0.005979599015124868,113
VGlut-F-600512,130,71,59,354,71,59,0.000865689306274888,1.4338469955627418e-06,1.0709191979786786e-05,0.006532335058539772,124
VGlut-F-600513,529,219,310,2944,219,310,0.002477845293426185,1.6764113833517005e-05,6.329736251391799e-05,0.02658157881513492,296
VGlut-F-600514,483,119,364,2297,119,364,0.0014735207005414969,3.739614072868378e-06,1.583662860323698e-05,0.02427013717903623,192
VGlut-F-600515,199,103,96,915,103,96,0.001015408830991136,1.739008434082012e-05,1.9850814214986877e-05,0.009999497512687805,175
VGlut-F-600516,331,203,128,1476,203,128,0.0012262473656228779,2.4455626495512422e-05,2.2133441709930273e-05,0.01663233003366665,211
VGlut-F-600517,218,103,115,530,103,115,0.0015746529219190343,1.508519195369101e-06,1.3711325353606913e-05,0.010954223405859002,153
VGlut-F-600518,199,131,68,1120,131,68,0.0004710977826910594,5.698361009368723e-07,5.0851441008580353e-05,0.009999497512687805,109
VGlut-F-600519,315,291,24,1256,291,24,0.0005197858463226168,3.8683900094594767e-07,6.567027066445377e-05,0.015828350334154064,148
VGlut-F-600520,38,31,7,99,31,7,0.00011755645894531393,4.59628743794258e-08,2.203617442281229e-05,0.0019094517863423948,36
VGlut-F-600522,271,167,104,785,167,104,0.00018815747228651517,5.81926124579985e-08,4.687564792091911e-05,0.013617406160494448,148
VGlut-F-600523,352,174,178,2032,174,178,0.0017427586694929924,1.9579343025361096e-05,2.9136808568704e-05,0.01768755338927692,229
VGlut-F-600524,151,93,58,1132,93,58,0.0002505518132294836,6.461988533989265e-07,3.731835979954313e-05,0.007587558414150043,115
VGlut-F-600525,282,80,202,1850,80,202,0.0010430972739662587,6.439733775858024e-06,1.1628297370560352e-05,0.014170142203909351,227
VGlut-F-600526,199,78,121,700,78,121,0.001151160653001877,3.0294096770512874e-06,4.408518068157158e-05,0.009999497512687805,168
VGlut-F-600527,477,304,173,2916,304,173,0.0045720052301696104,7.538790599134925e-05,5.478025311233405e-05,0.02396864479171901,308
VGlut-F-600531,417,56,361,3843,56,361,0.0005015311838515315,2.3533605171734465e-06,1.8687770948250686e-05,0.020953720918546807,187
VGlut-F-600532,491,210,281,3059,210,281,0.004784503280553791,4.292631298690116e-06,1.6870598902129806e-05,0.024672127028792522,352
VGlut-F-600533,45,23,22,184,23,22,4.193904053747754e-05,3.4500066427447705e-08,3.482336658517125e-05,0.0022611929048791516,42
VGlut-F-600535,45,18,27,180,18,27,1.6870957446588032e-05,3.7117608862219415e-09,2.5785641948236283e-05,0.0022611929048791516,39
VGlut-F-600537,110,81,29,413,81,29,0.0003267631324131902,1.5150218147718607e-07,2.2929835619119862e-05,0.005527360434149038,90
VGlut-F-600538,71,33,38,227,33,38,7.87678055010238e-05,9.023801813226859e-08,1.5042807684835838e-05,0.003567659916587106,64
VGlut-F-600539,222,54,168,1849,54,168,0.00021755450806198415,1.1293097238715134e-06,4.3503284881906626e-05,0.01115521833073715,109
VGlut-F-600540,77,53,24,370,53,24,9.961306294581028e-05,3.8199276016105126e-08,2.879282093023343e-05,0.0038691523039043265,68
VGlut-F-600541,65,45,20,300,45,20,0.00015105354057115864,1.0488596252571094e-07,2.7510229506008547e-05,0.003266167529269886,60
VGlut-F-600542,230,169,61,1202,169,61,0.002214060345054898,2.3049763345623116e-06,2.7034672657716236e-05,0.011557208180493442,198
VGlut-F-600544,35,31,4,111,31,4,0.0001397956200115448,3.1978600216609584e-07,1.595627490419025e-05,0.0017587055926837848,33
VGlut-F-600545,6,5,1,12,5,1,2.1826541386723487e-06,1.0265691823442174e-09,8.024548178495375e-06,0.0003014923873172202,6
VGlut-F-600546,233,188,45,1026,188,45,0.0017488739075141565,1.4842628988405735e-06,2.988152200358531e-05,0.011707954374152053,198
VGlut-F-600548,51,30,21,124,30,21,0.0001247966131854421,4.046972563480562e-08,1.1431592629669279e-05,0.002562685292196372,51
VGlut-F-600549,84,63,21,294,63,21,0.0002096758041453639,1.0454679325099097e-07,1.9794187888304708e-05,0.004220893422441084,78
VGlut-F-600553,211,106,105,1237,106,105,0.0005380751232465044,3.629796851243706e-06,1.3896502205237554e-05,0.010602482287322246,198
VGlut-F-600554,194,24,170,1583,24,170,0.00010668639006317274,6.17284800487498e-08,9.591904539132564e-06,0.009748253856590122,181
VGlut-F-600555,616,443,173,3329,443,173,0.006641536011586963,0.003814854154482388,5.38848188465737e-05,0.03095321843123461,348
VGlut-F-600556,274,170,104,1653,170,104,0.0008193527284194872,8.16371435960144e-06,1.835265303368443e-05,0.013768152354153058,205
VGlut-F-600557,487,232,255,3073,232,255,0.0032385783775660463,0.001204728809378042,3.098602594212743e-05,0.024471132103914377,348
VGlut-F-600558,178,137,41,837,137,41,0.0010184258314347371,2.6713105341086274e-06,1.910199135215784e-05,0.008944274157077534,159
VGlut-F-600559,32,7,25,97,7,25,5.277251130358965e-06,5.906131746133878e-10,9.13712141757789e-06,0.0016079593990251746,31
VGlut-F-600562,161,111,50,779,111,50,0.0002490548676828001,9.713659620591656e-08,6.979250886034135e-05,0.00809004572634541,102
VGlut-F-600563,186,136,50,878,136,50,0.0010924985896698012,9.567644134295627e-06,1.9355289530242145e-05,0.009346264006833827,178
VGlut-F-600564,189,163,26,959,163,26,0.0033588748949346177,1.05199341417424e-05,3.5961834668222495e-05,0.009497010200492437,180
VGlut-F-600565,70,38,32,264,38,32,9.698974514030604e-05,8.088488260904932e-08,1.2181209294421269e-05,0.0035174111853675696,66
VGlut-F-600566,57,36,21,216,36,21,0.00017559822017153948,1.2466922052281792e-07,1.1000626865394194e-05,0.0028641776795135924,57
VGlut-F-600568,196,144,52,948,144,52,0.00040990978254958207,5.444114306263689e-07,4.4064832710595536e-05,0.009848751319029195,111
VGlut-F-600570,46,10,36,149,10,36,1.6407964852650728e-05,3.854712694276627e-09,1.4201509964996193e-05,0.0023114416360986885,46
VGlut-F-600574,82,42,40,248,42,40,0.0001178202657086065,7.237685267460652e-08,1.1294130250836034e-05,0.00412039596000201,81
VGlut-F-600577,201,31,170,947,31,170,0.00016739112505884517,1.387702654918342e-07,9.454589835755634e-06,0.010099994975126878,162
VGlut-F-600579,380,177,203,1710,177,203,0.0031678493667438765,1.5596335980172456e-06,1.554618165842976e-05,0.01909451786342395,309
VGlut-F-600581,604,549,55,4973,549,55,0.00720296698683443,0.005292108517172596,0.0001252371777362104,0.03035023365660017,344
VGlut-F-600582,107,57,50,971,57,50,0.00015914130693798603,4.81722592205651e-05,3.421045140289508e-05,0.005376614240490428,93
VGlut-F-600584,114,49,65,436,49,65,0.00010484408302805804,9.393964652291049e-08,1.591562851611743e-05,0.005728355359027185,94
VGlut-F-600585,299,229,70,1004,229,70,0.003295936172601717,1.1891900954247107e-05,2.1592172870575682e-05,0.015024370634641475,188
VGlut-F-600586,91,40,51,308,40,51,0.00023353926742456302,1.0741216299422433e-07,1.58723740261333e-05,0.0045726345409778405,80
VGlut-F-600588,456,177,279,2860,177,279,0.004266633761984439,3.9266024646784415e-06,1.8271598953953192e-05,0.02291342143610874,352
VGlut-F-600589,261,167,94,1108,167,94,0.0019539772701045862,4.6707285167004434e-06,2.438060889081849e-05,0.01311491884829908,200
VGlut-F-600590,65,52,13,227,52,13,0.0002083894902467494,3.0158259662561544e-07,1.6633674212286503e-05,0.003266167529269886,63
VGlut-F-600594,410,174,236,2917,174,236,0.005067056919096074,2.095594100183785e-05,2.061675642005504e-05,0.02060197980001005,352
VGlut-F-600595,102,87,15,474,87,15,0.0003602371082991205,2.4341177541069527e-07,4.704795648306308e-05,0.005125370584392744,90
VGlut-F-600598,383,216,167,2790,216,167,0.0015764405478034087,3.739964508981249e-05,3.8405321461812894e-05,0.01924526405708256,211
VGlut-F-600599,407,142,265,1752,142,265,0.004441068303759317,2.1372167289147956e-05,2.7157110710703454e-05,0.02045123360635144,257
VGlut-F-600601,295,122,173,1173,122,173,0.0017981033671425008,0.0004101686839615944,2.1687922612413555e-05,0.014823375709763328,261
VGlut-F-600602,461,259,202,3406,259,202,0.006753237849426111,3.282061888712507e-05,2.73849488037591e-05,0.02316466509220642,352
VGlut-F-600603,561,240,321,3463,240,321,0.00372963689812322,4.118073180602747e-05,6.862975553964124e-05,0.028189538214160093,296
VGlut-F-600604,137,114,23,621,114,23,0.0003985918517558552,2.107073432821549e-07,4.2719730915154555e-05,0.006884076177076529,106
VGlut-F-600605,553,305,248,3661,305,248,0.004330923286041969,0.003216472552911307,2.7452763854645718e-05,0.027787548364403798,348
VGlut-F-600606,1691,1340,351,12710,1340,351,0.0020987002840922326,4.383506230125068e-06,0.00073079326322794,0.08497060449223658,148
VGlut-F-600607,298,129,169,933,129,169,0.0007891717380798417,6.394295416002565e-06,2.2211106661665294e-05,0.014974121903421938,165
VGlut-F-600608,79,27,52,367,27,52,4.285433053056688e-05,2.632437896337691e-07,1.6040174375838637e-05,0.0039696497663434,74
VGlut-F-600610,822,419,403,11528,419,403,0.006105129385382664,0.00016022381030577048,0.0001649417991259812,0.04130445706245917,331
VGlut-F-600611,175,160,15,644,160,15,0.0019636827250313895,1.8639181221323547e-05,1.7764389210909786e-05,0.008793527963418923,134
VGlut-F-600612,109,58,51,488,58,51,0.0008572755446336047,6.94747030961114e-05,9.4269735961308e-06,0.005477111702929501,108
VGlut-F-600613,78,40,38,291,40,38,0.00015646700576641377,1.347324297332573e-07,1.5674966631809484e-05,0.003919401035123863,71
VGlut-F-600615,30,19,11,105,19,11,3.1356518024553045e-05,7.081369934458979e-09,2.261016152830479e-05,0.0015074619365861013,29
VGlut-F-600617,77,52,25,377,52,25,0.00013206300484076903,1.0328742698023096e-07,2.502096036363519e-05,0.0038691523039043265,72
VGlut-F-600619,298,173,125,821,173,125,0.00039229010539435893,2.768455040947458e-07,3.602877006145028e-05,0.014974121903421938,150
VGlut-F-600620,56,31,25,242,31,25,9.390530407721182e-05,5.977967082898899e-08,1.2490621442517878e-05,0.0028139289482940555,53
VGlut-F-600624,259,181,78,1094,181,78,0.001034206134121545,1.361940144145205e-05,1.8791798604739955e-05,0.013014421385860007,179
VGlut-F-600626,531,279,252,3374,279,252,0.006967020604818068,1.4345628880589848e-05,2.29426428950558e-05,0.02668207627757399,352
VGlut-F-600627,677,447,230,4771,447,230,0.005793868964000489,0.00014928875704475308,7.728609779479836e-05,0.03401839103562635,246
VGlut-F-600628,150,93,57,492,93,57,0.0016142027366629695,3.4275506718821225e-06,1.1646180725908228e-05,0.007537309682930506,141
VGlut-F-600629,80,39,41,422,39,41,0.00019533203028824939,1.1300150588218154e-07,1.4255798390517996e-05,0.004019898497562936,72
VGlut-F-600631,59,38,21,229,38,21,0.0001716535417942857,1.6655276852945743e-07,1.156932562311091e-05,0.0029646751419526657,59
VGlut-F-600635,365,106,259,1503,106,259,0.0013724064928538494,2.135389497044374e-06,2.1056208777144915e-05,0.018340786895130898,269
VGlut-F-600636,5,4,1,13,4,1,3.369859824251426e-05,1.9285234576250826e-08,8.466773773852134e-06,0.0002512436560976835,5
VGlut-F-600637,104,57,47,369,57,47,0.00022402483330402723,8.424441442610848e-08,2.1813617251312602e-05,0.005225868046831818,89
VGlut-F-600638,452,257,195,2444,257,195,0.006144192167153459,3.701066529501658e-05,3.638852515938003e-05,0.02271242651123059,244
VGlut-F-600639,72,45,27,279,45,27,0.0001643539822112064,1.1245264388925075e-07,1.5955370068146804e-05,0.003617908647806643,66
VGlut-F-600640,794,409,385,9258,409,385,0.006793534864191519,0.00015221613572523028,0.00015177867796316983,0.03989749258831214,331
VGlut-F-600641,251,73,178,1847,73,178,0.0005916695797316747,3.6517149978738888e-06,1.2249171445573166e-05,0.012612431536103714,211
VGlut-F-600642,44,16,28,165,16,28,7.106947557084691e-05,2.6269356218132904e-08,1.1294041565254501e-05,0.002210944173659615,40
VGlut-F-600643,132,100,32,427,100,32,0.00026948599565679364,2.426004775598868e-07,3.537523123053264e-05,0.006632832520978845,89
VGlut-F-600644,206,74,132,854,74,132,0.00033464845032201346,2.278938756424551e-07,4.2296710915584684e-05,0.010351238631224561,148
VGlut-F-600645,146,122,24,421,122,24,0.002533472534277165,2.471773365867116e-05,1.8514765274369122e-05,0.007336314758052359,139
VGlut-F-600646,300,130,170,1684,130,170,0.00042116902776972493,4.875257076181235e-07,9.521323301974217e-05,0.015074619365861013,148
VGlut-F-600647,557,310,247,2817,310,247,0.004173933137613477,0.0019651925404143918,2.349075232022051e-05,0.027988543289281947,348
VGlut-F-600648,159,79,80,983,79,80,0.00030354321916914185,1.1073137819028582e-06,4.189782770369423e-05,0.007989548263906337,108
VGlut-F-600651,74,45,29,378,45,29,0.00019413690241831819,1.2156739442105533e-07,1.4775607790099896e-05,0.0037184061102457163,68
VGlut-F-600652,145,86,59,842,86,59,0.0002184008298791322,1.1013127929801643e-06,3.0414205077804575e-05,0.007286066026832822,111
VGlut-F-600653,510,218,292,2887,218,292,0.002792664562486196,2.4822144410099974e-05,4.920448827435615e-05,0.02562685292196372,295
VGlut-F-600654,161,78,83,1179,78,83,0.0002443067044229979,9.974806753426901e-07,3.412061271491988e-05,0.00809004572634541,108
VGlut-F-600655,426,297,129,2148,297,129,0.0039230123682123435,0.00247126618889198,2.758608948796094e-05,0.021405959499522637,329
VGlut-F-600656,665,279,386,3852,279,386,0.0040456569096379335,5.8828703298837143e-05,6.162650726041895e-05,0.03341540626099191,298
VGlut-F-600657,681,311,370,3809,311,370,0.004588011890586429,5.352062075949252e-05,6.344078618756129e-05,0.0342193859605045,308
VGlut-F-600658,59,34,25,212,34,25,0.00011506286421401309,6.318232312133436e-08,1.9802476923890118e-05,0.0029646751419526657,55
VGlut-F-600660,40,23,17,117,23,17,7.471866437760125e-05,1.2742359582041412e-07,1.1190867626014272e-05,0.002009949248781468,39
VGlut-F-600662,263,65,198,1015,65,198,0.0007191102166951023,1.6441990752800573e-06,1.610216559519988e-05,0.013215416310738155,202
VGlut-F-600663,274,242,32,1525,242,32,0.0014089334915606073,5.058760751392661e-06,8.81290684247467e-05,0.013768152354153058,141
VGlut-F-600664,139,81,58,560,81,58,0.0004612736345916524,4.438228970252664e-06,1.3451741273040753e-05,0.006984573639515602,109
VGlut-F-600665,683,69,614,9479,69,614,0.0017057605184978074,2.580543991075675e-06,1.9130496933470767e-05,0.03431988342294357,331
VGlut-F-600666,73,55,18,279,55,18,0.0001957859520860525,1.8944385173658896e-07,2.2354701010318197e-05,0.0036681573790261794,67
VGlut-F-600667,204,62,142,763,62,142,0.00026614673412142173,1.0593055572722362e-07,2.4975069424220086e-05,0.010250741168785488,147
VGlut-F-600668,338,141,197,2187,141,197,0.003084390480085885,5.55181705630545e-06,3.0320241062877353e-05,0.016984071152203406,242
VGlut-F-600669,360,193,167,2885,193,167,0.00167670506022307,2.427980873802164e-05,2.2696920265275267e-05,0.018089543239033213,223
VGlut-F-600670,1754,1391,363,12364,1391,363,0.002233402044290915,4.607310355134425e-06,0.0006348145367484317,0.08813627455906739,148
VGlut-F-600671,135,109,26,708,109,26,0.0005707881510094497,4.416100682607468e-06,1.2845729941026424e-05,0.006783578714637455,134
VGlut-F-600672,110,68,42,517,68,42,0.00023084282019029118,2.4199863917314016e-07,2.6927435354143887e-05,0.005527360434149038,90
VGlut-F-600673,81,52,29,294,52,29,0.00015588693269888624,1.27450274844716e-07,1.659270792241345e-05,0.0040701472287824735,75
VGlut-F-600674,164,43,121,472,43,121,0.0002311094346657539,1.8229775788888604e-07,1.6790625337257162e-05,0.00824079192000402,135
VGlut-F-600678,106,47,59,725,47,59,0.0001428399544322816,7.605645575803154e-07,1.8590897912319493e-05,0.005326365509270891,96
VGlut-F-600680,93,61,32,277,61,32,0.0006620748310660783,3.998269275061166e-06,1.0219715220810679e-05,0.0046731320034169134,93
VGlut-F-600681,449,185,264,3849,185,264,0.004534183269566784,1.0046327860525575e-05,1.8856842364962967e-05,0.02256168031757198,352
VGlut-F-600682,298,53,245,788,53,245,0.0005221649209078694,4.805395662195055e-07,9.495513728258933e-06,0.014974121903421938,144
VGlut-F-600683,468,198,270,3344,198,270,0.004761954595091112,8.408399999074187e-06,1.7489807939915916e-05,0.02351640621074318,352
VGlut-F-600684,61,42,19,150,42,19,0.0003455903843035043,2.830174886517959e-07,8.566955602339364e-06,0.003065172604391739,61
VGlut-F-600685,539,438,101,4464,438,101,0.0037349130100756893,0.00017595321349453863,0.0003634927910920815,0.027084066127330286,205
VGlut-F-600686,101,60,41,281,60,41,0.0008273773239987266,4.36773091191917e-06,1.018097692369978e-05,0.005075121853173208,101
VGlut-F-600687,75,63,12,225,63,12,0.00017624008246368595,6.394254752595593e-08,1.9898271759263383e-05,0.003768654841465253,68
VGlut-F-600688,121,109,12,447,109,12,0.0009159458937493613,1.123125519073307e-05,1.318781855445484e-05,0.006080096477563942,120
VGlut-F-600689,75,47,28,365,47,28,0.00016379348895054414,9.723682314674112e-08,2.0880692226363687e-05,0.003768654841465253,66
VGlut-F-600690,375,81,294,3202,81,294,0.0011453343539139975,3.0437831762176383e-06,1.7450807459126926e-05,0.018843274207326264,271
VGlut-F-600691,247,88,159,1716,88,159,0.0007771424405989864,3.5174566310819124e-06,1.2313187039322587e-05,0.012411436611225566,211
VGlut-F-600692,1279,1030,249,9904,1030,249,0.02424306832728237,5.0573438530537884e-05,0.00012058902485266006,0.06426812722978745,352
VGlut-F-600693,147,74,73,692,74,73,0.00036823298454542183,3.5234602137728697e-07,2.1737426124392935e-05,0.007386563489271896,116
VGlut-F-600694,160,84,76,471,84,76,0.001601460871608189,1.7603903557219617e-06,1.3479499187878473e-05,0.008039796995125872,146
VGlut-F-600696,106,50,56,529,50,56,0.0002680162532155398,3.5159630644150215e-07,2.160506820914049e-05,0.005326365509270891,96
VGlut-F-600698,940,575,365,10434,575,365,0.009035904864835341,0.00018919134961878638,0.00019644161914700835,0.0472338073463645,331
VGlut-F-600700,76,58,18,193,58,18,6.0498588194539986e-05,1.2684474665888925e-08,1.788677156361812e-05,0.0038189035726847896,76
VGlut-F-600701,399,213,186,2290,213,186,0.002364094108838448,6.543413174429609e-06,3.909696987104906e-05,0.020049243756595145,209
VGlut-F-600702,404,207,197,2083,207,197,0.005703705015317557,1.5277933509146716e-05,1.8279182469036123e-05,0.02030048741269283,352
VGlut-F-600703,316,229,87,1186,229,87,0.0005678700587609095,3.418360749587394e-07,7.450367238278109e-05,0.0158785990653736,150
VGlut-F-600705,460,239,221,2677,239,221,0.004426681914128155,2.34347240149722e-05,4.2019862923836836e-05,0.023114416360986885,209
VGlut-F-600706,1184,319,865,8115,319,865,0.005760181168534287,4.271946294556186e-06,1.943756878301737e-05,0.05949449776393146,352
VGlut-F-600707,152,99,53,386,99,53,0.003435665389331369,0.0002050234619344725,1.5838425026359485e-05,0.007637807145369579,127
VGlut-F-600708,54,45,9,241,45,9,0.00018186403723227372,1.4395353765916176e-07,3.4673067278864735e-05,0.002713431485854982,48
VGlut-F-600709,124,104,20,769,104,20,0.000368012489287623,6.421456384465201e-07,6.132931984617166e-05,0.006230842671222552,94
VGlut-F-600711,548,237,311,5427,237,311,0.00359449042163145,0.003098360043755309,2.1971743323367624e-05,0.027536304708306116,348
VGlut-F-600712,215,161,54,1063,161,54,0.001278806744723439,3.024212421469129e-06,2.6235133765367085e-05,0.010803477212200392,191
VGlut-F-600713,282,79,203,1376,79,203,0.0006264684020362381,1.2973375777550728e-05,1.538644532818614e-05,0.014170142203909351,207
VGlut-F-600714,138,44,94,376,44,94,0.00014469371926492103,2.595064977595702e-07,8.836655095827092e-06,0.0069343249082960655,123
VGlut-F-600715,208,67,141,754,67,141,7.687941605038888e-05,1.0889328844332177e-08,1.5795803673252537e-05,0.010451736093663636,150
VGlut-F-600716,343,141,202,2194,141,202,0.0010080650471343035,9.743035057256902e-06,2.6740780156011433e-05,0.01723531480830109,211
VGlut-F-600718,223,174,49,1073,174,49,0.0031420513776544024,9.097245911955817e-06,4.3156746212468625e-05,0.011205467061956685,198
VGlut-F-600719,838,431,407,12487,431,407,0.006663909947668828,0.00020682895011244347,0.00021226961643380416,0.04210843676197176,331
VGlut-F-600720,437,282,155,2331,282,155,0.002322981270061887,4.748373458920318e-05,0.00010474003169263787,0.021958695542937542,202
VGlut-F-600721,361,135,226,1821,135,226,0.0012980808575320782,9.443947720557784e-06,3.0404809067795906e-05,0.018139791970252752,262
VGlut-F-600722,850,459,391,11106,459,391,0.006235850089617205,0.00014565988061785145,0.00018140951440530402,0.0427114215366062,331
VGlut-F-600723,211,157,54,1264,157,54,0.0027570185094371084,3.6110762263138367e-06,2.7246876880859756e-05,0.010602482287322246,191
VGlut-F-600724,110,66,44,325,66,44,0.000659696187491463,4.4449228345415006e-07,1.0556944954455879e-05,0.005527360434149038,110
VGlut-F-600725,168,132,36,898,132,36,0.0009160379489006253,3.4893948132393873e-06,1.6622419902982866e-05,0.008441786844882167,162
VGlut-F-600726,322,69,253,1730,69,253,0.000401180167362944,8.362075562638236e-07,1.3683149352000904e-05,0.01618009145269082,182
VGlut-F-600727,219,83,136,928,83,136,0.0032951011842742976,1.3126186800917516e-05,1.5055514750393025e-05,0.011004472137078539,178
VGlut-F-600728,177,47,130,597,47,130,0.00023518471801783374,3.1836524929690404e-07,1.2390087399199748e-05,0.008894025425857996,162
VGlut-F-600729,590,252,338,3660,252,338,0.00418299508437091,2.6604142919682763e-05,5.5095342505722094e-05,0.029646751419526655,296
VGlut-F-600730,87,60,27,361,60,27,0.0002461968136904286,3.4575867714179635e-07,2.5395745638254414e-05,0.004371639616099694,73
VGlut-F-600731,187,55,132,661,55,132,0.00025359079636044833,2.17540361594742e-07,2.1716541662144256e-05,0.009396512738053364,148
VGlut-F-600732,11,10,1,29,10,1,3.3750362904311264e-05,7.421895406462266e-09,9.567347265589995e-06,0.0005527360434149038,11
VGlut-F-600733,508,189,319,3476,189,319,0.00483960617855983,1.5948948512323233e-05,1.587033003685791e-05,0.025526355459524648,352
VGlut-F-600734,103,66,37,264,66,37,0.00044447196312144896,9.81180067912019e-07,9.38258672234873e-06,0.0051756193156122805,102
VGlut-F-600736,152,112,40,466,112,40,0.0019959466045166136,1.0116378544795391e-05,1.4882472544640876e-05,0.007637807145369579,143
VGlut-F-600737,351,85,266,2939,85,266,0.0015722497343716453,4.675577461169457e-06,1.8490943730176137e-05,0.017637304658057382,278
VGlut-F-600738,253,86,167,1453,86,167,0.0007101859122612115,9.648667600317851e-05,3.246476854972773e-05,0.012712928998542787,205
VGlut-F-600739,426,160,266,2104,160,266,0.001760739217236727,8.334460885125136e-05,2.254566075633559e-05,0.021405959499522637,205
VGlut-F-600740,742,402,340,9424,402,340,0.006117519918944819,0.0001488747378929987,0.00015125413366579572,0.037284558564896236,331
VGlut-F-600741,164,42,122,675,42,122,0.0005635111609932098,0.00024909491889995043,1.0011411772173236e-05,0.00824079192000402,158
VGlut-F-600742,225,97,128,925,97,128,0.0016605106094120532,4.959069376339724e-06,2.0631385165196303e-05,0.01130596452439576,142
VGlut-F-600743,120,40,80,291,40,80,0.000509489139598974,2.2778862467676187e-07,8.993151069416218e-06,0.006029847746344405,115
VGlut-F-600745,252,90,162,1617,90,162,0.0012142343946166128,6.654059021343908e-06,1.7178479221800396e-05,0.01266268026732325,207
VGlut-F-600746,159,110,49,716,110,49,0.00046868519405441207,7.611878714749614e-07,1.1882531826303691e-05,0.007989548263906337,157
VGlut-F-600747,93,54,39,274,54,39,0.0006611619555001808,8.425796648261464e-06,9.965284358425153e-06,0.0046731320034169134,93
VGlut-F-600748,356,198,158,2068,198,158,0.004375533390462572,7.835382691646945e-05,4.586317867365843e-05,0.017888548314155067,234
VGlut-F-600749,127,66,61,323,66,61,0.0005407392797082352,1.6939830750114562e-06,9.92896962517977e-06,0.006381588864881162,124
VGlut-F-600750,225,92,133,983,92,133,0.00033535897332488993,3.0466028691193447e-07,4.014466876004773e-05,0.01130596452439576,148
VGlut-F-600751,230,159,71,1149,159,71,0.0010349892926306587,3.007555829607935e-06,1.5691443373819487e-05,0.011557208180493442,194
VGlut-F-600752,265,21,244,1070,21,244,0.00013371591879485632,1.911222248752753e-07,8.023003063197114e-06,0.013315913773177228,204
VGlut-F-600753,262,242,20,1440,242,20,0.0008522542940754373,2.6622281769122454e-06,3.39000914326873e-05,0.013165167579518617,177
VGlut-F-600754,122,72,50,338,72,50,0.0006887285929730538,1.6351395027265412e-06,1.09006566102678e-05,0.006130345208783478,119
VGlut-F-600755,72,30,42,289,30,42,0.00012081851826558014,1.1157728303258282e-07,1.0452491722087343e-05,0.003617908647806643,66
VGlut-F-600757,257,107,150,1738,107,150,0.0006459486421313221,1.7425522751266523e-05,1.5229284983662468e-05,0.012913923923420934,205
VGlut-F-600758,232,66,166,1329,66,166,0.0007915781590497071,0.0003410733893449501,9.959467212921001e-06,0.011657705642932515,221
VGlut-F-600759,466,293,173,2762,293,173,0.005531703038798565,2.42782892239313e-05,0.000103741446687524,0.023415908748304105,209
VGlut-F-600760,113,58,55,417,58,55,0.00040432461454444573,1.1895228557708191e-05,1.2238225365324913e-05,0.0056781066278076475,100
VGlut-F-600761,64,25,39,272,25,39,6.363645722476426e-05,5.4483426397584774e-08,1.0764081391221857e-05,0.0032159187980503492,57
VGlut-F-600762,276,177,99,724,177,99,0.00024678290762436143,6.03515369116693e-08,6.38693664748179e-05,0.013868649816592131,148
VGlut-F-600764,387,78,309,3212,78,309,0.0007244965614019976,6.998106687485812e-05,1.2986137167072474e-05,0.019446258981960705,205
VGlut-F-600765,856,840,16,4817,840,16,0.02511015716864909,3.079178676959389e-05,0.0005860942748228697,0.043012913923923424,352
VGlut-F-600766,887,445,442,11831,445,442,0.006855616746407532,0.00020329515225977622,0.00016072557519691355,0.04457062459172906,331
VGlut-F-600767,234,169,65,1204,169,65,0.0009694745140691411,5.433162023965576e-06,1.932741903527119e-05,0.01175820310537159,194
VGlut-F-600768,505,249,256,2901,249,256,0.006507825060320595,1.3197043846786507e-05,2.197769549208157e-05,0.025375609265866038,352
VGlut-F-600769,258,190,68,1479,190,68,0.0030870752474118804,3.971588095685204e-06,3.613881786878191e-05,0.01296417265464047,202
VGlut-F-600770,459,270,189,4423,270,189,0.0012810113765337435,8.304619833793259e-06,3.69058449462669e-05,0.02306416762976735,211
VGlut-F-600771,150,45,105,871,45,105,0.0001299672708510424,5.789784980554836e-07,2.0019322826341193e-05,0.007537309682930506,111
VGlut-F-600772,299,225,74,1572,225,74,0.0009760612356618057,7.058574878902773e-06,2.5119041066028654e-05,0.015024370634641475,210
VGlut-F-600773,300,113,187,1092,113,187,0.0015963196789120534,2.4302860442447136e-05,2.2650630428534207e-05,0.015074619365861013,205
VGlut-F-600774,595,351,244,3963,351,244,0.005638566962325964,4.420486764586695e-05,0.00011793621853462248,0.02989799507562434,331
VGlut-F-600776,220,96,124,795,96,124,0.0010565056579801533,7.642557413950127e-06,1.6276431386863695e-05,0.011054720868298076,203
VGlut-F-600777,337,132,205,2408,132,205,0.003751608282815573,2.8298267690224932e-05,3.8223295538060085e-05,0.01693382242098387,175
VGlut-F-600778,1042,186,856,5389,186,856,0.0052176098059968775,0.00011116007426751179,2.433256990669401e-05,0.05235917793075725,352
VGlut-F-600779,159,86,73,780,86,73,0.0002820994659006011,8.930847131259861e-07,3.464774024011031e-05,0.007989548263906337,106
VGlut-F-600780,448,137,311,3592,137,311,0.0017954841910514108,1.9575499550479794e-05,2.0289550998364843e-05,0.022511431586352444,201
VGlut-F-600782,508,192,316,3289,192,316,0.002596412317586072,1.772890000893204e-05,4.142366177528664e-05,0.025526355459524648,293
VGlut-F-600783,595,508,87,3137,508,87,0.006707256783898515,0.004148338309483709,5.542969307239061e-05,0.02989799507562434,347
VGlut-F-600785,517,180,337,5323,180,337,0.004475781420604334,1.0191760038150242e-05,2.4537234616268117e-05,0.02597859404050048,352
VGlut-F-600786,739,449,290,6904,449,290,0.0060232996189290705,0.00326632507311282,8.229154003695853e-05,0.037133812371237626,348
VGlut-F-600787,316,239,77,1610,239,77,0.0011949179897966932,6.745449900768123e-06,4.3429279644453814e-05,0.0158785990653736,203
VGlut-F-600788,392,341,51,2280,341,51,0.00508543358732243,0.0030845199649065856,5.469718392761434e-05,0.01969750263805839,309
VGlut-F-600789,442,248,194,2301,248,194,0.0027528609674094128,1.2468463488560489e-05,4.425849504416859e-05,0.022209939199035224,280
VGlut-F-600790,336,202,134,1568,202,134,0.0028843587168873763,6.008559507656004e-06,2.840690299192355e-05,0.016883573689764335,208
VGlut-F-600791,381,223,158,2102,223,158,0.003976112097216799,1.3303935351138618e-05,5.631489042709601e-05,0.019144766594643484,236
VGlut-F-600792,841,451,390,12663,451,390,0.006478417871897739,0.00023018242944423955,0.00017461757683912382,0.04225918295563037,331
VGlut-F-600793,608,516,92,3536,516,92,0.006297473622932849,0.0026021111314964845,9.237302292884238e-05,0.030551228581478317,344
VGlut-F-600794,831,485,346,5206,485,346,0.0031425648818981427,2.8237256460536023e-05,0.00019689535768689772,0.041756695643435,209
VGlut-F-600795,407,73,334,3864,73,334,0.0008682577029691903,9.96040523806091e-07,1.2340666186538335e-05,0.02045123360635144,286
VGlut-F-600796,457,259,198,3331,259,198,0.006802210134559326,2.608843012433164e-05,2.5486381342713e-05,0.022963670167328275,352
VGlut-F-600797,323,235,88,1891,235,88,0.0014401440969600565,3.502212169189438e-06,3.487799422483774e-05,0.016230340183910355,211
VGlut-F-600798,273,126,147,1374,126,147,0.0005746501709262917,5.434317869889233e-06,1.4651979250726286e-05,0.01371790362293352,205
VGlut-F-700000,941,368,573,6036,368,573,0.00616627604711742,3.0341745559483806e-05,8.96491738577352e-05,0.04728405607758404,328
VGlut-F-700001,208,18,190,843,18,190,0.0001671050072559069,1.3717158806603942e-07,8.118502515859701e-06,0.010451736093663636,190
VGlut-F-700002,75,48,27,273,48,27,0.00016836329576133666,5.307510011052521e-07,1.4404406158469956e-05,0.003768654841465253,72
VGlut-F-700004,461,236,225,3511,236,225,0.005565100788024026,6.513933594504648e-06,2.291941889336655e-05,0.02316466509220642,352
VGlut-F-700005,75,39,36,299,39,36,0.00010249002029864505,7.685536584160006e-08,1.9622772855648626e-05,0.003768654841465253,64
VGlut-F-700008,185,99,86,1089,99,86,0.0004960670417161341,2.964367420908893e-06,1.1985605984270086e-05,0.009296015275614291,180
VGlut-F-700009,355,136,219,2047,136,219,0.001030405221933909,1.4449728170064619e-05,2.2232578275073097e-05,0.01783829958293553,205
VGlut-F-700010,140,84,56,471,84,56,0.0005415770822358542,1.1010488368956797e-05,6.072113850801789e-05,0.007034822370735139,89
VGlut-F-700011,917,460,457,9187,460,457,0.0066599964202574595,0.0001540913358108324,0.00014031181568630315,0.04607808652831516,331
VGlut-F-700012,75,12,63,494,12,63,2.9640742851744223e-05,1.0902551864107215e-08,9.462221523772206e-06,0.003768654841465253,69
VGlut-F-700013,91,59,32,463,59,32,0.00026626942044087956,2.8851497854880285e-07,3.704909320057159e-05,0.0045726345409778405,72
VGlut-F-700014,101,58,43,499,58,43,0.0001897588594575951,2.0916653937442893e-07,1.8445016377034864e-05,0.005075121853173208,79
VGlut-F-700016,201,175,26,610,175,26,0.0028630002861536434,3.2969659266521334e-05,1.7074899972641095e-05,0.010099994975126878,142
VGlut-F-700017,71,25,46,392,25,46,3.942828552554679e-05,1.2320298174545126e-08,1.984538119039099e-05,0.003567659916587106,56
VGlut-F-700018,73,59,14,224,59,14,0.00013302775918184635,1.7176885019476773e-07,1.8196704304324012e-05,0.0036681573790261794,67
VGlut-F-700019,70,51,19,311,51,19,0.00013906498349345806,1.0835920053821859e-07,4.4195676760498607e-05,0.0035174111853675696,66
VGlut-F-700020,1693,752,941,7878,752,941,0.006622473073091285,6.874011587864392e-06,0.00015620057898094213,0.08507110195467564,275
VGlut-F-700021,145,18,127,737,18,127,8.967494928393548e-05,1.2435776360510104e-07,9.32186746502847e-06,0.007286066026832822,141
VGlut-F-700022,272,163,109,2081,163,109,0.0008189121700255827,3.7160052101898986e-06,2.1053659030389932e-05,0.013667654891713983,211
VGlut-F-700025,466,285,181,2654,285,181,0.007466673625591315,1.1113372393314077e-05,2.6346482658246962e-05,0.023415908748304105,352
VGlut-F-700027,746,367,379,9528,367,379,0.005753918832650516,0.00012781850623107908,0.00011854122091527573,0.037485553489774386,331
VGlut-F-700028,87,14,73,568,14,73,3.917005005139574e-05,7.456414008812836e-09,1.4557013901212881e-05,0.004371639616099694,70
VGlut-F-700029,409,227,182,2386,227,182,0.004946293981010827,7.833671475922165e-06,2.0744242718476404e-05,0.02055173106879051,349
VGlut-F-700030,12,8,4,28,8,4,3.3574512485588486e-05,9.154312481475592e-09,8.300135168618782e-06,0.0006029847746344405,12
VGlut-F-700031,233,68,165,1309,68,165,0.0004336451764219737,2.261980621168308e-06,3.0005928478314728e-05,0.011707954374152053,187
VGlut-F-700032,621,197,424,3870,197,424,0.002020150193641794,7.005682599665036e-05,3.641066247656108e-05,0.031204462087332296,248
VGlut-F-700036,451,179,272,2999,179,272,0.0042156451880039966,3.5886549637795835e-06,2.1580414366586616e-05,0.022662177780011054,352
VGlut-F-700037,469,186,283,3807,186,283,0.004205828823196822,5.228299297716842e-06,2.1851308465102468e-05,0.023566654941962716,352
VGlut-F-700038,12,11,1,39,11,1,5.459258846179214e-05,3.447341707045314e-08,1.153677034631523e-05,0.0006029847746344405,12
VGlut-F-700039,174,124,50,1185,124,50,0.00028815173319570825,1.1088538569532324e-06,6.570351570144534e-05,0.008743279232199388,108
VGlut-F-700040,220,169,51,1386,169,51,0.0008251756108597603,2.7573713262263217e-06,2.5758753477178335e-05,0.011054720868298076,174
VGlut-F-700041,450,231,219,2878,231,219,0.006382275124050205,1.1631033569291602e-05,2.0108308330951396e-05,0.02261192904879152,352
VGlut-F-700042,770,539,231,4301,539,231,0.007037483056032169,0.0025231410740240395,7.760029058803417e-05,0.03869152303904327,348
VGlut-F-700043,460,196,264,2626,196,264,0.003317585890917019,2.1508157115919306e-05,5.503695744453182e-05,0.023114416360986885,293
VGlut-F-700044,159,89,70,678,89,70,0.0007713817146440217,7.535978473845905e-06,1.140647368021776e-05,0.007989548263906337,159
VGlut-F-700045,230,189,41,777,189,41,0.00036184227221920955,1.9619557683293473e-07,3.675656700458142e-05,0.011557208180493442,148
VGlut-F-700046,484,190,294,4099,190,294,0.004884365983647834,1.2858890761394183e-05,2.019443997617583e-05,0.024320385910255767,352
VGlut-F-700047,514,338,176,2643,338,176,0.004391929104699804,0.0020003616473690334,8.384640015286165e-05,0.02582784784684187,344
VGlut-F-700048,59,38,21,276,38,21,7.098644410005746e-05,2.0047636946643597e-08,3.526530538127394e-05,0.0029646751419526657,55
VGlut-F-700050,282,231,51,890,231,51,0.0003154079643989158,8.757953509467352e-08,5.377027789593798e-05,0.014170142203909351,148
VGlut-F-700052,164,40,124,767,40,124,0.00023109342819164174,5.34342011142604e-07,1.4255426806194897e-05,0.00824079192000402,147
VGlut-F-700056,273,209,64,1213,209,64,0.001003527278986917,5.807619649115375e-06,2.6516506791642904e-05,0.01371790362293352,195
VGlut-F-700057,532,322,210,2376,322,210,0.0044580088755150245,1.7115908011518044e-05,0.00012499695186647615,0.02673232500879353,275
VGlut-F-700059,90,61,29,351,61,29,0.00021268120989417186,1.601388408075444e-07,2.193207287005832e-05,0.004522385809758303,78
VGlut-F-700061,539,508,31,3187,508,31,0.007530763398789162,0.0058055453861907405,6.002051265670273e-05,0.027084066127330286,348
VGlut-F-700062,239,28,211,1482,28,211,0.000154426529579877,1.8325778889424276e-07,9.478764760084144e-06,0.012009446761469273,219
VGlut-F-700063,207,38,169,1071,38,169,0.00045925135449243485,2.3816931815168774e-06,1.2448646846070957e-05,0.010401487362444098,186
VGlut-F-700065,7,2,5,11,2,5,1.0350776416436493e-06,4.710667932669648e-11,7.974967306903488e-06,0.00035174111853675694,7
VGlut-F-700066,60,39,21,287,39,21,0.00017115258000976495,1.1354563649806853e-07,1.2529328142494783e-05,0.0030149238731722026,59
VGlut-F-700067,1075,692,383,11823,692,383,0.010508008379599481,0.00023706120450263696,0.00024353464916231356,0.05401738606100196,331
VGlut-F-700068,80,65,15,325,65,15,0.00016154441861603714,1.0228985347373758e-07,2.3380699773959617e-05,0.004019898497562936,74
VGlut-F-700069,73,20,53,318,20,53,0.00011581591505451879,2.9626725114514417e-08,1.0169969623236933e-05,0.0036681573790261794,67
VGlut-F-700070,848,419,429,12277,419,429,0.006523645297034749,0.00018350552697281116,0.000149344256472456,0.042610924074167125,331
VGlut-F-700071,564,226,338,3744,226,338,0.0023790435859966726,2.6299129034066377e-05,3.945728743829933e-05,0.028340284407818703,241
VGlut-F-700072,195,19,176,1221,19,176,9.485278730817733e-05,8.807348225135828e-08,9.178080429848561e-06,0.009798502587809657,185
VGlut-F-700074,412,227,185,2612,227,185,0.0061607162965709745,1.8221861621193095e-05,2.3115368618666656e-05,0.020702477262449122,352
VGlut-F-700075,130,86,44,592,86,44,0.0003900323422630323,9.52074082132972e-07,1.1289262735005176e-05,0.006532335058539772,129
VGlut-F-700076,414,287,127,2192,287,127,0.0026844567390241964,0.0005261211082128966,2.8539856869994686e-05,0.020802974724888196,236
VGlut-F-700077,239,174,65,887,174,65,0.0035491363750509122,5.679749791009942e-06,4.525229052060177e-05,0.012009446761469273,202
VGlut-F-700078,55,22,33,249,22,33,9.644434201175594e-05,6.654043537822769e-08,1.0707559135132711e-05,0.002763680217074519,55
VGlut-F-700079,332,100,232,2836,100,232,0.0006977429498502641,7.321784688174677e-06,1.370117806718885e-05,0.016682578764886186,240
VGlut-F-700080,557,280,277,2932,280,277,0.004102483608785789,5.345193370883456e-05,4.5702675148251566e-05,0.027988543289281947,296
VGlut-F-700081,692,531,161,3182,531,161,0.013637561761187855,1.5074807675982554e-05,3.708433665334543e-05,0.0347721220039194,352
VGlut-F-700082,802,427,375,10320,427,375,0.0062303109149557485,0.00014476838931495677,0.00014994151339634053,0.04029948243806844,331
VGlut-F-700083,593,260,333,2475,260,333,0.003091970553419884,6.439194846538569e-06,4.683270651759023e-05,0.029797497613185266,217
VGlut-F-700084,303,68,235,1931,68,235,0.000614547113129415,1.9233860858287145e-06,1.2567258927260631e-05,0.015225365559519623,199
VGlut-F-700085,220,170,50,1151,170,50,0.0014366648537257572,1.2155921985384408e-06,2.799237398567081e-05,0.011054720868298076,192
VGlut-F-700086,6,5,1,12,5,1,1.1301478219136576e-05,8.352320278176774e-09,1.0081929767816495e-05,0.0003014923873172202,6
VGlut-F-700088,9,4,5,25,4,5,1.1195363392404859e-05,1.2197394861585926e-08,9.410825017280768e-06,0.00045223858097583037,9
VGlut-F-700089,364,196,168,1543,196,168,0.002127833083619358,1.8011168993823663e-05,5.8453250490691704e-05,0.018290538163911362,224
VGlut-F-700093,546,426,120,2727,426,120,0.006574069498751358,5.472101597995448e-05,0.00010622279110199758,0.02743580724586704,296
VGlut-F-700094,212,157,55,913,157,55,0.0013483795698692525,1.076313235176076e-06,1.9631938931394306e-05,0.010652731018541781,191
VGlut-F-700095,788,367,421,9764,367,421,0.005706730404989495,0.0001258026444717405,0.00011345469432974106,0.03959600020099493,331
VGlut-F-700096,94,63,31,405,63,31,0.0001412030658956922,2.1414245653725645e-07,1.8573488896826573e-05,0.004723380734636451,79
VGlut-F-700101,132,82,50,665,82,50,0.0004227325795448322,6.533322375885284e-06,1.0585020346411475e-05,0.006632832520978845,132
VGlut-F-700102,443,267,176,2643,267,176,0.006933949480084017,1.3345730090921918e-05,2.4751183999093645e-05,0.02226018793025476,352
VGlut-F-700103,151,94,57,739,94,57,0.00041896911040237555,1.3033352493879546e-06,1.1313317805477415e-05,0.007587558414150043,151
VGlut-F-700104,152,91,61,763,91,61,0.00044123070224950966,1.0598962562034941e-06,1.1400211685642728e-05,0.007637807145369579,152
VGlut-F-700105,35,7,28,172,7,28,1.5930355665676125e-05,5.353550141185215e-09,8.416182056608428e-06,0.0017587055926837848,35
VGlut-F-700106,221,75,146,1274,75,146,0.0013433627822206072,1.1588997848493357e-06,1.62492236880035e-05,0.011104969599517612,197
VGlut-F-700107,368,116,252,1355,116,252,0.0006168682220392196,1.9927024307341007e-06,2.8389543382746898e-05,0.018491533088789508,191
VGlut-F-700108,523,298,225,3576,298,225,0.007700311891823313,1.2054669174138033e-05,2.9920164939924665e-05,0.0262800864278177,352
VGlut-F-700109,203,143,60,958,143,60,0.0006418374550952856,1.3943641207110622e-06,4.079973738139239e-05,0.01020049243756595,144
VGlut-F-700110,791,433,358,10950,433,358,0.006277957569227407,0.00023291030852883946,0.0001908826496614601,0.03974674639465354,331
VGlut-F-700111,822,425,397,11190,425,397,0.006216045342110887,0.00019698009479467653,0.00016702288714947922,0.04130445706245917,331
VGlut-F-700114,874,449,425,13123,449,425,0.006809147087668339,0.00024273464482187424,0.00021343224872640145,0.043917391085875085,331
VGlut-F-700115,281,162,119,1540,162,119,0.0014863101443322332,1.6337794897067415e-05,1.918761076321795e-05,0.014119893472689814,205
VGlut-F-700116,288,144,144,1980,144,144,0.0023035792364239434,6.351783666600704e-06,2.6894156360072548e-05,0.014471634591226572,208
VGlut-F-700117,15,8,7,34,8,7,4.778008232538258e-05,2.7833661348838642e-08,7.679481795369599e-06,0.0007537309682930506,15
VGlut-F-700118,513,294,219,4049,294,219,0.0040066568018697945,7.668060590946888e-05,4.2827608881106716e-05,0.02577759911562233,311
VGlut-F-700119,80,19,61,377,19,61,0.00011187061184650548,5.675785212067696e-08,1.060340531319558e-05,0.004019898497562936,73
VGlut-F-700121,195,158,37,896,158,37,0.0013646091997389482,1.3123068759209533e-06,2.606974569959356e-05,0.009798502587809657,177
VGlut-F-700122,198,145,53,855,145,53,0.0028920891139836823,7.939785378864795e-06,2.214916945382927e-05,0.009949248781468268,188
VGlut-F-700123,294,222,72,1242,222,72,0.0008950484868306408,3.17318682699157e-06,5.0044521026945984e-05,0.014773126978543792,191
VGlut-F-700124,299,104,195,1425,104,195,0.0005275117664675034,6.027672599841648e-06,1.2859032537034187e-05,0.015024370634641475,205
VGlut-F-700125,246,206,40,1191,206,40,0.0021121958595807155,4.048829564401226e-06,3.296985337786035e-05,0.012361187880006029,199
VGlut-F-700126,194,152,42,1039,152,42,0.0014093851677082433,1.8247917950866446e-06,2.4779542928307877e-05,0.009748253856590122,183
VGlut-F-700128,90,40,50,439,40,50,8.184401303677997e-05,3.6735493119204534e-08,2.7541407390021785e-05,0.004522385809758303,74
VGlut-F-700129,589,498,91,3307,498,91,0.007847069996754736,0.0001327919516712067,0.00011944836563888864,0.02959650268830712,301
VGlut-F-700130,183,137,46,971,137,46,0.0004687830944544905,7.097022773607475e-07,7.364399795591913e-05,0.009195517813175217,102
VGlut-F-700131,445,276,169,2422,276,169,0.0013224644923628462,1.1612256017840413e-05,3.718149839411013e-05,0.022360685392693834,211
VGlut-F-700132,360,133,227,1990,133,227,0.000637209355642929,6.090745989613094e-06,1.4849580514970058e-05,0.018089543239033213,205
VGlut-F-700133,140,109,31,749,109,31,0.00045573751944347007,4.314205703245961e-07,4.062483676706013e-05,0.007034822370735139,98
VGlut-F-700134,33,25,8,101,25,8,0.00014843212378661395,5.196542861616884e-08,1.2115183507312558e-05,0.0016582081302447113,33
VGlut-F-700136,17,14,3,60,14,3,9.140184822894005e-06,2.561497501945576e-09,2.165908747955348e-05,0.000854228430732124,16
VGlut-F-700138,12,11,1,23,11,1,3.303591770157262e-05,2.7139992677186252e-08,9.364106327771681e-06,0.0006029847746344405,12
VGlut-F-700139,4,3,1,10,3,1,8.971871946763754e-07,1.7476246847916836e-10,8.540504247112054e-06,0.00020099492487814683,4
VGlut-F-700141,93,38,55,435,38,55,9.719158625354884e-05,2.3712492403951858e-07,1.3974382838382959e-05,0.0046731320034169134,78
VGlut-F-700145,1500,1054,446,11934,1054,446,0.02547370716542549,5.69544604014695e-05,0.00015829488028029843,0.07537309682930506,352
VGlut-F-700146,871,433,438,14257,433,438,0.006420945884031221,0.0002392995182764989,0.0001934997806047794,0.043766644892216475,331
VGlut-F-700147,288,229,59,1316,229,59,0.0011089565468984611,4.973290926905761e-06,3.360310110376333e-05,0.014471634591226572,183
VGlut-F-700148,118,86,32,633,86,32,0.00024064955069597217,3.211179139282671e-07,2.3966462000553412e-05,0.0059293502839053314,97
VGlut-F-700150,16,15,1,41,15,1,3.1680655064155434e-05,1.3239969738976833e-08,1.0221903011783322e-05,0.0008039796995125873,16
VGlut-F-700152,137,92,45,677,92,45,0.0004705651337444901,1.706129675661337e-06,1.117153439361553e-05,0.006884076177076529,137
VGlut-F-700153,249,113,136,1246,113,136,0.0004909137816681544,3.6054138389378203e-06,1.2746596169039357e-05,0.01251193407366464,205
VGlut-F-700154,310,132,178,2248,132,178,0.0012226415096880689,9.29375779590307e-06,1.8564237853328908e-05,0.015577106678056379,213
VGlut-F-700155,203,112,91,785,112,91,0.0007325932473184703,5.33625885082026e-07,1.5266324962053275e-05,0.01020049243756595,185
VGlut-F-700156,208,154,54,1124,154,54,0.0013443958221120824,1.6379633433461516e-06,2.7830717462657355e-05,0.010451736093663636,189
VGlut-F-700159,19,17,2,49,17,2,6.222341366911871e-05,2.324925563584344e-08,1.612230593177464e-05,0.0009547258931711974,19
VGlut-F-700160,495,202,293,2457,202,293,0.002914082991621028,1.2588494507365451e-05,6.053013576573214e-05,0.024873121953670668,294
VGlut-F-700162,126,89,37,718,89,37,0.0003026421847572582,3.1859847262649635e-07,3.447804397825329e-05,0.006331340133661625,97
VGlut-F-700163,80,28,52,377,28,52,0.0004211068790505,7.93142103230899e-06,1.0113344971430673e-05,0.004019898497562936,73
VGlut-F-700164,205,45,160,1195,45,160,0.00037452077788687155,2.1896175825856502e-06,1.0558915373114238e-05,0.010300989900005025,187
VGlut-F-700165,334,264,70,2321,264,70,0.0013771481508757768,1.4917895193109429e-05,3.254771183720083e-05,0.01678307622732526,205
VGlut-F-700166,145,72,73,672,72,73,0.00036508089724332683,3.949067928360535e-07,1.5870754645974137e-05,0.007286066026832822,120
VGlut-F-700167,399,336,63,1806,336,63,0.0018321812804918602,1.6457271875561068e-05,7.603888012254192e-05,0.020049243756595145,205
VGlut-F-700168,284,244,40,1956,244,40,0.004453053902269903,2.487875231922354e-05,4.049396994126251e-05,0.014270639666348424,223
VGlut-F-700169,241,185,56,1041,185,56,0.0013445573214135313,2.0228183158073076e-05,2.717304567372293e-05,0.012109944223908346,207
VGlut-F-700170,681,402,279,6128,402,279,0.005057047815218297,0.006937490365787996,5.07709977254351e-05,0.0342193859605045,348
VGlut-F-700172,76,54,22,307,54,22,0.00018845868088378313,1.4146318382126811e-07,2.054438016296786e-05,0.0038189035726847896,73
VGlut-F-700173,175,121,54,644,121,54,0.0019744307317390007,1.3905188666784144e-05,4.435366454190225e-05,0.008793527963418923,162
VGlut-F-700174,25,10,15,95,10,15,2.3038776194134725e-05,8.087406990086153e-08,1.1156205075255473e-05,0.0012562182804884176,24
VGlut-F-700175,293,117,176,2278,117,176,0.0011122202940104353,1.3843492450698313e-05,8.607168375680092e-05,0.014722878247324255,133
VGlut-F-700176,31,4,27,209,4,27,2.0531624724058357e-05,9.145477537610222e-09,7.998576442312178e-06,0.001557710667805638,31
VGlut-F-700177,90,49,41,651,49,41,6.705535316787896e-05,3.9451885727641424e-08,6.111914386801075e-05,0.004522385809758303,74
VGlut-F-700178,157,31,126,487,31,126,0.00015106961862332126,1.1198497312078515e-07,2.781405684596812e-05,0.007889050801467262,135
VGlut-F-700179,169,118,51,1340,118,51,0.0005609619366408852,3.319651294501402e-06,1.4458467419845267e-05,0.008492035576101703,169
VGlut-F-700181,39,21,18,142,21,18,0.00011020504908389112,8.334156199022264e-08,1.530220122701605e-05,0.0019597005175619317,39
VGlut-F-700182,315,214,101,1635,214,101,0.0010735507933323089,2.5747525799661753e-06,2.874513823020111e-05,0.015828350334154064,204
VGlut-F-700184,244,64,180,1031,64,180,0.0002856093637182021,2.4979211740550084e-07,2.6488222376132944e-05,0.012260690417566956,148
VGlut-F-700185,238,194,44,1107,194,44,0.0009603593217702597,5.062607244982351e-06,2.865522961573042e-05,0.011959198030249736,176
VGlut-F-700187,275,205,70,1415,205,70,0.00251586415482741,6.466475274066948e-06,3.703612444981949e-05,0.013818401085372594,200
VGlut-F-700188,250,199,51,1250,199,51,0.0008440688648733112,5.231782094229374e-06,2.1181875071841563e-05,0.012562182804884177,199
VGlut-F-700191,236,119,117,1127,119,117,0.001636691676235632,7.04194967063826e-06,9.06152563790249e-05,0.011858700567810663,178
VGlut-F-700192,131,79,52,548,79,52,0.00021854708194315122,3.083297045085084e-07,2.6424110529849782e-05,0.006582583789759309,80
VGlut-F-700193,370,172,198,1489,172,198,0.002123450904166157,1.8659803146793593e-05,5.189177583397824e-05,0.018592030551228583,240
VGlut-F-700195,721,407,314,6189,407,314,0.0061968475216219185,9.690609402192085e-05,0.00012831308545495763,0.036229335209285965,329
VGlut-F-700196,490,380,110,2734,380,110,0.0018683765334494631,3.568332421034985e-05,7.617901579101837e-05,0.024621878297572987,186
VGlut-F-700197,77,41,36,307,41,36,0.0001276049850213762,1.2471356896975617e-07,1.4392952875874978e-05,0.0038691523039043265,71
VGlut-F-700198,340,100,240,2703,100,240,0.001161062499282227,1.1978408049387959e-05,1.4622171431215582e-05,0.01708456861464248,254
VGlut-F-700199,515,297,218,3211,297,218,0.00822033784843409,1.9738549398718993e-05,3.024700767833619e-05,0.025878096578061404,352
VGlut-F-700200,604,269,335,3035,269,335,0.004517861766977841,3.614253465921127e-05,4.4006578560611615e-05,0.03035023365660017,308
VGlut-F-700201,455,300,155,3266,300,155,0.0038176019682491158,0.0017666840264666847,2.8682400394870424e-05,0.0228631727048892,331
VGlut-F-700202,568,454,114,3641,454,114,0.005879696716576758,0.004119792443918884,4.315264000181856e-05,0.02854127933269685,348
VGlut-F-700203,187,17,170,1864,17,170,9.57205668188264e-05,2.4042863566111686e-06,9.432306992051275e-06,0.009396512738053364,179
VGlut-F-700204,802,483,319,6128,483,319,0.007738622403581098,0.00020175272250335364,0.0001315809339049428,0.04029948243806844,317
VGlut-F-700205,77,33,44,317,33,44,0.00010829005522824325,1.1742325412307303e-07,1.9528721015584223e-05,0.0038691523039043265,71
VGlut-F-700206,64,46,18,210,46,18,0.00019372004033458152,2.02880914308406e-07,2.05721042003105e-05,0.0032159187980503492,60
VGlut-F-700207,897,489,408,10503,489,408,0.007072216048621871,0.00014691976218426665,0.00012132728467711764,0.04507311190392443,331
VGlut-F-700208,771,417,354,10128,417,354,0.005901514260076686,0.0001717630373886449,0.00017263445151968632,0.0387417717702628,331
VGlut-F-700209,192,149,43,798,149,43,0.0011565877665363437,3.7461612541860394e-06,1.891300110241925e-05,0.009647756394151047,170
VGlut-F-700210,168,131,37,1200,131,37,0.0006735628284667888,9.039782960453798e-06,1.8503662387322396e-05,0.008441786844882167,161
VGlut-F-700211,84,68,16,276,68,16,0.00023926236574810586,2.8802345142129453e-07,2.389636487273802e-05,0.004220893422441084,70
VGlut-F-700212,450,403,47,2363,403,47,0.00622559307871155,0.002523119392146661,5.690533554666658e-05,0.02261192904879152,336
VGlut-F-700213,404,164,240,3136,164,240,0.0011461591038418545,3.0543203183406395e-05,3.1170215470208124e-05,0.02030048741269283,211
VGlut-F-700214,401,187,214,2893,187,214,0.0031528241703280423,1.974148835302786e-05,3.543670348460829e-05,0.02014974121903422,260
VGlut-F-700215,187,104,83,847,104,83,0.0004963122543731618,8.877972229169089e-07,1.1601310023539235e-05,0.009396512738053364,183
VGlut-F-700216,60,28,32,275,28,32,9.752751181929184e-05,6.681360167124218e-08,1.1837722622373122e-05,0.0030149238731722026,60
VGlut-F-700217,143,92,51,391,92,51,0.0012082300367938746,5.467745417563708e-06,1.0880314344950349e-05,0.0071855685643937494,131
VGlut-F-700218,341,224,117,2552,224,117,0.0012838427059743208,1.4520426214210028e-05,2.519507691855819e-05,0.017134817345862016,205
VGlut-F-700219,900,448,452,9929,448,452,0.006595779048236867,0.00013769711302541178,0.00014317562255287768,0.04522385809758304,331
VGlut-F-700220,33,14,19,150,14,19,2.2218520065359927e-05,6.422644211804376e-09,1.2937621980530087e-05,0.0016582081302447113,30
VGlut-F-700221,231,190,41,989,190,41,0.001060398914401682,5.284963776504923e-06,1.8019960116875396e-05,0.01160745691171298,195
VGlut-F-700223,130,85,45,408,85,45,0.0005450184409970945,2.944348323526788e-06,1.321735923670935e-05,0.006532335058539772,112
VGlut-F-700225,76,30,46,421,30,46,8.772878491012943e-05,5.498238444709171e-08,1.2624108063646793e-05,0.0038189035726847896,67
VGlut-F-700226,101,36,65,386,36,65,0.00018038054890212547,7.465613889256714e-07,1.034044899394387e-05,0.005075121853173208,89
VGlut-F-700227,11,9,2,35,9,2,1.809231287444031e-05,3.9227786227630025e-09,1.5304448596317168e-05,0.0005527360434149038,10
VGlut-F-700228,192,110,82,1426,110,82,0.000271435915204581,2.4840591471626996e-06,4.381721614131349e-05,0.009647756394151047,121
VGlut-F-700229,529,253,276,3791,253,276,0.006964918487164384,2.7068633174125173e-05,2.5390143833664894e-05,0.02658157881513492,352
VGlut-F-700230,89,34,55,391,34,55,0.00022705117857142938,9.841898125233761e-08,1.2929280271397849e-05,0.004472137078538767,83
VGlut-F-700232,216,42,174,1478,42,174,0.00031476981637900493,2.5103587136611717e-06,1.025682534931984e-05,0.010853725943419929,198
VGlut-F-700233,296,191,105,2123,191,105,0.0016622767900921515,5.7572817451327225e-06,3.24971025028421e-05,0.014873624440982865,201
VGlut-F-700234,222,87,135,1594,87,135,0.001440259285767729,2.369076251921187e-06,1.786670601849171e-05,0.01115521833073715,200
VGlut-F-700236,63,32,31,306,32,31,0.00016058514975336857,7.482582787654919e-08,1.665671504757508e-05,0.0031656700668308124,58
VGlut-F-700237,145,113,32,510,113,32,0.0003787213288080777,3.300815450186841e-07,3.962913761414012e-05,0.007286066026832822,95
VGlut-F-700238,117,6,111,508,6,111,2.8588914836914676e-05,4.479682583383913e-09,8.411686518308096e-06,0.005879101552685795,115
VGlut-F-700239,132,71,61,790,71,61,0.0011212374433790648,4.27919463328129e-06,1.8460251099702052e-05,0.006632832520978845,129
VGlut-F-700240,141,92,49,793,92,49,0.00043787745834814127,1.425769737399701e-06,1.230779194927652e-05,0.007085071101954676,140
VGlut-F-700241,503,405,98,2966,405,98,0.008301987318530974,2.160263049015629e-05,7.796863303195056e-05,0.025275111803426963,243
VGlut-F-700243,238,103,135,1279,103,135,0.0010588526481161852,1.9469998103315305e-05,1.531210964912103e-05,0.011959198030249736,205
VGlut-F-700244,275,88,187,1915,88,187,0.0009503558752088257,3.819278141643055e-06,1.5977290880017433e-05,0.013818401085372594,215
VGlut-F-700245,275,107,168,1155,107,168,0.0004848872730653109,1.5630790588419024e-06,1.3206963762039093e-05,0.013818401085372594,211
VGlut-F-700246,509,441,68,2766,441,68,0.0054157568948419955,0.0023893363083010858,7.575000561584322e-05,0.025576604190744184,331
VGlut-F-700247,191,98,93,637,98,93,0.00142322254001209,3.57607018258965e-06,1.5951843640063668e-05,0.009597507662931512,160
VGlut-F-700248,142,98,44,593,98,44,0.00026833573300238543,2.1438272771552622e-07,5.37642747895001e-05,0.007135319833174212,95
VGlut-F-700252,251,103,148,1077,103,148,0.0006735616455825676,2.381679495314077e-05,6.152307282009862e-05,0.012612431536103714,182
VGlut-F-700253,84,34,50,233,34,50,0.00042562943209738935,1.3433743474572946e-06,1.205723763307144e-05,0.004220893422441084,77
VGlut-F-700254,163,107,56,847,107,56,0.0004425667162985343,1.0350303458201046e-06,1.1842567723929225e-05,0.008190543188784483,162
VGlut-F-700255,471,325,146,2347,325,146,0.004810888856032868,0.00223397371440027,3.4828402290687036e-05,0.02366715240440179,348
VGlut-F-700256,721,446,275,6075,446,275,0.0057870324654892705,0.006653942030242024,5.030547598571325e-05,0.036229335209285965,348
VGlut-F-700258,297,150,147,1538,150,147,0.0033086827837009386,4.675880238780039e-06,2.3898807031129428e-05,0.014923873172202402,209
VGlut-F-700259,250,52,198,2034,52,198,0.0009553540796925172,3.3739485500704652e-06,1.9816354218884596e-05,0.012562182804884177,218
VGlut-F-700260,254,123,131,1036,123,131,0.0014336724328846324,1.2157433439254241e-05,1.9946523419443054e-05,0.012763177729762324,197
VGlut-F-700261,1693,480,1213,10614,480,1213,0.0050097078374304205,3.684786210739955e-05,8.822606027336969e-05,0.08507110195467564,316
VGlut-F-700262,104,28,76,554,28,76,7.20072886973565e-05,7.19759499355533e-08,3.4662964903561295e-05,0.005225868046831818,71
VGlut-F-700264,108,57,51,517,57,51,0.0002501889596774734,1.6578142844573278e-07,1.9880367661665503e-05,0.005426862971709964,93
VGlut-F-700265,54,14,40,249,14,40,2.5589364578869496e-05,1.559576397627434e-08,1.21060195606829e-05,0.002713431485854982,49
VGlut-F-700266,289,129,160,1504,129,160,0.0010236658533003722,1.3318299642784904e-05,1.8517328776439056e-05,0.014521883322446109,211
VGlut-F-700267,269,130,139,1724,130,139,0.0007067378418558647,1.2357413282019488e-05,1.5754503420468068e-05,0.013516908698055373,205
VGlut-F-700268,193,157,36,924,157,36,0.0021285052784566585,2.050363715354629e-06,2.9501759424993462e-05,0.009698005125370585,179
VGlut-F-700269,308,143,165,2418,143,165,0.0005888267308353116,1.453353972902521e-06,1.5528534053068134e-05,0.015476609215617306,211
VGlut-F-700270,388,212,176,2273,212,176,0.002306520598178166,3.188420363188336e-05,5.206058876236687e-05,0.019496507713180244,239
VGlut-F-700271,1133,832,301,10279,832,301,0.012660511863935095,0.00023226929975611274,0.00024884493938804534,0.05693181247173509,331
VGlut-F-700272,156,96,60,660,96,60,0.001381374545098641,0.00021277171067237558,1.2650884156171165e-05,0.007838802070247727,151
VGlut-F-700273,140,91,49,761,91,49,0.00028624421347449124,1.2980428141340957e-06,3.520486545220954e-05,0.007034822370735139,101
VGlut-F-700274,244,48,196,1546,48,196,0.00032099288079939396,3.7857529954157383e-06,1.302578689422914e-05,0.012260690417566956,211
VGlut-F-700275,426,175,251,2143,175,251,0.0007738930383294816,5.526231384794452e-06,1.6459565939673983e-05,0.021405959499522637,222
VGlut-F-700276,361,122,239,1365,122,239,0.0012557800699260393,1.3079929445888468e-06,2.1325311550461102e-05,0.018139791970252752,208
VGlut-F-700277,1214,637,577,6762,637,577,0.012217382988845327,1.861042549474629e-05,5.3856013313833096e-05,0.06100195970051756,352
VGlut-F-700278,584,332,252,4209,332,252,0.004328356234532418,0.0037804698354137367,3.2337750979231253e-05,0.029345259032209435,348
VGlut-F-700279,417,165,252,1636,165,252,0.008405945851786705,9.848273249707417e-05,1.9661949450032545e-05,0.020953720918546807,252
VGlut-F-700280,215,15,200,1067,15,200,5.991698873175809e-05,1.0130785348931903e-07,8.296630019964883e-06,0.010803477212200392,186
VGlut-F-700281,88,50,38,369,50,38,0.00014327591610640753,1.8613719530984644e-07,1.6590572055961722e-05,0.00442188834731923,83
VGlut-F-700283,20,14,6,39,14,6,7.411040763915406e-05,4.5127125968192614e-08,1.3572042070738486e-05,0.001004974624390734,20
VGlut-F-700284,375,157,218,1989,157,218,0.001116730140085645,1.694140365715586e-05,2.8526799910000214e-05,0.018843274207326264,205
VGlut-F-700285,269,167,102,1105,167,102,0.0006289754041172953,1.8780178253993903e-06,1.9188757527989427e-05,0.013516908698055373,190
VGlut-F-700286,309,137,172,1634,137,172,0.0029265914404143136,1.4862194129784045e-05,2.2586633749617804e-05,0.015526857946836843,231
VGlut-F-700287,236,179,57,1243,179,57,0.0008415684744107287,5.755341522827388e-06,2.1738674858093373e-05,0.011858700567810663,181
VGlut-F-700288,76,17,59,288,17,59,0.0001085831330938463,6.372290775756153e-08,8.682995333797671e-06,0.0038189035726847896,68
VGlut-F-700289,233,201,32,892,201,32,0.0009625323665448773,4.0450093862576515e-06,2.4880022860649835e-05,0.011707954374152053,181
VGlut-F-700290,208,148,60,948,148,60,0.0005620455215217075,3.2784442476709466e-06,2.8565219445347244e-05,0.010451736093663636,151
VGlut-F-700291,490,254,236,3749,254,236,0.003932463543576233,1.9566250384583603e-05,4.011957975949034e-05,0.024621878297572987,317
VGlut-F-700292,175,75,100,819,75,100,0.0010802038663731042,0.00028910814250152127,1.587323568869603e-05,0.008793527963418923,168
VGlut-F-700293,577,262,315,2395,262,315,0.006742168668126788,5.8468622514997893e-05,3.8218688860620116e-05,0.02899351791367268,259
VGlut-F-700294,246,12,234,778,12,234,3.542504121670665e-05,4.9980469346079195e-08,7.959965345082169e-06,0.012361187880006029,131
VGlut-F-700295,811,174,637,4150,174,637,0.0036173317147373566,3.2301276416341626e-06,1.3398495014861546e-05,0.04075172101904427,352
VGlut-F-700296,172,132,40,822,132,40,0.00046290238219981954,6.428653128943663e-07,4.748416060221839e-05,0.008642781769760313,102
VGlut-F-700297,17,11,6,73,11,6,2.4000567229441335e-05,2.93213902806677e-08,1.2105128104136687e-05,0.000854228430732124,17
VGlut-F-700300,166,120,46,1061,120,46,0.00023851641073252276,1.7957696595475775e-07,5.542661663625561e-05,0.008341289382443093,108
VGlut-F-700301,137,108,29,912,108,29,0.0005648570778768874,2.8982680601264383e-06,1.4083313384627875e-05,0.006884076177076529,137
VGlut-F-700302,492,187,305,1489,187,305,0.00042221361816879497,5.178537747970376e-07,4.742837510862765e-05,0.024722375760012058,170
VGlut-F-700303,101,66,35,426,66,35,0.00022549935873937652,1.6552915733231746e-07,2.5324164818320545e-05,0.005075121853173208,86
VGlut-F-700304,62,26,36,331,26,36,8.714059511502509e-05,6.09375974273301e-08,9.916607793082583e-06,0.003115421335611276,58
VGlut-F-700306,120,84,36,424,84,36,0.0005921767415554029,1.307234811149368e-05,1.5272462722550034e-05,0.006029847746344405,106
VGlut-F-700307,325,137,188,1639,137,188,0.0005094354004429428,1.8201499050169434e-06,1.4140363063175915e-05,0.01633083764634943,211
VGlut-F-700308,139,87,52,753,87,52,0.0002656392572867362,8.072442716032986e-07,3.32442863014914e-05,0.006984573639515602,110
VGlut-F-700309,336,176,160,1888,176,160,0.004288078134743262,3.7076293230838673e-06,2.0970034183651526e-05,0.016883573689764335,315
VGlut-F-700310,38,12,26,101,12,26,3.070263941391622e-05,1.1835144356506757e-08,9.986184511145419e-06,0.0019094517863423948,35
VGlut-F-700311,168,71,97,619,71,97,0.00035805814691662916,2.679776005637665e-07,1.608203872956062e-05,0.008441786844882167,116
VGlut-F-700312,107,18,89,564,18,89,4.4233657788786495e-05,1.993730739817034e-06,3.70971036864533e-05,0.005376614240490428,85
VGlut-F-700313,115,67,48,437,67,48,0.0003398849543944068,3.595675170517362e-07,1.8955907145360373e-05,0.005778604090246721,97
VGlut-F-700314,124,86,38,612,86,38,0.0005934154156768878,4.3259433848300026e-07,1.5161544349042908e-05,0.006230842671222552,124
VGlut-F-700315,167,132,35,725,132,35,0.001917291695275576,1.8117725554370667e-06,2.2768964020751524e-05,0.00839153811366263,161
VGlut-F-700316,330,95,235,1557,95,235,0.001374382711892982,3.859628290642028e-06,2.2292343593002255e-05,0.016582081302447114,260
VGlut-F-700318,656,219,437,4895,219,437,0.00313840723535045,3.9831522688938307e-05,4.9128731068043506e-05,0.03296316768001608,298
VGlut-F-700319,43,17,26,127,17,26,4.352865930405671e-05,3.860522159635191e-08,9.300556898842041e-06,0.0021606954424400783,43
VGlut-F-700320,1201,688,513,7685,688,513,0.013730292428042643,1.71590371094912e-05,5.989651820451104e-05,0.06034872619466358,352
VGlut-F-700321,445,193,252,2907,193,252,0.001010019411590971,7.673166535545947e-06,2.4203115852483892e-05,0.022360685392693834,210
VGlut-F-700322,453,150,303,2052,150,303,0.001758149870375883,4.272865202174964e-06,3.172423727228143e-05,0.02276267524245013,295
VGlut-F-700323,298,252,46,1224,252,46,0.0011360487545295052,3.6765397773011508e-06,6.0961284115442925e-05,0.014974121903421938,177
VGlut-F-700324,154,124,30,533,124,30,0.00035090812557318795,3.0758366571875506e-07,3.6774613145467826e-05,0.007738304607808653,98
VGlut-F-700325,111,76,35,569,76,35,0.0002714734225325504,2.779730622641282e-07,2.860203171731176e-05,0.005577609165368575,92
VGlut-F-700326,107,50,57,285,50,57,0.0005905671632010869,6.896835841166179e-07,9.050109688076257e-06,0.005376614240490428,106
VGlut-F-700329,23,13,10,77,13,10,8.399804001999896e-05,3.04330165045892e-08,1.2658521708622399e-05,0.0011557208180493442,23
VGlut-F-700330,523,335,188,3795,335,188,0.005599620665370493,3.4444297407440645e-05,8.575042631651799e-05,0.0262800864278177,217
VGlut-F-700331,118,97,21,571,97,21,0.0004223288041264586,9.996569341824536e-07,1.1809745881136143e-05,0.0059293502839053314,118
VGlut-F-700333,161,41,120,932,41,120,0.00033081266636660934,1.0654423849404234e-06,1.0049425709578991e-05,0.00809004572634541,152
VGlut-F-700334,325,93,232,1871,93,232,0.0004047174674130363,4.894874457344365e-07,6.154698002941248e-05,0.01633083764634943,150
VGlut-F-700335,939,727,212,5950,727,212,0.009143404869703917,0.006398193563397043,9.032343622330201e-05,0.04718355861514497,348
VGlut-F-700336,95,66,29,275,66,29,0.00024427053903141346,2.031386375572364e-07,1.9754729938569184e-05,0.004773629465855987,82
VGlut-F-700338,15,12,3,68,12,3,2.3256304522113095e-06,2.796069432675473e-10,2.0703536451012513e-05,0.0007537309682930506,14
VGlut-F-700339,472,206,266,3469,206,266,0.005002088154927767,4.9186900452088735e-06,1.5811504308809097e-05,0.023717401135621326,352
VGlut-F-700340,106,61,45,293,61,45,0.0007814810090859017,1.5165671431455096e-06,1.938959625529666e-05,0.005326365509270891,101
VGlut-F-700342,201,118,83,1027,118,83,0.0013303719893060057,1.566780429102701e-05,2.3866390338394997e-05,0.010099994975126878,181
VGlut-F-700343,85,57,28,500,57,28,0.00022846478887102937,1.559933596844342e-07,2.021680017827293e-05,0.00427114215366062,77
VGlut-F-700344,239,47,192,1382,47,192,0.0007710773457855589,3.2398252061271566e-06,1.2472913667533766e-05,0.012009446761469273,210
VGlut-F-700346,50,30,20,196,30,20,6.742138352892897e-05,3.199850042083876e-08,2.1960122728044456e-05,0.002512436560976835,47
VGlut-F-700347,186,154,32,1985,154,32,0.0002191052829223888,6.804209019254533e-07,0.0003170530182028549,0.009346264006833827,88
VGlut-F-700348,114,71,43,337,71,43,0.0005838165956232048,6.1261830545289226e-06,1.1871856213561873e-05,0.005728355359027185,98
VGlut-F-700349,905,699,206,5547,699,206,0.015524967189612465,2.9779599405095736e-05,5.958939915448694e-05,0.04547510175368072,352
VGlut-F-700351,11,9,2,25,9,2,2.7567577181199992e-05,7.851721001778491e-09,1.0719138422060035e-05,0.0005527360434149038,10
VGlut-F-700353,27,23,4,80,23,4,9.89497494977044e-05,9.096935955471018e-08,1.107412187288891e-05,0.001356715742927491,27
VGlut-F-700354,129,63,66,974,63,66,0.00026152540199874834,1.0213316541434382e-06,3.8015255564357906e-05,0.006482086327320235,97
VGlut-F-700355,78,52,26,235,52,26,0.00022341420663679577,1.0287249869796495e-06,8.826341667838341e-06,0.003919401035123863,78
VGlut-F-700356,1420,1180,240,11304,1180,240,0.0272302477850555,6.581266166843315e-05,0.00014474991832616997,0.07135319833174213,352
VGlut-F-700357,337,180,157,1350,180,157,0.0032608552115309134,2.840928776003013e-05,3.4791694131695874e-05,0.01693382242098387,292
VGlut-F-700358,154,121,33,692,121,33,0.0005590188742051505,2.424023043317873e-06,1.4067537832020154e-05,0.007738304607808653,149
VGlut-F-700359,147,84,63,733,84,63,0.00041867657148498573,8.805500891284268e-07,1.1187252981967524e-05,0.007386563489271896,146
VGlut-F-700360,228,107,121,889,107,121,0.0008182102570196382,7.970375492698919e-06,2.331761809424478e-05,0.01145671071805437,200
VGlut-F-700361,71,46,25,312,46,25,0.0003363256487245483,3.4061046772215385e-07,1.754036344427479e-05,0.003567659916587106,66
VGlut-F-700363,52,22,30,231,22,30,4.1437910814172506e-05,3.3226065172655206e-08,1.0425134060064962e-05,0.002612934023415909,51
VGlut-F-700364,90,49,41,532,49,41,0.0002146959233461313,4.949008613025344e-07,2.1503404706431887e-05,0.004522385809758303,81
VGlut-F-700365,491,263,228,3265,263,228,0.00696563511172741,2.3141053866709823e-05,2.71122851072871e-05,0.024672127028792522,352
VGlut-F-700371,314,257,57,2189,257,57,0.000739904224117609,1.5756061160527646e-06,0.00010336897785605702,0.015778101602934524,132
VGlut-F-700372,20,17,3,60,17,3,1.7750218853873847e-05,1.0171011047568013e-08,1.787423558665907e-05,0.001004974624390734,19
VGlut-F-700374,94,58,36,516,58,36,0.00017096706241623356,2.7701557845076365e-07,1.6326949262170912e-05,0.004723380734636451,75
VGlut-F-700376,122,80,42,543,80,42,0.0003259610930554589,2.8137511929506406e-07,2.433125081362428e-05,0.006130345208783478,92
VGlut-F-700381,428,257,171,2414,257,171,0.004306284573014348,4.29555417816231e-05,7.41005641844488e-05,0.021506456961961712,298
VGlut-F-700383,57,19,38,143,19,38,7.499739507963731e-05,1.3615609945483592e-08,9.145918469223453e-06,0.0028641776795135924,54
VGlut-F-700384,43,36,7,149,36,7,3.8306707388150025e-05,2.926467236512854e-08,1.9750574489112754e-05,0.0021606954424400783,40
VGlut-F-700385,19,16,3,51,16,3,1.001172205598276e-05,5.583120235298583e-09,1.139238097660673e-05,0.0009547258931711974,19
VGlut-F-700386,73,45,28,339,45,28,0.00014100730769714677,8.435477698029111e-08,1.4365709301761083e-05,0.0036681573790261794,66
VGlut-F-700388,1762,986,776,7194,986,776,0.010778302905919886,1.7393819678127115e-05,0.0002410644065886799,0.08853826440882367,318
VGlut-F-700389,415,162,253,2506,162,253,0.004473802006354751,7.84807059821835e-06,1.4446865904288703e-05,0.020853223456107732,352
VGlut-F-700390,115,84,31,399,84,31,0.0001976286773998405,9.377693297165263e-08,6.394020019030268e-05,0.005778604090246721,82
VGlut-F-700391,7,2,5,13,2,5,2.001729357327126e-06,2.2214188063962381e-10,7.77485557768778e-06,0.00035174111853675694,7
VGlut-F-700392,95,65,30,403,65,30,9.433966220410746e-05,4.8500678457208846e-08,2.7741242750042572e-05,0.004773629465855987,87
VGlut-F-700394,65,22,43,225,22,43,0.00020252128112920983,6.30665649855735e-06,8.57695818046919e-06,0.003266167529269886,62
VGlut-F-700395,111,71,40,467,71,40,0.00033160564444372127,2.7441176499831285e-07,1.9356064672503835e-05,0.005577609165368575,93
VGlut-F-700396,20,3,17,63,3,17,9.558356692017491e-06,3.2171456387664274e-09,8.499475293728114e-06,0.001004974624390734,19
VGlut-F-700398,75,26,49,271,26,49,4.606818665285848e-05,2.191930957984836e-08,1.2013202363641938e-05,0.003768654841465253,72
VGlut-F-700399,1984,1866,118,9731,1866,118,0.04844847153689659,6.703583476702468e-05,0.00014420191697508635,0.09969348273956083,352
VGlut-F-700400,199,91,108,1692,91,108,0.0002354208604253761,9.352055965753905e-07,5.732947959354589e-05,0.009999497512687805,120
VGlut-F-700401,396,149,247,2291,149,247,0.0035731680158911615,5.344764249721752e-06,1.1666524012812745e-05,0.019898497562936535,352
VGlut-F-700402,116,80,36,417,80,36,0.0006787819626439188,9.769255196458301e-06,1.6553304116959624e-05,0.005828852821466258,104
VGlut-F-700403,113,53,60,581,53,60,0.00017336252932697812,2.43771504923523e-07,4.467965422997609e-05,0.0056781066278076475,77
VGlut-F-700405,303,141,162,1257,141,162,0.0019775378114576104,4.302072444771495e-06,2.8082891384601348e-05,0.015225365559519623,219
VGlut-F-700406,148,76,72,1034,76,72,0.00018781763028910341,9.340733302008112e-07,3.373430503204569e-05,0.0074368122204914325,114
VGlut-F-700407,363,252,111,2731,252,111,0.00337855234864549,0.00010705094445156169,5.645721958066275e-05,0.018240289432691823,213
VGlut-F-700408,512,217,295,4345,217,295,0.005312156564016361,1.057595039812931e-05,2.0464158280090395e-05,0.025727350384402794,352
VGlut-F-700410,295,149,146,2028,149,146,0.0007651621670132162,6.6235500085564984e-06,1.5818067540788083e-05,0.014823375709763328,205
VGlut-F-700411,321,130,191,1823,130,191,0.001582954756843432,4.9776370252233447e-05,2.033400652101803e-05,0.016129842721471284,261
VGlut-F-700412,160,130,30,772,130,30,0.0006798627971686421,4.379390478968922e-06,1.8323953587298802e-05,0.008039796995125872,154
VGlut-F-700414,156,20,136,876,20,136,0.00027959392106589084,5.1573300510357e-06,1.0183077649000847e-05,0.007838802070247727,153
VGlut-F-700415,325,114,211,1711,114,211,0.0014269631431630737,1.6406378032912565e-05,5.567098930758623e-05,0.01633083764634943,228
VGlut-F-700416,103,74,29,778,74,29,0.0001286570561353656,9.245431731294052e-08,8.858500029980686e-05,0.0051756193156122805,78
VGlut-F-700418,485,293,192,2147,293,192,0.0037741620851918277,1.392056665494908e-05,5.5892976220030275e-05,0.024370634641475302,209
VGlut-F-700419,851,633,218,5434,633,218,0.008226349123466955,0.003385509443192623,7.354924144330687e-05,0.042761670267825735,348
VGlut-F-700420,342,189,153,3000,189,153,0.0009601583655542051,1.4640146816626277e-05,2.4487654951538842e-05,0.017185066077081555,205
VGlut-F-700421,445,191,254,1771,191,254,0.004838154541301793,1.3150163542250637e-05,2.101437032803568e-05,0.022360685392693834,248
VGlut-F-700422,195,116,79,620,116,79,0.0017327599872620635,6.954934123045158e-06,1.5068794502276347e-05,0.009798502587809657,155
VGlut-F-700423,549,175,374,2691,175,374,0.003340363272404616,3.104397994697444e-05,2.7720035411402992e-05,0.027586553439525652,236
VGlut-F-700424,460,241,219,2104,241,219,0.007955763394015452,1.8481251498505152e-05,4.541544541466793e-05,0.023114416360986885,239
VGlut-F-700425,66,52,14,272,52,14,0.00020003734372788605,2.1457027768476062e-07,1.82297775480695e-05,0.0033164162604894225,64
VGlut-F-700426,208,41,167,737,41,167,0.00020986348360475996,9.716075626598745e-08,1.5181860075875661e-05,0.010451736093663636,150
VGlut-F-700427,165,91,74,449,91,74,0.0011357127885329896,3.990289187879808e-06,1.1768239525005936e-05,0.008291040651223557,142
VGlut-F-700428,261,170,91,2561,170,91,0.0010447413250002308,2.8336107250429764e-05,2.5810750464967847e-05,0.01311491884829908,205
VGlut-F-700430,318,127,191,1932,127,191,0.0005737986148086497,1.9947275638109124e-06,1.3951065696171496e-05,0.015979096527812674,211
VGlut-F-700434,128,91,37,716,91,37,0.00047177515052015115,4.74240773064342e-06,1.125696388060994e-05,0.0064318375961006985,128
VGlut-F-700435,91,62,29,439,62,29,0.00015239545792004582,2.3137003335526756e-07,3.738261777801375e-05,0.0045726345409778405,71
VGlut-F-700437,191,114,77,1177,114,77,0.0005283741055935599,1.066773289197229e-06,1.2526633609966968e-05,0.009597507662931512,189
VGlut-F-700438,272,171,101,783,171,101,0.00028716419051433376,1.3778828618682645e-07,3.752362258098462e-05,0.013667654891713983,150
VGlut-F-700439,209,156,53,1044,156,53,0.0007446968127382363,2.6194931022033513e-06,1.881936518880545e-05,0.010501984824883171,177
VGlut-F-700440,235,95,140,1240,95,140,0.00041646271877534814,9.081017121221863e-07,1.1747122747228805e-05,0.011808451836591126,210
VGlut-F-700441,1347,1094,253,5923,1094,253,0.02471825541561049,2.794486906647587e-05,8.693693123488969e-05,0.06768504095271595,352
VGlut-F-700442,989,219,770,5676,219,770,0.0050259331027452565,3.6770849612961137e-06,1.7600503022719216e-05,0.049695995176121804,352
VGlut-F-700443,250,208,42,1482,208,42,0.0036021896832763253,3.640859828007955e-05,7.422450698732925e-05,0.012562182804884177,221
VGlut-F-700444,559,351,208,3568,351,208,0.00433230941650418,0.0016559874076500895,4.5216590855675674e-05,0.028089040751721018,348
VGlut-F-700445,426,222,204,2056,222,204,0.003642700531001665,2.4534195986829663e-05,6.586776377244573e-05,0.021405959499522637,292
VGlut-F-700447,241,109,132,852,109,132,0.0015040197921302747,4.4783518418071905e-06,2.6904814696507344e-05,0.012109944223908346,196
VGlut-F-700448,73,56,17,317,56,17,9.718081052637799e-05,2.7117862321137524e-08,4.307387248127432e-05,0.0036681573790261794,64
VGlut-F-700450,384,194,190,3379,194,190,0.0018507193782312354,8.251520857045163e-06,0.00020233067537712743,0.019295512788302095,150
VGlut-F-700451,95,45,50,349,45,50,9.223795337501723e-05,2.1158620767403624e-07,1.7034882440683046e-05,0.004773629465855987,81
VGlut-F-700452,25,22,3,68,22,3,4.627435274015126e-05,1.924500649626007e-08,1.6084589446805104e-05,0.0012562182804884176,25
VGlut-F-700453,115,67,48,517,67,48,0.0005957829255670094,8.487289814425214e-06,1.7343374464914155e-05,0.005778604090246721,96
VGlut-F-700454,245,184,61,794,184,61,0.0010378125834734266,9.453896032197533e-07,3.1101912804315694e-05,0.012310939148786493,169
VGlut-F-700455,300,68,232,2387,68,232,0.0010793087521574732,5.874092825773592e-06,1.469238299388753e-05,0.015074619365861013,248
VGlut-F-700457,429,205,224,1671,205,224,0.002834093046273614,4.7282903347340896e-06,2.9080000134727884e-05,0.021556705693181247,209
VGlut-F-700458,545,315,230,3297,315,230,0.005088823062962631,5.993097855773474e-05,7.997005789907587e-05,0.027385558514647506,322
VGlut-F-700459,1306,426,880,10100,426,880,0.008350606415689703,4.602072508366683e-06,2.753975186371086e-05,0.06562484297271494,352
VGlut-F-700460,255,210,45,1149,210,45,0.0011459262794156011,6.7211071527302834e-06,2.2553062907409197e-05,0.01281342646098186,192
VGlut-F-700461,48,33,15,134,33,15,0.00025650402076071775,3.766267826724606e-07,9.333759040768256e-06,0.002411939098537762,48
VGlut-F-700462,518,241,277,4028,241,277,0.006488409929869843,9.734566942756265e-06,2.4761920146018867e-05,0.026028842771720014,352
VGlut-F-700463,140,100,40,733,100,40,0.0007531759321549142,7.847403811140799e-06,1.3583912073297603e-05,0.007034822370735139,139
VGlut-F-700464,253,179,74,1152,179,74,0.0007947198968675372,1.6209306152223673e-06,1.8641402963558765e-05,0.012712928998542787,210
VGlut-F-700465,359,303,56,2198,303,56,0.0017017158721532135,2.6547953869556555e-05,4.5250473408917e-05,0.018039294507813677,205
VGlut-F-700466,445,263,182,1971,263,182,0.004074441518509467,7.7989704347979e-06,4.9920786093384264e-05,0.022360685392693834,209
VGlut-F-700468,251,155,96,1292,155,96,0.0005530296342492458,7.527921850941269e-07,4.954669404609443e-05,0.012612431536103714,135
VGlut-F-700469,128,17,111,530,17,111,0.00015579092892077442,4.706461998371214e-06,1.1507969534969034e-05,0.0064318375961006985,92
VGlut-F-700470,1002,758,244,5851,758,244,0.015820410856127596,2.9240743703579177e-05,6.165786046244925e-05,0.05034922868197578,352
VGlut-F-700471,337,119,218,2344,119,218,0.0012546736161116799,6.215606497868451e-06,1.6286803916576673e-05,0.01693382242098387,239
VGlut-F-700472,241,40,201,1070,40,201,0.0004981916561474784,8.050091357090962e-07,1.4696458481537555e-05,0.012109944223908346,220
VGlut-F-700473,348,192,156,2763,192,156,0.0010379804879682123,1.1017386282644153e-05,2.247253833068566e-05,0.017486558464398776,205
VGlut-F-700474,301,55,246,1616,55,246,0.0005853467183647289,7.507718143575173e-06,1.1943852433682847e-05,0.015124868097080548,251
VGlut-F-700475,122,34,88,567,34,88,0.0004619937590313847,0.00027232942701023324,8.731529235042675e-06,0.006130345208783478,122
VGlut-F-700476,303,166,137,2008,166,137,0.001615482266085551,1.594359021869085e-05,2.080749219400743e-05,0.015225365559519623,213
VGlut-F-700477,1203,678,525,6976,678,525,0.014595989431995996,2.7950846948432308e-05,6.209540899220113e-05,0.06044922365710266,352
VGlut-F-700479,177,138,39,951,138,39,0.0010015986019357335,3.018782646737152e-06,2.5788902305800194e-05,0.008894025425857996,167
VGlut-F-700480,276,62,214,980,62,214,0.0009705830894528896,1.5803827122403915e-06,1.0934194651958766e-05,0.013868649816592131,144
VGlut-F-700481,627,377,250,4939,377,250,0.00498068866560935,0.0036927861752529315,3.422732249300929e-05,0.03150595447464952,348
VGlut-F-700482,420,211,209,1615,211,209,0.0029146035382079877,9.995048843360005e-06,7.747942377778306e-05,0.021104467112205417,266
VGlut-F-700483,243,65,178,965,65,178,0.00030742138670127966,4.2960026359586823e-07,2.6446187424369333e-05,0.01221044168634742,150
VGlut-F-700484,312,219,93,1194,219,93,0.0010614365422394116,3.877779031045928e-06,4.6725984155154165e-05,0.015677604140495453,204
VGlut-F-700486,408,182,226,2222,182,226,0.0027672901977144945,1.2990064929357193e-05,2.8037705127449e-05,0.020501482337570976,300
VGlut-F-700487,23,21,2,44,21,2,4.491093089127136e-05,1.7892777410213717e-08,1.9982792948792093e-05,0.0011557208180493442,21
VGlut-F-700488,399,160,239,2992,160,239,0.004464286779280353,9.361301992503908e-06,1.6434056308877153e-05,0.020049243756595145,352
VGlut-F-700489,396,120,276,4565,120,276,0.002505768112804521,9.645451986301625e-06,1.887484217181016e-05,0.019898497562936535,306
VGlut-F-700490,342,112,230,2812,112,230,0.0015147500930758877,1.0406830324239693e-05,1.6340346806294175e-05,0.017185066077081555,286
VGlut-F-700491,408,134,274,2779,134,274,0.0013159018430587146,7.269837375243361e-06,6.199443019836741e-05,0.020501482337570976,257
VGlut-F-700492,243,101,142,694,101,142,0.0009648557802176594,1.017073247224155e-06,1.7676649857161117e-05,0.01221044168634742,148
VGlut-F-700494,296,270,26,1429,270,26,0.0012097617792048909,6.446053249619148e-06,3.930165696658698e-05,0.014873624440982865,188
VGlut-F-700495,1099,829,270,9120,829,270,0.010669592057336275,0.010523907882939457,0.00011254734164798484,0.05522335561027084,348
VGlut-F-700496,371,145,226,2063,145,226,0.003985631354896506,1.0731267918042575e-05,1.3760954337107177e-05,0.018642279282448118,352
VGlut-F-700497,426,267,159,1942,267,159,0.003251943807810329,1.4897756760994159e-05,0.00011077232242424113,0.021405959499522637,269
VGlut-F-700498,240,65,175,962,65,175,0.00026298004778894,1.9840282897093162e-07,3.213199548137438e-05,0.01205969549268881,150
VGlut-F-700499,462,210,252,3076,210,252,0.0057357373189130005,1.9056255207036343e-05,1.9223785815412848e-05,0.02321491382342596,352
VGlut-F-700500,513,270,243,5049,270,243,0.0023778819014896478,5.8360290871624804e-05,4.433452954371289e-05,0.02577759911562233,277
VGlut-F-700501,295,125,170,1939,125,170,0.000997679048554456,1.6666315677285496e-05,1.5488355515091827e-05,0.014823375709763328,211
VGlut-F-700502,35,14,21,97,14,21,0.0004543551900962163,4.990154877003934e-07,8.41786925831073e-06,0.0017587055926837848,35
VGlut-F-700503,132,33,99,608,33,99,0.00034521282124208927,2.202930370101523e-06,1.0827888055832911e-05,0.006632832520978845,129
VGlut-F-700504,353,258,95,2052,258,95,0.000965737897939433,3.820465718800554e-06,4.4190806050530435e-05,0.017737802120496457,204
VGlut-F-700505,200,165,35,954,165,35,0.004034250192963936,8.659639400064113e-06,4.1073230392144136e-05,0.01004974624390734,187
VGlut-F-700506,504,241,263,3531,241,263,0.004057866909432695,4.182835880155279e-05,5.535765621506084e-05,0.0253253605346465,313
VGlut-F-700507,541,197,344,3074,197,344,0.0032314251105768237,3.3890536568698404e-05,3.574910922093061e-05,0.027184563589769357,296
VGlut-F-700508,965,237,728,5515,237,728,0.005750974183968569,6.566031231501444e-06,1.9471145706168048e-05,0.04849002562685292,352
VGlut-F-700509,97,64,33,262,64,33,0.0006508773176146314,9.61468929742353e-06,1.0938048946421461e-05,0.004874126928295061,96
VGlut-F-700510,147,77,70,559,77,70,0.0004782439978001638,6.128245259162586e-06,1.2882679180032686e-05,0.007386563489271896,111
VGlut-F-700511,474,124,350,1945,124,350,0.0013165378905881278,9.840654889275824e-07,1.8899954241040636e-05,0.0238178985980604,209
VGlut-F-700513,854,421,433,9299,421,433,0.006091042802595152,0.0001453219324849895,0.00011248456497740624,0.042912416461484346,331
VGlut-F-700514,232,142,90,1843,142,90,0.0007062378378590527,9.047461072257949e-06,2.086528072627738e-05,0.011657705642932515,203
VGlut-F-700515,211,151,60,934,151,60,0.0007714626835052578,3.277953166019104e-06,1.609830598518065e-05,0.010602482287322246,189
VGlut-F-700516,615,420,195,4107,420,195,0.005599628595426953,0.0022922738504497124,6.174347723520878e-05,0.030902969700015076,348
VGlut-F-700517,266,177,89,1528,177,89,0.0027006417478628486,0.0008793965121634584,2.2449481118604542e-05,0.013366162504396765,248
VGlut-F-700518,171,18,153,1043,18,153,7.512969720295958e-05,1.0153015658384529e-07,1.0100926595358679e-05,0.008592533038540778,168
VGlut-F-700519,362,104,258,2507,104,258,0.0009726628914865789,1.803013166665813e-05,1.5265816609269328e-05,0.018190040701472288,277
VGlut-F-700522,549,121,428,3564,121,428,0.0012975969616017251,2.4229534124324235e-05,2.5024073518746314e-05,0.027586553439525652,205
VGlut-F-700523,316,140,176,2489,140,176,0.0007779773436847485,2.6323282437732532e-06,1.8759934439928763e-05,0.0158785990653736,211
VGlut-F-700524,883,405,478,9742,405,478,0.006087576861596399,0.00014135869350990777,0.00013277098137465495,0.044369629666850915,331
VGlut-F-700526,115,91,24,510,91,24,0.0007661941023409438,7.91961829496256e-06,1.8822097503550217e-05,0.005778604090246721,103
VGlut-F-700527,290,88,202,1471,88,202,0.000785851318254728,1.3306330217801502e-06,1.4497038014219489e-05,0.014572132053665645,201
VGlut-F-700528,261,227,34,737,227,34,0.0024219185744387907,4.265204929128839e-05,3.529426195437256e-05,0.01311491884829908,149
VGlut-F-700529,552,378,174,2563,378,174,0.006019407291244215,4.827136068863325e-05,7.402167926914294e-05,0.027737299633184262,318
VGlut-F-700530,284,208,76,1201,208,76,0.001291948317226251,3.6644923120726922e-06,3.136162754285098e-05,0.014270639666348424,199
VGlut-F-700531,259,16,243,1752,16,243,0.0001808975687595859,9.998869051041397e-07,1.0035233644146583e-05,0.013014421385860007,215
VGlut-F-700532,550,285,265,3601,285,265,0.0075994157967164445,2.068989661291635e-05,2.647239485583716e-05,0.027636802170745187,352
VGlut-F-700533,249,161,88,1086,161,88,0.0008720511345756932,3.5143203745821954e-06,2.265184835648033e-05,0.01251193407366464,191
VGlut-F-700534,433,220,213,1890,220,213,0.004220467430776669,5.000097582144442e-06,3.15566745863716e-05,0.021757700618059393,209
VGlut-F-700535,724,381,343,7393,381,343,0.005969861556308925,0.0034305899495745197,4.394775628846844e-05,0.036380081402944575,348
VGlut-F-700536,486,266,220,4003,266,220,0.0044567905533512125,6.0113155423098516e-05,4.79491886396321e-05,0.02442088337269484,320
VGlut-F-700537,1013,725,288,5457,725,288,0.015543467255540013,2.5916288032285042e-05,5.4565554105116354e-05,0.050901964725390686,352
VGlut-F-700538,534,355,179,3032,355,179,0.004830343619317361,0.0030139056568063574,3.3693247290374265e-05,0.0268328224712326,348
VGlut-F-700539,583,542,41,2696,542,41,0.006750731269877775,0.001608958287340148,7.483064062735572e-05,0.0292950103009899,328
VGlut-F-700540,153,81,72,573,81,72,0.0003679200297113317,3.737092367264756e-07,1.8528600574201793e-05,0.0076880558765891165,120
VGlut-F-700541,722,403,319,7093,403,319,0.0053685700164403894,0.007265627654551016,4.939533064334885e-05,0.036279583940505504,348
VGlut-F-700542,7,4,3,32,4,3,4.925382122334611e-06,1.8963358003744725e-09,1.0338627439055578e-05,0.00035174111853675694,7
VGlut-F-700543,783,120,663,5710,120,663,0.0018102477782676216,7.886128200681645e-06,3.3583295192433926e-05,0.03934475654489724,352
VGlut-F-700544,150,88,62,590,88,62,0.0013972718613947316,3.1481735368268184e-06,2.098232864799363e-05,0.007537309682930506,129
VGlut-F-700545,661,272,389,2578,272,389,0.0011983023454080926,1.8892639129024126e-06,9.933310488029967e-05,0.03321441133611376,296
VGlut-F-700546,480,434,46,2756,434,46,0.005524460499280629,0.0027203369716435884,7.75413266495023e-05,0.02411939098537762,323
VGlut-F-700547,289,222,67,1580,222,67,0.0008784821096526156,3.50816099241502e-06,2.8743286504188195e-05,0.014521883322446109,210
VGlut-F-700548,239,72,167,1233,72,167,0.0004441329142814291,1.0786982290436048e-06,2.4680308136395676e-05,0.012009446761469273,193
VGlut-F-700549,737,224,513,3649,224,513,0.006540850542807716,3.494253588437544e-05,3.899446373285931e-05,0.037033314908798555,345
VGlut-F-700550,179,69,110,616,69,110,0.0007202544833472827,1.3867324002380499e-05,1.0984330533787612e-05,0.008994522888297071,146
VGlut-F-700551,447,179,268,3731,179,268,0.004836469140072823,1.4031002834056257e-05,2.1109386573703726e-05,0.02246118285513291,352
VGlut-F-700552,254,140,114,1534,140,114,0.00120133006773869,1.8841520512279703e-05,1.899369595395099e-05,0.012763177729762324,211
VGlut-F-700553,359,125,234,3516,125,234,0.0020166565495210232,2.53953217182284e-05,1.893838862456866e-05,0.018039294507813677,295
VGlut-F-700556,456,170,286,2880,170,286,0.0022987707027971897,1.6269102087288526e-05,5.2439998367295435e-05,0.02291342143610874,292
VGlut-F-700557,597,293,304,4674,293,304,0.004051097070002677,0.0033669986177874327,2.7691126986779947e-05,0.029998492538063415,348
VGlut-F-700558,516,316,200,3904,316,200,0.0017780735673473265,1.4742532878865444e-05,5.294592510918029e-05,0.02592834530928094,230
VGlut-F-700559,421,226,195,3669,226,195,0.001128624473712247,8.739581409584227e-06,2.9344544494729566e-05,0.021154715843424952,223
VGlut-F-700560,221,173,48,1240,173,48,0.002488478724711014,4.578120308418108e-06,2.5848440220834355e-05,0.011104969599517612,197
VGlut-F-700562,860,508,352,8929,508,352,0.006770035506528214,0.00013656488501153778,0.00017772718626282016,0.043213908848801566,331
VGlut-F-700563,375,314,61,1760,314,61,0.0023000731048446964,1.3039791547719666e-05,6.268617255487543e-05,0.018843274207326264,205
VGlut-F-700564,157,13,144,967,13,144,8.017916314940068e-05,1.2070230175859206e-06,9.040254795401942e-06,0.007889050801467262,153
VGlut-F-700565,269,46,223,898,46,223,0.00024145900954792286,6.318939807777804e-07,1.1556175458501214e-05,0.013516908698055373,202
VGlut-F-700566,1100,1086,14,5635,1086,14,0.032510693963205356,3.941867118644403e-05,0.0007134629910651253,0.055273604341490375,352
VGlut-F-700567,479,273,206,3724,273,206,0.0020269765047807573,3.087889567519552e-05,4.284894651738601e-05,0.02406914225415808,244
VGlut-F-700568,80,39,41,316,39,41,0.00028843101798770417,4.178246057269179e-07,9.73076331180635e-06,0.004019898497562936,77
VGlut-F-700569,338,218,120,1816,218,120,0.0020746072695326905,0.0003221439959498419,2.5833012827144503e-05,0.016984071152203406,217
VGlut-F-700570,220,121,99,987,121,99,0.0006182131652208515,2.116315987393772e-06,1.3147319665069009e-05,0.011054720868298076,197
VGlut-F-700571,481,184,297,3829,184,297,0.004617937208167815,8.521133811158153e-06,1.73292922119332e-05,0.024169639716597156,352
VGlut-F-700572,220,170,50,702,170,50,0.0029192038417156134,5.330554710056953e-05,1.923491999685163e-05,0.011054720868298076,158
VGlut-F-700573,504,297,207,2733,297,207,0.010648001955683094,6.406683514252781e-05,7.229378964872253e-05,0.0253253605346465,273
VGlut-F-700574,1449,827,622,10007,827,622,0.018274116511683106,3.7892041329402685e-05,7.928373983196418e-05,0.07281041153710868,352
VGlut-F-700575,101,69,32,463,69,32,0.0001940698612263535,2.491735632185224e-07,2.049675808366753e-05,0.005075121853173208,82
VGlut-F-700576,199,47,152,1200,47,152,0.0003782366956394533,5.968130118342e-06,1.3261658463075908e-05,0.009999497512687805,176
VGlut-F-700577,627,367,260,5463,367,260,0.004849621341607018,0.0031776471335061194,7.634975252806049e-05,0.03150595447464952,348
VGlut-F-700578,61,33,28,344,33,28,9.848662135349019e-05,1.2136027537328484e-07,1.632656270357337e-05,0.003065172604391739,59
VGlut-F-700579,487,248,239,3478,248,239,0.006320057485925514,1.7883949145776624e-05,2.5085086223328615e-05,0.024471132103914377,352
VGlut-F-700580,326,154,172,1645,154,172,0.005361358364825022,7.515277903955024e-05,2.278884195322245e-05,0.016381086377568965,233
VGlut-F-700581,109,14,95,385,14,95,0.00010655049443085729,1.6166148296513315e-06,8.831374869805181e-06,0.005477111702929501,109
VGlut-F-700582,539,109,430,2492,109,430,0.0020635917711609502,3.0889161040072406e-05,1.8002573563572466e-05,0.027084066127330286,277
VGlut-F-700583,85,40,45,681,40,45,0.00018818083998986906,3.6777335063150594e-07,3.7906777600797005e-05,0.00427114215366062,75
VGlut-F-700584,457,210,247,3296,210,247,0.005313006585762722,1.0957443167962406e-05,2.2234510117798806e-05,0.022963670167328275,352
VGlut-F-700585,998,836,162,5402,836,162,0.021734387828659496,2.6064244915563697e-05,6.641118611150807e-05,0.050148233757097635,352
VGlut-F-700586,1159,249,910,8865,249,910,0.0036199909738938735,7.337324475004117e-05,0.00016340311329271178,0.058238279483443046,352
VGlut-F-700587,161,42,119,621,42,119,0.0006084138747426738,5.075249348612425e-05,1.0063677685418551e-05,0.00809004572634541,157
VGlut-F-700588,157,114,43,813,114,43,0.0005551614514819018,2.5281072680542915e-06,1.1962705952407902e-05,0.007889050801467262,157
VGlut-F-700589,666,473,193,3891,473,193,0.01120339713565504,2.6285365956302625e-05,3.652881733779668e-05,0.03346565499221145,352
VGlut-F-700590,117,93,24,574,93,24,0.0004463363764963912,4.1700644949237775e-07,3.1782212461936636e-05,0.005879101552685795,98
VGlut-F-700592,2,1,1,3,1,1,1.280920758081753e-06,3.464186907403796e-10,7.5595936077753534e-06,0.00010049746243907341,2
VGlut-F-700595,81,56,25,361,56,25,0.00022647813419840316,2.983188497658037e-07,1.892668148757919e-05,0.0040701472287824735,74
VGlut-F-700596,334,205,129,1497,205,129,0.0012712666928644104,2.387507100727983e-06,4.9454689628296625e-05,0.01678307622732526,211
VGlut-F-700597,296,150,146,1343,150,146,0.0007137447066890408,3.7215188392991006e-06,1.3929922397914192e-05,0.014873624440982865,205
VGlut-F-700598,327,246,81,1454,246,81,0.0010914721060027509,5.704937684099189e-06,3.629418918619156e-05,0.016431335108788504,208
VGlut-F-700599,273,82,191,874,82,191,0.0006047218842611641,3.622374418493081e-06,1.3484828750756938e-05,0.01371790362293352,231
VGlut-F-700600,196,105,91,939,105,91,0.0015913930567867652,1.2741996192668186e-05,1.837389112039521e-05,0.009848751319029195,139
VGlut-F-700601,82,70,12,430,70,12,0.00022685909353025918,2.30821527752372e-07,2.7035598461424695e-05,0.00412039596000201,76
VGlut-F-700602,449,92,357,2922,92,357,0.000561756357938232,1.4760025352427413e-05,1.4160873631367135e-05,0.02256168031757198,205
VGlut-F-700603,1414,787,627,10010,787,627,0.017163640944929316,3.3547862196081006e-05,8.264975992167715e-05,0.0710517059444249,352
VGlut-F-700604,37,24,13,94,24,13,0.00021754304968878672,6.247975674634707e-07,1.0784125310561543e-05,0.0018592030551228581,35
VGlut-F-700607,528,222,306,2880,222,306,0.003193659600746713,0.00010156958929395886,5.832316342997689e-05,0.02653133008391538,296
VGlut-F-700608,145,117,28,617,117,28,0.00032702440149155054,2.3100228271734133e-07,3.8740884579369536e-05,0.007286066026832822,102
VGlut-F-700609,279,235,44,1053,235,44,0.0003895725431203404,2.151088512712395e-07,6.24033742126376e-05,0.014019396010250741,148
VGlut-F-700610,750,464,286,7518,464,286,0.005953820098926556,0.004920513209191304,0.0001015618057659155,0.03768654841465253,348
VGlut-F-700611,334,178,156,1615,178,156,0.003283703788064382,7.719791448030209e-06,2.4360212478694226e-05,0.01678307622732526,209
VGlut-F-700612,84,71,13,466,71,13,0.0001729095848568744,9.220275773822022e-08,7.877867137137842e-05,0.004220893422441084,71
VGlut-F-700614,67,38,29,258,38,29,0.00010486468984196956,1.4616656111204296e-07,2.9622558698073037e-05,0.0033666649917089594,61
VGlut-F-700615,217,40,177,991,40,177,0.00025723325842097906,5.557662599300746e-07,1.1741788090854428e-05,0.010903974674639466,173
VGlut-F-800001,556,220,336,3039,220,336,0.006376034970539567,4.0155428782166515e-05,4.639834422664796e-05,0.027938294558062408,345
VGlut-F-800002,262,64,198,1908,64,198,9.805303547596194e-05,4.932306970233756e-08,7.462051314298359e-05,0.013165167579518617,128
VGlut-F-800003,77,29,48,500,29,48,2.259793915589147e-05,2.0735662840184483e-08,2.3561018434411766e-05,0.0038691523039043265,67
VGlut-F-800004,627,197,430,2996,197,430,0.0017562448844388053,1.0308400485242842e-05,3.589493731482242e-05,0.03150595447464952,285
VGlut-F-800005,112,62,50,1040,62,50,0.00025755632120674614,7.858811420621237e-07,2.604049834663442e-05,0.005627857896588111,94
VGlut-F-800006,269,2,267,1080,2,267,9.861861310666099e-06,1.2746457408237602e-07,7.581720011569257e-06,0.013516908698055373,143
VGlut-F-800007,1663,1260,403,14794,1260,403,0.002222290739158978,6.284811750071914e-06,0.000825228461029254,0.08356364001808954,150
VGlut-F-800008,102,62,40,626,62,40,0.00015205661382637888,1.5134031361545814e-07,4.539008833167888e-05,0.005125370584392744,81
VGlut-F-800010,624,591,33,10426,591,33,0.007436457766386176,0.00031902563453056743,0.0006000358119025005,0.03135520828099091,211
VGlut-F-800011,160,70,90,563,70,90,0.0005186061167707998,3.0157428011696725e-06,1.0735309824740707e-05,0.008039796995125872,139
VGlut-F-800012,274,38,236,2211,38,236,0.000984228453836771,4.42778988761175e-06,1.62761353356249e-05,0.013768152354153058,246
VGlut-F-800013,191,91,100,1150,91,100,0.0002453539614078621,6.959647523106458e-07,3.2866405768099425e-05,0.009597507662931512,104
VGlut-F-800014,288,207,81,1142,207,81,0.001814992108375899,6.513463976758238e-05,2.6783665406144024e-05,0.014471634591226572,163
VGlut-F-800015,195,68,127,1117,68,127,0.0005552892436818622,2.4983609144963496e-05,3.7153854267782843e-05,0.009798502587809657,112
VGlut-F-800016,332,83,249,3223,83,249,0.0013856786061947964,8.535282938283292e-06,1.9254708716753404e-05,0.016682578764886186,262
VGlut-F-800017,374,166,208,2220,166,208,0.0004252528493362284,2.624278868694666e-06,0.00011785066490970693,0.01879302547610673,193
VGlut-F-800019,84,56,28,335,56,28,0.0002810699407175843,1.483698916578396e-07,2.145860770223813e-05,0.004220893422441084,75
VGlut-F-800020,49,36,13,260,36,13,0.00012509427094214198,3.1357521901401093e-07,2.7818459929412013e-05,0.0024621878297572987,45
VGlut-F-800021,1094,911,183,9560,911,183,0.013723348319590033,0.000387708036295044,0.00024900829838053106,0.054972111954173154,331
VGlut-F-800022,468,232,236,3196,232,236,0.006078130142524996,1.3350201952170994e-05,2.113298689306372e-05,0.02351640621074318,352
VGlut-F-800024,126,99,27,443,99,27,0.00041353754738178916,3.7167221010961174e-07,4.393571734033019e-05,0.006331340133661625,95
VGlut-F-800025,237,68,169,747,68,169,0.00010017441990970715,1.5600293873789972e-08,1.9796814164437445e-05,0.0119089492990302,150
VGlut-F-800026,219,104,115,1437,104,115,0.001099171669294696,5.844481330052264e-06,0.00010012953562201036,0.011004472137078539,161
VGlut-F-800027,384,263,121,1691,263,121,0.003484590110560822,0.0015129716675265246,2.5054458334771796e-05,0.019295512788302095,296
VGlut-F-800028,837,462,375,6431,462,375,0.007591692734236538,8.693034123597942e-05,0.00011469097166068724,0.042058188030752224,331
VGlut-F-800029,990,641,349,22373,641,349,0.007553665777182488,0.021108567208849377,0.0004045582086326458,0.049746243907341336,348
VGlut-F-800030,536,263,273,2609,263,273,0.002117701016991265,1.184257417767602e-05,4.4848761049827055e-05,0.026933319933671675,208
VGlut-F-800031,169,128,41,791,128,41,0.00047263081778004836,9.932458360236705e-07,1.450595480862777e-05,0.008492035576101703,155
VGlut-F-800033,292,164,128,1233,164,128,0.001419617005909033,1.7860838282273506e-06,3.065201405047335e-05,0.014672629516104718,211
VGlut-F-800034,302,157,145,1586,157,145,0.00035520767611175986,5.051326336472752e-07,8.039117351852134e-05,0.015175116828300085,121
VGlut-F-800035,68,29,39,263,29,39,0.00014099990286450248,9.975326702403297e-08,1.4380994816466097e-05,0.003416913722928496,61
VGlut-F-800036,828,444,384,8636,444,384,0.006551438883603997,0.0002033126375395094,0.00014568342597468545,0.04160594944977639,331
VGlut-F-800037,95,55,40,359,55,40,0.00025356889482367725,7.681183153797076e-08,2.2354805536601984e-05,0.004773629465855987,79
VGlut-F-800038,282,146,136,1497,146,136,0.0002646006081552716,2.9874079156318103e-07,8.205387708120779e-05,0.014170142203909351,121
VGlut-F-800040,90,49,41,372,49,41,0.00020879820946218707,7.546260772581874e-08,2.2406050938512562e-05,0.004522385809758303,73
VGlut-F-800041,490,248,242,3289,248,242,0.006930742450929107,2.4690219068274977e-05,2.767256661296371e-05,0.024621878297572987,352
VGlut-F-800042,106,70,36,539,70,36,0.00017491433662419382,2.2071137485737446e-07,2.4359719596156485e-05,0.005326365509270891,76
VGlut-F-800043,915,441,474,15549,441,474,0.006456629390146877,0.00022681198237712476,0.00021018459724429604,0.04597758906587609,331
VGlut-F-800044,205,147,58,990,147,58,0.0008767948562043047,3.3145304378735277e-06,2.1535372864338177e-05,0.010300989900005025,175
VGlut-F-800045,592,431,161,3321,431,161,0.01164910444563631,4.190075622935875e-05,3.8299403837895755e-05,0.02974724888196573,352
VGlut-F-800046,146,104,42,924,104,42,0.0005473537977249129,2.916003064781556e-06,1.2556736414943704e-05,0.007336314758052359,146
VGlut-F-800047,475,379,96,2991,379,96,0.0024362831733116264,4.865539744828502e-05,5.782905598339519e-05,0.023868147329279936,211
VGlut-F-800048,139,105,34,745,105,34,0.0005319254374597407,2.9789495139324866e-06,1.1746225651989165e-05,0.006984573639515602,139
VGlut-F-800049,502,240,262,3516,240,262,0.006084050074488495,1.1448089354425742e-05,2.1348171465103607e-05,0.025224863072207428,352
VGlut-F-800050,91,69,22,361,69,22,0.00020135782283680874,1.656811424298841e-07,2.8081749929594333e-05,0.0045726345409778405,71
VGlut-F-800051,61,14,47,297,14,47,6.512087813256115e-05,2.9409527796026008e-08,1.064412113530291e-05,0.003065172604391739,60
VGlut-F-800053,218,171,47,891,171,47,0.0006925417455933326,1.4397540368582526e-06,2.314652146332953e-05,0.010954223405859002,161
VGlut-F-800054,340,103,237,1615,103,237,0.0010496682312571227,6.74169170852241e-06,2.1161565695402918e-05,0.01708456861464248,205
VGlut-F-800055,939,739,200,5768,739,200,0.009203486921882326,0.005998693741686694,9.272259106455023e-05,0.04718355861514497,348
VGlut-F-800056,185,81,104,871,81,104,0.0008777447583988717,1.3281620252136717e-05,2.5381881651776443e-05,0.009296015275614291,170
VGlut-F-800057,238,39,199,868,39,199,0.0004170380989800257,7.721746886260164e-07,1.0287076971024542e-05,0.011959198030249736,197
VGlut-F-800059,369,113,256,2259,113,256,0.0014736942915735947,4.720271467101097e-06,2.3157742277270843e-05,0.018541781820009044,295
VGlut-F-800060,352,242,110,1682,242,110,0.003836458500966826,2.6948492588782254e-05,5.780628898248291e-05,0.01768755338927692,257
VGlut-F-800061,267,123,144,985,123,144,0.0011018416941321167,3.00964104544006e-05,1.3759650405841725e-05,0.0134164112356163,202
VGlut-F-800062,346,79,267,1298,79,267,0.001412305124809462,2.9202627743687712e-05,1.3566321248303533e-05,0.0173860610019597,208
VGlut-F-800063,474,185,289,4135,185,289,0.004772721913016746,8.170944580056091e-06,1.875478477382878e-05,0.0238178985980604,352
VGlut-F-800064,256,105,151,1235,105,151,0.0009157480914818619,9.229500305929548e-06,1.6968300847166932e-05,0.012863675192201397,203
VGlut-F-800065,309,68,241,1773,68,241,0.0010122051606648397,1.0485209528358507e-05,1.1533667846330006e-05,0.015526857946836843,249
VGlut-F-800066,874,433,441,13480,433,441,0.006360061603678462,0.00023172925067806705,0.00016724914227604117,0.043917391085875085,331
VGlut-F-800067,263,200,63,1321,200,63,0.0011649486077137255,7.953957918165693e-06,2.5518843738263893e-05,0.013215416310738155,195
VGlut-F-800068,237,133,104,984,133,104,0.0010582012443699062,1.7357654648649793e-05,2.578109530589513e-05,0.0119089492990302,195
VGlut-F-800069,347,91,256,1449,91,256,0.000446985552768473,9.287435412275492e-07,1.7305191604025663e-05,0.017436309733179237,181
VGlut-F-800070,439,153,286,1933,153,286,0.0022681825444566895,5.151990872806948e-06,1.8089291537277232e-05,0.022059193005376614,237
VGlut-F-800071,240,169,71,1239,169,71,0.0008292955359478266,2.106781984590181e-06,1.8712535383670207e-05,0.01205969549268881,196
VGlut-F-800072,379,309,70,1821,309,70,0.0012839804353916829,1.3088478897917838e-05,5.371837469587282e-05,0.019044269132204413,207
VGlut-F-800073,276,209,67,1023,209,67,0.005417140352437999,7.580222013442333e-05,2.5610676595908745e-05,0.013868649816592131,176
VGlut-F-800074,198,29,169,899,29,169,0.0001573147720674562,3.1021884815201286e-07,1.0598079776552629e-05,0.009949248781468268,181
VGlut-F-800075,225,166,59,1065,166,59,0.0006768811533312581,2.252689616745977e-06,2.0554167191033272e-05,0.01130596452439576,178
VGlut-F-800076,98,40,58,424,40,58,0.00016422832918008655,1.1361847940867445e-07,1.0559057163584387e-05,0.004924375659514597,87
VGlut-F-800077,67,46,21,268,46,21,0.0001261747614696606,7.715741126101118e-08,2.671115173927276e-05,0.0033666649917089594,64
VGlut-F-800080,77,49,28,396,49,28,0.00014194588700172374,9.21376920070695e-08,2.580609596959321e-05,0.0038691523039043265,67
VGlut-F-800081,551,407,144,4975,407,144,0.0009055037070039219,2.8303695360754644e-06,0.000538097868110568,0.027687050901964726,133
VGlut-F-800082,543,199,344,2864,199,344,0.003307678723094264,9.514613353640071e-06,5.5418358289651234e-05,0.02728506105220843,294
VGlut-F-800083,790,609,181,5178,609,181,0.013603665668285858,2.9238425548207533e-05,5.34819479270479e-05,0.039696497663434,352
VGlut-F-800084,570,221,349,3610,221,349,0.0029861349769917406,3.135826033872955e-05,4.597510080816247e-05,0.028641776795135923,296
VGlut-F-800085,455,172,283,3932,172,283,0.004366534432846175,1.092153426118643e-05,1.6625952011591353e-05,0.0228631727048892,352
VGlut-F-800086,359,211,148,1972,211,148,0.005750332045866042,1.2432573064353912e-05,2.3803849507235924e-05,0.018039294507813677,334
VGlut-F-800087,419,263,156,2610,263,156,0.007500595480329189,2.2432162201783605e-05,2.8106146531607586e-05,0.02105421838098588,352
VGlut-F-800088,127,70,57,673,70,57,8.708101483444658e-05,5.495164402158059e-08,4.908860358596576e-05,0.006381588864881162,77
VGlut-F-800089,529,484,45,2553,484,45,0.005132061940532249,0.0010175768072716999,6.238764217089259e-05,0.02658157881513492,295
VGlut-F-800090,75,43,32,300,43,32,0.0001486080773042397,5.225510326366453e-08,3.4369947769225185e-05,0.003768654841465253,65
VGlut-F-800091,193,100,93,917,100,93,0.0014081284973805753,2.5956009032792807e-05,2.571670816838691e-05,0.009698005125370585,168
VGlut-F-800092,903,450,453,9321,450,453,0.006962445664891847,0.00012807447923784642,0.00013089507314504947,0.04537460429124165,331
VGlut-F-800093,163,43,120,1225,43,120,8.509117488754179e-05,2.4522379641184444e-07,1.4503231984130504e-05,0.008190543188784483,121
VGlut-F-800094,157,47,110,962,47,110,0.00031338756551417215,4.851735165595667e-07,2.0363631886939286e-05,0.007889050801467262,142
VGlut-F-800095,376,53,323,3407,53,323,0.0009090550948263346,2.1162637997261694e-06,1.2359521740514061e-05,0.018893522938545803,292
VGlut-F-800096,128,54,74,620,54,74,0.0009065606216082742,9.158202451253381e-05,1.069400339711752e-05,0.0064318375961006985,127
VGlut-F-800097,186,119,67,1087,119,67,0.0004995814742009618,1.7998139142832753e-06,1.4157847066331466e-05,0.009346264006833827,181
VGlut-F-800098,4,1,3,10,1,3,3.211617301205522e-07,3.619314038182112e-11,7.993257398064336e-06,0.00020099492487814683,4
VGlut-F-800099,80,60,20,256,60,20,0.00022125431488659414,7.64067661895103e-08,1.6970707085779653e-05,0.004019898497562936,72
VGlut-F-800100,80,44,36,312,44,36,0.0001305390714387762,1.1295866840235015e-07,1.1645614530953358e-05,0.004019898497562936,73
VGlut-F-800102,180,145,35,950,145,35,0.0007146805640176295,3.372043432998083e-06,1.480782913487315e-05,0.009044771619516606,177
VGlut-F-800103,870,450,420,8739,450,420,0.007437474150824794,0.00011900247876058654,0.0001212549921031758,0.043716396160996936,331
VGlut-F-800104,122,90,32,555,90,32,0.0003855879655676564,9.211243376913744e-07,1.1199569529937307e-05,0.006130345208783478,122
VGlut-F-800105,198,120,78,849,120,78,0.00043541030096050506,1.5599746603172332e-06,1.634740950444809e-05,0.009949248781468268,138
VGlut-F-800106,236,161,75,1914,161,75,0.0013487998568981116,3.704792539296862e-06,3.061433669490361e-05,0.011858700567810663,198
VGlut-F-800108,145,65,80,988,65,80,0.00021696944775499133,1.0697013732776677e-06,2.8693076895506548e-05,0.007286066026832822,113
VGlut-F-800109,240,174,66,1394,174,66,0.0022668968468857434,2.0723860870038628e-06,3.3430077669627745e-05,0.01205969549268881,198
VGlut-F-800111,20,12,8,53,12,8,2.276813484573162e-05,7.390394302062909e-09,1.0010051097558968e-05,0.001004974624390734,19
VGlut-F-800113,16,3,13,35,3,13,1.5338765729466245e-05,1.5378878689281937e-09,8.175221877548602e-06,0.0008039796995125873,16
VGlut-F-800114,118,60,58,775,60,58,0.00018927179200832117,7.56241728093872e-07,2.581004047089786e-05,0.0059293502839053314,98
VGlut-F-800115,955,441,514,8896,441,514,0.006694996872628022,0.00010188104856104703,0.0001282951704983086,0.04798753831465755,331
VGlut-F-800116,725,630,95,5144,630,95,0.00781790389566368,0.004576257170800016,0.00013466719845218905,0.036430330134164114,346
VGlut-F-800118,193,154,39,1046,154,39,0.0011094041828525584,6.3435014249381224e-06,2.0117613986056442e-05,0.009698005125370585,166
VGlut-F-800120,588,401,187,4165,401,187,0.004781094375687647,0.00010752493114114015,7.67538058799575e-05,0.029546253957087584,306
VGlut-F-800121,154,75,79,833,75,79,0.0004084847596139252,1.672865771148231e-06,1.0615535727828723e-05,0.007738304607808653,152
VGlut-F-800122,119,99,20,362,99,20,0.0014177969019217153,1.0450178235535895e-05,1.3992837025041825e-05,0.005979599015124868,118
VGlut-F-800123,277,178,99,1191,178,99,0.0009074801827616053,3.7728185677050874e-06,3.392494149666322e-05,0.013918898547811668,201
VGlut-F-800124,126,91,35,656,91,35,0.0004925232191087173,3.262433912953415e-06,1.0659162090238088e-05,0.006331340133661625,126
VGlut-F-800125,158,19,139,912,19,139,0.0001927218361439045,2.061689701157332e-06,8.772819396384496e-06,0.0079392995326868,158
VGlut-F-800126,166,126,40,659,126,40,0.00045808266031874766,5.159618286584356e-07,3.1460147983250105e-05,0.008341289382443093,99
VGlut-F-800127,359,135,224,1550,135,224,0.0030356202658444816,1.1285823693916876e-05,3.1940734818222663e-05,0.018039294507813677,217
VGlut-F-800128,211,72,139,921,72,139,0.0005909974929978008,5.06199012150097e-06,1.0194849898775385e-05,0.010602482287322246,205
VGlut-F-800129,80,58,22,242,58,22,0.0002211545650837278,1.0564212411032693e-07,1.6048449184187058e-05,0.004019898497562936,72
VGlut-F-800130,547,237,310,6108,237,310,0.0033309263311378417,0.00086169245925743,3.00282120452877e-05,0.027486055977086577,348
VGlut-F-800131,251,32,219,2290,32,219,0.00015453503120473188,7.693966374644555e-07,1.060640881951103e-05,0.012612431536103714,224
VGlut-F-800133,774,343,431,3255,343,431,0.010002347714285926,0.0004848543720116707,6.453683228071152e-05,0.03889251796392141,284
VGlut-F-800134,662,149,513,4581,149,513,0.00340786625958141,3.767884792657973e-06,1.9695315093738106e-05,0.0332646600673333,352
VGlut-F-800135,513,224,289,3912,224,289,0.00553167063173672,1.2518353379489168e-05,1.8782306154683267e-05,0.02577759911562233,352
VGlut-F-800136,505,261,244,2904,261,244,0.004259312685673822,3.8265884550410275e-05,7.797853232091257e-05,0.025375609265866038,312
VGlut-F-800137,463,180,283,3387,180,283,0.004518241052621549,1.4343441892553075e-05,1.7165649092466143e-05,0.023265162554645495,352
VGlut-F-800138,272,182,90,2251,182,90,0.0003888232157371299,1.6786417247830075e-06,8.283194389267472e-05,0.013667654891713983,121
VGlut-F-800140,9,7,2,30,7,2,8.933800050978857e-06,8.698526123422239e-10,9.943051174123849e-06,0.00045223858097583037,9
VGlut-F-800141,368,259,109,2300,259,109,0.007057725520152746,1.6677106835478564e-05,2.81906728090322e-05,0.018491533088789508,344
VGlut-F-800142,783,380,403,7779,380,403,0.006017799915353142,9.660772010194986e-05,9.564772712094809e-05,0.03934475654489724,331
VGlut-F-800143,158,118,40,719,118,40,0.0005062706968216609,1.1153362833051146e-06,1.2800475389540734e-05,0.0079392995326868,157
VGlut-F-800144,153,131,22,590,131,22,0.001657276681871057,1.5389959520364395e-06,2.2180241132714176e-05,0.0076880558765891165,147
VGlut-F-800146,617,499,118,3319,499,118,0.007137035256307138,0.004182304489362324,4.687410832828731e-05,0.031003467162454147,348
VGlut-F-800147,120,68,52,332,68,52,0.000682650388756759,6.327237376633488e-06,1.0311089181345231e-05,0.006029847746344405,118
VGlut-F-800148,241,51,190,1528,51,190,0.0006744574896764875,7.211084720329958e-06,1.4324166832933252e-05,0.012109944223908346,208
VGlut-F-800149,216,158,58,1507,158,58,0.0005288326854705995,6.973742645150036e-07,7.522863850927298e-05,0.010853725943419929,114
VGlut-F-800151,45,33,12,170,33,12,6.530870331792214e-05,5.672916366119417e-08,2.398194013792696e-05,0.0022611929048791516,42
VGlut-F-800152,176,30,146,1872,30,146,0.00010851986852161794,4.661765533100917e-07,1.5762990727367853e-05,0.00884377669463846,121
VGlut-F-800153,425,246,179,2592,246,179,0.0038752512883502475,2.1470823020385075e-05,6.866125084589218e-05,0.0213557107683031,205
VGlut-F-800154,663,454,209,3473,454,209,0.011158683596353074,1.5002307125963157e-05,3.539556036953998e-05,0.03331490879855284,352
VGlut-F-800155,123,67,56,316,67,56,0.0016015312592914906,1.8310952330584723e-06,1.1832249159966391e-05,0.0061805939400030145,122
VGlut-F-800156,73,13,60,281,13,60,1.6240707489561233e-05,4.694413809489629e-09,1.3739517101205058e-05,0.0036681573790261794,63
VGlut-F-800157,38,22,16,132,22,16,6.795477932527011e-05,8.114271996802434e-08,1.0561700608974374e-05,0.0019094517863423948,38
VGlut-F-800158,315,246,69,1111,246,69,0.0045047319623366935,2.9243939645410493e-05,2.6552460698714237e-05,0.015828350334154064,190
VGlut-F-800159,337,74,263,1150,74,263,0.0013612688872263285,1.3513773413268441e-06,1.3220085613109078e-05,0.01693382242098387,161
VGlut-F-800160,302,123,179,1594,123,179,0.0004228331851703532,7.401223383023458e-07,5.459413911002923e-05,0.015175116828300085,148
VGlut-F-800161,206,22,184,718,22,184,7.542102753803877e-05,1.8983630202454342e-08,8.871942242535017e-06,0.010351238631224561,148
VGlut-F-800162,84,37,47,330,37,47,0.0002074673085783716,9.732938541462982e-08,1.296977559823081e-05,0.004220893422441084,78
VGlut-F-800163,41,22,19,141,22,19,6.454743599765647e-05,5.069169882818528e-08,1.951264508901634e-05,0.002060197980001005,38
VGlut-F-800166,52,34,18,237,34,18,6.0664120049727036e-05,6.679611339531628e-08,1.3446438750037927e-05,0.002612934023415909,51
VGlut-F-800168,12,11,1,32,11,1,5.196182241421178e-05,7.486028505987195e-08,1.021888715450596e-05,0.0006029847746344405,12
VGlut-F-800172,112,98,14,320,98,14,0.0005081726410040582,2.0609386495303282e-07,4.351750299050412e-05,0.005627857896588111,84
VGlut-F-800175,313,234,79,1085,234,79,0.0062468661766802575,9.918315743811188e-05,2.5050745642430262e-05,0.01572785287171499,189
VGlut-F-800177,87,52,35,329,52,35,0.00019312390429104457,7.569346516846994e-08,1.6991623745519235e-05,0.004371639616099694,77
VGlut-F-800178,139,105,34,614,105,34,0.0003433570415716109,2.9878310775005813e-07,3.304996721410126e-05,0.006984573639515602,101
VGlut-F-800185,14,13,1,36,13,1,3.598800460914788e-05,1.6954856314288785e-08,1.2175057276788423e-05,0.0007034822370735139,13
VGlut-F-800191,95,56,39,360,56,39,0.00013034721344368577,8.685795852995595e-08,2.576682809720317e-05,0.004773629465855987,71
VGlut-F-800193,8,5,3,24,5,3,1.0167220721909325e-05,2.7440181204037846e-09,1.0918346905459965e-05,0.00040198984975629365,8
VGlut-F-800196,56,54,2,177,54,2,6.715872256731435e-05,3.2077387983887185e-08,2.3057524553266437e-05,0.0028139289482940555,56
VGlut-F-800197,10,8,2,18,8,2,4.214637478719197e-05,4.012395902862731e-08,8.302649079074173e-06,0.000502487312195367,9
VGlut-F-800198,105,62,43,733,62,43,0.00024362407912778344,1.4096083041046307e-06,2.5764950663964226e-05,0.005276116778051354,89
VGlut-F-800199,491,241,250,3724,241,250,0.006357182522254158,1.459769503845005e-05,2.58156788077631e-05,0.024672127028792522,352
VGlut-F-800200,636,299,337,5783,299,337,0.007587265371001053,4.166171407747421e-05,4.3620565196244616e-05,0.03195819305562535,352
VGlut-F-800201,1379,407,972,13126,407,972,0.008197269286809071,7.757960625352218e-05,0.00015676807722119298,0.06929300035174112,352
VGlut-F-800202,78,51,27,551,51,27,0.0001309539339973327,7.066226142295071e-07,4.589293579454997e-05,0.003919401035123863,55
VGlut-F-800203,1395,428,967,8676,428,967,0.0063220772796906905,0.00160091036426338,7.788738598988947e-05,0.07009698005125371,344
VGlut-F-800205,100,60,40,253,60,40,0.00024292030248216086,2.5761972204083503e-07,9.540108925423355e-06,0.00502487312195367,98
VGlut-F-800206,805,417,388,8924,417,388,0.005919147773685832,0.00015019111082256097,0.00014129051381956442,0.04045022863172705,331
VGlut-F-800207,183,24,159,1254,24,159,0.0002643481171853843,2.737760152824576e-07,1.2898912612587438e-05,0.009195517813175217,166
VGlut-F-800208,50,37,13,135,37,13,0.0003540202986383141,2.7441399479097516e-07,9.14502583806656e-06,0.002512436560976835,50
VGlut-F-800209,172,17,155,1427,17,155,4.6648415768399646e-05,1.1249344830980951e-07,1.2252055476325953e-05,0.008642781769760313,114
VGlut-F-800210,35,10,25,133,10,25,1.0717598661964758e-05,6.301957402781293e-09,1.2916435090498335e-05,0.0017587055926837848,28
VGlut-F-800211,161,119,42,787,119,42,0.0005849024064788075,1.3035473370538685e-06,1.587927098141675e-05,0.00809004572634541,139
VGlut-F-800214,91,71,20,326,71,20,0.0002161552742260484,1.4886028240848742e-07,2.6274039150292542e-05,0.0045726345409778405,78
VGlut-F-800215,9,6,3,27,6,3,5.087659849062692e-05,5.894252799892208e-08,9.768313429797003e-06,0.00045223858097583037,9
VGlut-F-800219,95,38,57,315,38,57,0.00018621425252196778,2.258789691549467e-07,1.6863232583622054e-05,0.004773629465855987,85
VGlut-F-800220,651,236,415,4127,236,415,0.0035104608751642323,3.0266533040908018e-05,4.885658541023358e-05,0.0327119240239184,300
VGlut-F-800221,1180,360,820,7001,360,820,0.004630940183798853,0.00014371126587309059,0.00017546026897084687,0.05929350283905331,352
VGlut-F-800222,84,64,20,336,64,20,0.00023369241808928175,3.905564055444205e-07,3.1902192796800904e-05,0.004220893422441084,71
VGlut-F-800224,240,123,117,1144,123,117,0.0014345215351281662,7.86523494283658e-06,2.2900968951178873e-05,0.01205969549268881,150
VGlut-F-800228,63,30,33,253,30,33,4.45664533402629e-05,3.552653227811218e-08,1.1982541474889925e-05,0.0031656700668308124,63
VGlut-F-800231,8,6,2,21,6,2,1.628608879740211e-06,1.8399113233586057e-10,2.7253488080585657e-05,0.00040198984975629365,7
VGlut-F-800233,89,44,45,290,44,45,0.00012361570651377063,1.0308142583140097e-07,1.3645022496857498e-05,0.004472137078538767,75
VGlut-F-800234,227,169,58,1150,169,58,0.0004955487612622546,5.770567555995714e-07,5.239682590370907e-05,0.011406461986834832,120
VGlut-F-800236,85,19,66,343,19,66,0.00017081139364755844,3.969483757444999e-08,9.881371831770786e-06,0.00427114215366062,82
VGlut-F-800239,638,571,67,4088,571,67,0.007044486666464075,0.0039254324936305865,0.00012606923272974466,0.03205869051806442,344
VGlut-F-800240,471,180,291,4031,180,291,0.004710490443678032,4.737903605717242e-06,1.609833758515942e-05,0.02366715240440179,352
VGlut-F-800241,98,67,31,463,67,31,0.00015432354154081468,2.0395324504328327e-07,2.358226362138837e-05,0.004924375659514597,78
VGlut-F-800242,4,3,1,10,3,1,4.348156565185814e-06,1.1016256629084898e-09,7.921110045139656e-06,0.00020099492487814683,4
VGlut-F-800243,82,72,10,289,72,10,0.00022591464323651735,1.7187598241700873e-07,2.1760898439012804e-05,0.00412039596000201,73
VGlut-F-800246,125,96,29,495,96,29,0.00034005745884738804,3.905698124188032e-07,2.5323946501104813e-05,0.006281091402442088,92
VGlut-F-800247,209,151,58,1426,151,58,0.0009358369439550735,2.168654836139187e-05,1.928853295165806e-05,0.010501984824883171,202
VGlut-F-800248,392,167,225,2017,167,225,0.002500548239773928,8.4621371292242e-05,4.6068278805062174e-05,0.01969750263805839,293
VGlut-F-800249,140,118,22,468,118,22,0.0030793970742850046,1.3494116078229661e-05,1.5359046953001454e-05,0.007034822370735139,129
VGlut-F-800250,1361,1189,172,13341,1189,172,0.03149159154678272,6.981511822238674e-05,0.00017148293884145194,0.06838852318978945,352
VGlut-F-800252,366,85,281,1372,85,281,0.0006882200868233416,4.7079974444336225e-06,1.4744969676662023e-05,0.018391035626350433,263
VGlut-F-800253,677,152,525,2627,152,525,0.0035068205027284894,4.0919238110985775e-06,3.5165609837429585e-05,0.03401839103562635,312
VGlut-F-800254,302,27,275,2076,27,275,0.0004412655757820729,4.364224299562307e-06,9.20763599442737e-06,0.015175116828300085,239
VGlut-F-800256,227,175,52,1505,175,52,0.002927342288730237,4.365815461383182e-06,2.8917901132770777e-05,0.011406461986834832,196
VGlut-F-800257,214,69,145,1303,69,145,0.0004982446108616079,3.811310728865706e-06,1.117171811558837e-05,0.010753228480980856,205
VGlut-F-800258,260,224,36,1208,224,36,0.003262603018091282,2.2335742590122533e-05,2.2219669724183793e-05,0.013064670117079544,212
VGlut-F-800259,308,230,78,1638,230,78,0.001175429492095005,1.0267969711855982e-05,3.144292996097584e-05,0.015476609215617306,200
VGlut-F-800260,862,637,225,4404,637,225,0.016513004056157847,2.0342165645071704e-05,4.061921507103061e-05,0.043314406311240644,352
VGlut-F-800261,1121,862,259,39559,862,259,0.00977639222532911,0.04652135664396066,0.0010869992617183852,0.056328827697100646,348
VGlut-F-800263,1089,831,258,9245,831,258,0.01051679051782291,0.011786696966227493,0.0001303374842883993,0.05472086829807547,348
VGlut-F-800264,913,500,413,12655,500,413,0.006969053951923821,0.0002238775960030059,0.00018394115059694905,0.04587709160343701,331
VGlut-F-800265,91,63,28,308,63,28,0.00029584405701898515,1.8884580140408494e-07,2.1750485952178566e-05,0.0045726345409778405,80
VGlut-F-800266,110,74,36,563,74,36,0.00025410483783942973,1.7735834424055592e-07,1.992845627601577e-05,0.005527360434149038,95
VGlut-F-800267,212,159,53,719,159,53,0.001263372859899616,1.0247053703616493e-05,4.361762233418057e-05,0.010652731018541781,141
VGlut-F-800268,385,234,151,1958,234,151,0.0060760674031066445,9.669321261004329e-06,1.8613441436261056e-05,0.019345761519521634,352
VGlut-F-800270,399,263,136,2508,263,136,0.0023317408277947257,4.756298611227193e-05,3.490347153803876e-05,0.020049243756595145,229
VGlut-F-800271,163,122,41,419,122,41,0.0017032140232404976,7.481742193183634e-06,3.2027920320969305e-05,0.008190543188784483,145
VGlut-F-800273,597,412,185,4440,412,185,0.005527042747704417,0.005274060371315965,4.4896252884805854e-05,0.029998492538063415,348
VGlut-F-800274,657,39,618,3182,39,618,0.00046767633692471305,2.7541633516895396e-07,9.646112041180636e-06,0.03301341641123562,297
VGlut-F-800275,144,113,31,634,113,31,0.000550504358818462,2.7130778483230914e-06,1.1948092045211424e-05,0.007235817295613286,144
VGlut-F-800276,233,99,134,1001,99,134,0.0009064440790386021,8.130632951658897e-05,1.1982950328834718e-05,0.011707954374152053,205
VGlut-F-800278,490,249,241,3580,249,241,0.006696470704572618,1.623099660853839e-05,2.6215210056518602e-05,0.024621878297572987,352
VGlut-F-800279,55,23,32,258,23,32,5.358400935871783e-05,8.824101945167322e-08,1.0312579526473719e-05,0.002763680217074519,54
VGlut-F-800280,242,107,135,1019,107,135,0.0006504807432337055,3.4911626039737814e-06,2.948501209856147e-05,0.012160192955127883,193
VGlut-F-800281,434,192,242,3252,192,242,0.004550688655934853,6.248821477426801e-06,1.9187902949677625e-05,0.021807949349278932,352
VGlut-F-800283,826,400,426,10439,400,426,0.0062618966268693345,0.00017168998033230979,0.00013044235491278317,0.04150545198733732,331
VGlut-F-800284,295,187,108,2007,187,108,0.0013197822674036852,2.5697640516541422e-05,2.3478264779629982e-05,0.014823375709763328,205
VGlut-F-800285,169,76,93,1537,76,93,0.0001806057520018954,2.6463088424099712e-06,3.642669992033705e-05,0.008492035576101703,121
VGlut-F-800286,210,22,188,1853,22,188,0.00029432753711722997,9.017012838574841e-08,9.687928952899937e-06,0.010552233556102708,202
VGlut-F-800287,154,35,119,573,35,119,0.00040769068278434013,0.00012601927182583482,8.99654522053582e-06,0.007738304607808653,151
VGlut-F-800288,191,17,174,1482,17,174,0.00011770876674272532,5.0307476591010484e-08,8.8381691358862e-06,0.009597507662931512,183
VGlut-F-800289,274,88,186,1566,88,186,0.0008440284441435411,5.30199090305201e-06,1.4015734986838347e-05,0.013768152354153058,213
VGlut-F-800290,228,132,96,1305,132,96,0.0007694582200392547,7.3333666112256556e-06,1.7982543843249644e-05,0.01145671071805437,205
VGlut-F-800291,644,425,219,3781,425,219,0.005424154278294345,0.0031260578597441906,7.328406155805981e-05,0.03236018290538164,344
VGlut-F-800292,129,73,56,570,73,56,0.0011933157551799352,0.00020334077901134167,1.1964903561971965e-05,0.006482086327320235,126
VGlut-F-800293,118,85,33,949,85,33,0.0005500035783320951,8.119705766517515e-06,8.454724271713396e-05,0.0059293502839053314,95
VGlut-F-800295,261,199,62,1062,199,62,0.0010083302974793322,3.4903690106420557e-06,2.6933918434784576e-05,0.01311491884829908,191
VGlut-F-800296,5,4,1,15,4,1,1.6799520190742595e-06,2.1427687868350314e-10,9.893032041163056e-06,0.0002512436560976835,5
VGlut-F-800297,3,1,2,18,1,2,5.2104170338898394e-08,4.635537077410957e-13,9.16340825798883e-06,0.0001507461936586101,3
VGlut-F-800298,155,129,26,821,129,26,0.0004075698176400114,3.5113736793365846e-07,4.233223024339601e-05,0.007788553339028189,108
VGlut-F-800300,128,113,15,563,113,15,0.0003825418894579651,3.047838182330337e-07,3.7754357628300405e-05,0.0064318375961006985,98
VGlut-F-800302,255,85,170,1132,85,170,0.0003277461050775382,2.466443255234428e-07,8.202822016629207e-05,0.01281342646098186,150
VGlut-F-800303,243,167,76,1590,167,76,0.0021906540145051386,3.440050103407813e-06,2.775853153890919e-05,0.01221044168634742,200
VGlut-F-800304,611,292,319,6429,292,319,0.0038969022198338866,0.0029465443105901627,2.6682907482946535e-05,0.030701974775136927,348
VGlut-F-800305,70,30,40,265,30,40,0.00017205670077345393,1.4001512317625866e-07,1.2969724993554859e-05,0.0035174111853675696,68
VGlut-F-800306,151,92,59,629,92,59,0.0008269661287244674,4.9364424261326795e-06,1.435254569446653e-05,0.007587558414150043,149
VGlut-F-800308,482,171,311,7479,171,311,0.002539016498629527,0.0007539882559181719,1.863743059971909e-05,0.024219888447816692,348
VGlut-F-800309,14,8,6,66,8,6,2.0151713958846834e-05,8.429343881356147e-09,4.153668821529433e-05,0.0007034822370735139,13
VGlut-F-800310,103,65,38,668,65,38,0.0003083732284241186,2.536997326732387e-07,2.8394301096047464e-05,0.0051756193156122805,79
VGlut-F-800311,95,62,33,366,62,33,0.00017762902241494924,1.4847735425956118e-07,3.400873696289339e-05,0.004773629465855987,74
VGlut-F-800313,227,142,85,968,142,85,0.0025447855935175024,3.970244491007267e-05,2.347369399218477e-05,0.011406461986834832,186
VGlut-F-800314,143,131,12,712,131,12,0.0004852888596281489,4.388678148091919e-07,6.198347680977747e-05,0.0071855685643937494,103
VGlut-F-800315,197,6,191,520,6,191,1.9580029883934275e-05,3.502009747261505e-08,7.642358100212072e-06,0.009899000050248732,142
VGlut-F-800317,208,87,121,910,87,121,0.0004599525612337774,1.282808819627388e-06,1.627271803881156e-05,0.010451736093663636,177
VGlut-F-800318,544,107,437,2265,107,437,0.0007897754995793129,2.671692738851664e-05,1.8816550151934297e-05,0.027335309783427967,236
VGlut-F-800319,216,175,41,776,175,41,0.00042628692949599027,2.4062501241341975e-07,5.98649334572291e-05,0.010853725943419929,119
VGlut-F-800321,405,206,199,1954,206,199,0.003008676026571368,3.9359536400919036e-06,3.2965375811654644e-05,0.020350736143912366,209
VGlut-F-800322,162,92,70,505,92,70,0.0012184097326252785,1.1594918891632299e-05,1.3945185361828317e-05,0.008140294457564947,139
VGlut-F-800323,351,245,106,2021,245,106,0.0009447851302109928,2.7521361277394222e-06,3.037572042686938e-05,0.017637304658057382,211
VGlut-F-800324,110,34,76,592,34,76,0.0005727617551315185,7.022306256980659e-05,1.0410145026144951e-05,0.005527360434149038,109
VGlut-F-800325,528,339,189,3438,339,189,0.00470116204881531,0.0023360375241260373,6.694549379122074e-05,0.02653133008391538,344
VGlut-F-800326,120,32,88,573,32,88,0.0002016947291815597,3.3643324947870343e-06,1.148933708308383e-05,0.006029847746344405,97
VGlut-F-800327,8,6,2,21,6,2,2.4598941224705696e-06,4.0715158340135e-10,9.141763563698915e-06,0.00040198984975629365,8
VGlut-F-800328,1331,425,906,8964,425,906,0.008808927511928586,4.570872843194909e-06,2.9720344466493825e-05,0.06688106125320335,352
VGlut-F-800329,303,240,63,1533,240,63,0.0013196790165858183,7.56257009603216e-06,2.9458053780807808e-05,0.015225365559519623,211
VGlut-F-800330,498,224,274,3548,224,274,0.006168013560449385,1.1404409711413697e-05,2.4279625436624172e-05,0.02502386814732928,352
VGlut-F-900000,1615,1226,389,14720,1226,389,0.0021811597381926305,8.252171151515362e-06,0.0008447973879820753,0.08115170091955178,150
VGlut-F-900001,147,91,56,1216,91,56,0.00026291598621537815,1.179945583366514e-06,4.4652849121434216e-05,0.007386563489271896,113
VGlut-F-900003,138,98,40,489,98,40,0.0003754986599268469,4.3823976853198777e-07,2.8622761015544467e-05,0.0069343249082960655,103
VGlut-F-900004,176,126,50,403,126,50,0.0002091305651709087,8.543407808708041e-08,2.317162049412896e-05,0.00884377669463846,147
VGlut-F-900005,290,234,56,2198,234,56,0.0003861577011195338,8.417945936962831e-07,0.0001714026564656057,0.014572132053665645,109
VGlut-F-900006,195,125,70,661,125,70,0.0012037629225567998,3.946612304658412e-05,1.4310059912264916e-05,0.009798502587809657,146
VGlut-F-900008,40,3,37,251,3,37,1.6269713294042665e-06,1.5986703927272555e-09,8.998865527841482e-06,0.002009949248781468,34
VGlut-F-900009,81,63,18,395,63,18,0.00017708344012173712,1.536943748156405e-07,2.437835611263553e-05,0.0040701472287824735,65
VGlut-F-900010,612,400,212,2930,400,212,0.00403984991211061,7.054377038877603e-05,0.00013185463724410814,0.030752223506356466,209
VGlut-F-900011,232,80,152,744,80,152,0.00013527120096956528,5.7627886545279116e-08,1.9467416496941755e-05,0.011657705642932515,150
VGlut-F-900012,409,33,376,4790,33,376,2.554471089836906e-05,1.0018864348355225e-08,7.537769943119461e-05,0.02055173106879051,109
VGlut-F-900013,379,161,218,1753,161,218,0.0007655717795144805,2.237985714655398e-06,5.5251292398915956e-05,0.019044269132204413,200
VGlut-F-900014,590,42,548,2386,42,548,0.0006167230536779745,3.8431147133472395e-06,1.0848270550305424e-05,0.029646751419526655,298
VGlut-F-900015,580,30,550,2719,30,550,0.0003130549683937373,1.4561101899372148e-05,2.0208509951614302e-05,0.02914426410733129,184
VGlut-F-900016,391,250,141,2085,250,141,0.0029492906973984006,1.4972177191073129e-05,4.109950024237201e-05,0.019647253906838854,240
VGlut-F-900017,65,45,20,259,45,20,0.00014379071997206884,3.1766232610983357e-07,1.6226592336288837e-05,0.003266167529269886,56
VGlut-F-900018,321,117,204,1436,117,204,0.00021685949954027505,2.21124206968727e-07,7.14182554621297e-05,0.016129842721471284,129
VGlut-F-900019,95,35,60,500,35,60,0.00010089434775573763,1.8280728123029668e-07,2.801475763662786e-05,0.004773629465855987,73
VGlut-F-900020,97,35,62,427,35,62,6.0325868532310304e-05,2.7202217747576358e-08,2.4383779908061357e-05,0.004874126928295061,81
VGlut-F-900021,253,73,180,1414,73,180,0.00028845833152506495,1.310246793402282e-06,3.615465464483606e-05,0.012712928998542787,109
VGlut-F-900023,93,66,27,384,66,27,0.00022170032882858065,1.6345303623204973e-07,1.746577942062895e-05,0.0046731320034169134,82
VGlut-F-900024,94,3,91,577,3,91,1.411762270510011e-05,1.3285512988301804e-09,7.710183656531862e-06,0.004723380734636451,91
VGlut-F-900025,184,115,69,1485,115,69,0.0003487943072744779,1.5962717661511138e-06,6.818546832294451e-05,0.009245766544394754,109
VGlut-F-900026,716,326,390,4440,326,390,0.003720046514455144,1.363973896089387e-05,0.0001007889524872929,0.035978091553188284,320
VGlut-F-900027,160,157,3,454,157,3,0.0013844030864445037,1.491303862123016e-05,1.9758227414370704e-05,0.008039796995125872,136
VGlut-F-900028,350,94,256,1980,94,256,0.0010616299704462341,8.986871709269512e-05,3.3861195183832645e-05,0.017587055926837847,205
VGlut-F-900029,873,647,226,5258,647,226,0.008638074267164975,0.006714598709732219,7.062959659085917e-05,0.043867142354655546,348
VGlut-F-900030,128,72,56,618,72,56,0.00027247100525591396,9.570403613541596e-07,2.8370656431852466e-05,0.0064318375961006985,99
VGlut-F-900031,442,217,225,3082,217,225,0.002902758883044953,4.432020647447131e-05,5.013536288422521e-05,0.022209939199035224,293
VGlut-F-900032,432,254,178,2834,254,178,0.006458668545686744,1.8265218943819223e-05,2.2332714503735304e-05,0.021707451886839858,352
VGlut-F-900033,182,141,41,722,141,41,0.0036762581552742843,4.005049999634577e-06,0.0001605799022452299,0.009145269081955681,161
VGlut-F-900034,114,94,20,405,94,20,0.00022200514031673035,2.078756487064106e-07,3.825201739864884e-05,0.005728355359027185,90
VGlut-F-900035,772,405,367,11747,405,367,0.006041942665555414,0.00016243085827055142,0.0001636186680030997,0.03879202050148234,331
VGlut-F-900036,49,8,41,264,8,41,5.2548547526716774e-05,1.0765918052400885e-08,1.0915810157931382e-05,0.0024621878297572987,43
VGlut-F-900037,77,45,32,302,45,32,0.0002302730349163005,1.5419835310198065e-07,1.7840863139337502e-05,0.0038691523039043265,71
VGlut-F-900040,46,15,31,251,15,31,2.6169255197364203e-05,2.5408014991326813e-08,9.382527770816839e-06,0.0023114416360986885,44
VGlut-F-900042,87,25,62,463,25,62,0.00010529585174038174,6.371831522177471e-08,9.441327326963403e-06,0.004371639616099694,78
VGlut-F-900043,893,509,384,13332,509,384,0.007244778806550824,0.00019599663731998952,0.00022518335843061012,0.04487211697904628,331
VGlut-F-900045,277,129,148,1340,129,148,0.0005912236230471608,9.399453000215263e-06,1.353857518638298e-05,0.013918898547811668,205
VGlut-F-900046,324,258,66,1340,258,66,0.0015487512389499008,1.918382766203282e-05,4.514140856681205e-05,0.016280588915129894,199
VGlut-F-900047,884,515,369,13494,515,369,0.008222881677099758,0.00025074256759031853,0.00024024602624315834,0.04441987839807045,331
VGlut-F-900048,111,53,58,257,53,58,0.00027439013293813273,2.8591143994960194e-07,9.005358989774438e-06,0.005577609165368575,106
VGlut-F-900049,472,211,261,3833,211,261,0.005644101679124852,1.5544195010542994e-05,2.1533143790725155e-05,0.023717401135621326,352
VGlut-F-900050,843,449,394,11835,449,394,0.0065775160294975175,0.00019865078180295184,0.00019215527372600313,0.042359680418069444,331
VGlut-F-900052,257,83,174,1228,83,174,0.000403076206455709,9.102439164052954e-07,1.1071421379581193e-05,0.012913923923420934,211
VGlut-F-900053,2333,1519,814,18194,1519,814,0.018448224622808214,0.01981772327932987,0.0007660650842714682,0.11723028993517913,352
VGlut-F-900054,124,78,46,709,78,46,0.0002713660974906138,1.0823339205179806e-06,3.933173685264303e-05,0.006230842671222552,96
VGlut-F-900055,288,148,140,2667,148,140,0.0003033641673973893,9.408980339318274e-07,0.00013893402876000814,0.014471634591226572,102
VGlut-F-900057,97,66,31,426,66,31,0.00022530181425922655,2.2017790662396968e-07,2.6363915826954514e-05,0.004874126928295061,81
VGlut-F-900058,200,16,184,592,16,184,8.436866637907725e-05,1.8516347747054836e-07,8.263035847303625e-06,0.01004974624390734,142
VGlut-F-900059,438,310,128,2325,310,128,0.0012809148317365923,1.6864327271996494e-05,4.0741170868815775e-05,0.022008944274157078,211
VGlut-F-900060,480,369,111,2253,369,111,0.0018513574899724412,2.2753436550602468e-05,7.09728894579908e-05,0.02411939098537762,211
VGlut-F-900061,222,55,167,1515,55,167,0.000568739880726889,4.640847126736841e-06,1.3100001326743201e-05,0.01115521833073715,192
VGlut-F-900062,731,412,319,7998,412,319,0.003105431159567159,3.874678698545559e-05,0.00018646196818669687,0.036731822521481335,211
VGlut-F-900063,122,116,6,1122,116,6,0.0002515783839532044,5.023357349342651e-06,6.61837058982132e-05,0.006130345208783478,94
VGlut-F-900064,266,16,250,1461,16,250,0.0002919674660594085,7.290106178526188e-07,8.879837498570544e-06,0.013366162504396765,229
VGlut-F-900065,2188,468,1720,14520,468,1720,0.008422241484565168,6.655756380758492e-05,0.00016944691298859682,0.10994422390834631,352
VGlut-F-900066,445,237,208,2842,237,208,0.006173853864052112,1.4690531913089465e-05,2.4629966979058367e-05,0.022360685392693834,352
VGlut-F-900067,128,77,51,649,77,51,0.00018999863900394506,9.237325941049458e-07,2.6415895809285268e-05,0.0064318375961006985,111
VGlut-F-900068,249,208,41,1008,208,41,0.001040247820538516,7.120811109464586e-06,3.314026922156083e-05,0.01251193407366464,170
VGlut-F-900069,98,75,23,412,75,23,0.0002799741195167089,2.307086467231731e-07,3.539314057508517e-05,0.004924375659514597,90
VGlut-F-900070,454,182,272,2296,182,272,0.0030330590806587937,1.5141445191418826e-05,5.212326029689478e-05,0.022812923973669665,293
VGlut-F-900071,86,60,26,442,60,26,0.0001677783044084292,1.0648598426813187e-07,2.4657054535191282e-05,0.004321390884880157,75
VGlut-F-900074,120,98,22,445,98,22,0.00030124838634637926,2.446473881196449e-07,3.42934477647219e-05,0.006029847746344405,95
VGlut-F-900075,133,94,39,561,94,39,0.0008211451098036897,1.2771067891257149e-05,2.3295712176175454e-05,0.006683081252198382,114
VGlut-F-900079,60,34,26,362,34,26,0.00013279916142094458,1.1953907477941637e-07,1.7120867638125668e-05,0.0030149238731722026,58
VGlut-F-900080,437,190,247,3106,190,247,0.004527207367631119,8.228430810286599e-06,1.7471366564574412e-05,0.021958695542937542,352
VGlut-F-900081,170,72,98,799,72,98,0.00036850800201189014,1.21506865082392e-06,1.0465074682918343e-05,0.00854228430732124,168
VGlut-F-900083,804,436,368,9233,436,368,0.00629627892893547,0.00014365301007707078,0.00016580975559415612,0.04039997990050751,331
VGlut-F-900084,6,5,1,7,5,1,1.5559209711020953e-05,3.070465496138866e-09,8.419697550330479e-06,0.0003014923873172202,6
VGlut-F-900087,142,99,43,862,99,43,0.0003290554455045813,9.480697615135747e-07,3.0242679109677045e-05,0.007135319833174212,110
VGlut-F-900088,32,20,12,66,20,12,5.6552901627133383e-05,7.560624256733354e-08,7.911991192970421e-06,0.0016079593990251746,32
VGlut-F-900089,804,418,386,9467,418,386,0.00621805021386964,0.00013782347224095898,0.00013728565438452065,0.04039997990050751,331
VGlut-F-900090,672,306,366,10668,306,366,0.0042387299398708835,0.002036641764906522,3.941759634149888e-05,0.03376714737952867,348
VGlut-F-900092,503,228,275,2807,228,275,0.0031805681627291135,5.044810909478109e-05,4.4309578033942345e-05,0.025275111803426963,296
VGlut-F-900093,1548,578,970,8143,578,970,0.003288556891150465,1.7826899957420782e-05,0.00013394941028212106,0.07778503592784282,241
VGlut-F-900094,100,55,45,313,55,45,0.0002480968418672828,6.049829448983728e-07,9.258972255854319e-06,0.00502487312195367,100
VGlut-F-900095,21,8,13,51,8,13,3.268204380660372e-05,3.331540079421547e-08,7.835495236280396e-06,0.001055223355610271,21
VGlut-F-900096,45,32,13,196,32,13,5.022784745299306e-05,4.495546892058119e-08,7.236905061666018e-05,0.0022611929048791516,34
VGlut-F-900097,624,373,251,3653,373,251,0.005007999595774807,0.004068302559907677,3.450352928265306e-05,0.03135520828099091,348
VGlut-F-900098,176,40,136,933,40,136,0.0009482885446399338,4.2558226321875245e-06,1.3645395412601671e-05,0.00884377669463846,166
VGlut-F-900100,561,441,120,3286,441,120,0.00573427404799197,0.005501700632159935,4.703527507367203e-05,0.028189538214160093,348
VGlut-F-900101,546,295,251,4089,295,251,0.004157951509940762,0.0026903265629615552,2.4385995650474296e-05,0.02743580724586704,348
VGlut-F-900102,132,95,37,620,95,37,0.0004232054071576197,1.1975540038424944e-06,1.2404208932553597e-05,0.006632832520978845,130
VGlut-F-900103,83,44,39,366,44,39,0.00019677886304952637,1.0928198640629692e-07,1.3262085708635186e-05,0.004170644691221546,73
VGlut-F-900104,95,33,62,420,33,62,8.346634168384096e-05,9.323995083125161e-08,1.6964004842053694e-05,0.004773629465855987,78
VGlut-F-900107,194,95,99,650,95,99,0.0006914834032835749,9.74497824449704e-07,2.6885582312591654e-05,0.009748253856590122,165
VGlut-F-900108,449,383,66,2539,383,66,0.004814450975927656,0.003689965781127514,3.590158508727617e-05,0.02256168031757198,329
VGlut-F-900109,221,26,195,1781,26,195,0.00014085653468627382,9.272109951252047e-07,9.605829388954697e-06,0.011104969599517612,205
VGlut-F-900110,179,69,110,1046,69,110,0.00018847449107861492,6.071681510527606e-07,2.720897196470158e-05,0.008994522888297071,121
VGlut-F-900111,200,99,101,1891,99,101,0.0003440879760810025,1.4647199887797027e-06,4.666885046251322e-05,0.01004974624390734,109
VGlut-F-900112,357,134,223,2752,134,223,0.0008912722300321696,7.354626382154151e-06,1.7364393629862566e-05,0.017938797045374603,242
VGlut-F-900113,277,80,197,2087,80,197,0.0007023060630666284,2.903524734948675e-06,1.2306874978205607e-05,0.013918898547811668,222
VGlut-F-900114,458,430,28,2022,430,28,0.005465233294041164,0.0017598870125315662,6.93609552261735e-05,0.02301391889854781,298
VGlut-F-900115,167,144,23,740,144,23,0.0004767525806571989,8.388357611300763e-07,4.969158812092146e-05,0.00839153811366263,109
VGlut-F-900117,364,216,148,2311,216,148,0.0022194733305501224,1.9566617725110876e-05,3.467105030860188e-05,0.018290538163911362,205
VGlut-F-900118,574,322,252,4267,322,252,0.007860098797337262,0.00023938281001323266,8.408328339886433e-05,0.02884277172001407,296
VGlut-F-900120,283,172,111,1743,172,111,0.0013770709700406572,1.6360811588914894e-05,1.981332566294607e-05,0.014220390935128889,205
VGlut-F-900121,187,31,156,1404,31,156,0.0003727521840768883,1.144335928275917e-06,1.1503403570111223e-05,0.009396512738053364,176
VGlut-F-900122,390,106,284,1307,106,284,0.0003801891220918509,2.3090472613997267e-07,3.3395692735104686e-05,0.019597005175619315,170
VGlut-F-900123,159,96,63,1190,96,63,5.306516428292493e-05,1.657326882801993e-08,0.00015437343300454283,0.007989548263906337,74
VGlut-F-900124,293,127,166,2450,127,166,0.0006447546340105844,2.738155700091113e-06,1.759325693434207e-05,0.014722878247324255,211
VGlut-F-900125,202,94,108,908,94,108,0.0005034352259926111,2.5852843443065777e-06,1.1761683067393582e-05,0.010150243706346415,191
VGlut-F-900126,1006,671,335,6334,671,335,0.00879457613701249,0.005388108182535917,7.853500774214379e-05,0.050550223606853927,348
VGlut-F-900127,156,109,47,938,109,47,0.000542256811581609,3.125158853986502e-06,1.1938758782623137e-05,0.007838802070247727,156
VGlut-F-900129,180,42,138,594,42,138,0.0002605787745389207,1.7314288864047585e-06,9.170847926203276e-06,0.009044771619516606,171
VGlut-F-900131,488,270,218,3207,270,218,0.007145707063233393,1.928069665077408e-05,2.9018937723297533e-05,0.024521380835133912,352
VGlut-F-900132,608,255,353,3325,255,353,0.0036768913518852916,6.207069772925586e-05,4.1077125565139605e-05,0.030551228581478317,296
VGlut-F-900134,197,29,168,1589,29,168,0.00036039350389524967,3.0888594974261026e-06,1.2371836835064552e-05,0.009899000050248732,183
VGlut-F-900135,961,611,350,12850,611,350,0.00940940209476018,0.00021731573739064156,0.00022624799715823728,0.048289030701974774,331
VGlut-F-900136,421,232,189,2697,232,189,0.005823086570761192,8.843876734326573e-06,2.1020805356886535e-05,0.021154715843424952,352
VGlut-F-900137,907,610,297,9968,610,297,0.007962987864331361,0.007173916601080116,0.00011320621662971266,0.04557559921611979,348
VGlut-F-900138,1183,866,317,15668,866,317,0.013420406341100964,0.00043732096518031056,0.0004009591022434109,0.05944424903271192,331
VGlut-F-900139,834,452,382,13625,452,382,0.007266988714245891,0.000280145012321693,0.00021344051007476873,0.04190744183709361,331
VT19730-F-200000,839,460,379,19730,460,379,0.006216054197766541,0.008611094863366274,0.00018708297815696058,0.042158685493191295,348
VT4419-F-100000,677,287,390,16512,287,390,0.003969058046944366,0.004029965255778089,6.985565685055507e-05,0.03401839103562635,348
VT4419-F-200001,785,392,393,16172,392,393,0.005762009660392281,0.00670483168600183,6.593953925809179e-05,0.03944525400733632,348
VT4419-F-200002,656,259,397,15060,259,397,0.003797463154967648,0.002812449167747827,7.091002117150342e-05,0.03296316768001608,348
VT4419-F-200003,684,292,392,16922,292,392,0.004271618814385407,0.005735119449866041,0.00010041530756372402,0.03437013215416311,348
VT4419-F-200004,566,151,415,18637,151,415,0.0022010613789038855,0.0017427169751081477,1.6380925673900537e-05,0.028440781870257777,348
VT4419-F-200005,636,233,403,17678,233,403,0.003129986179708943,0.004239420110958302,2.794225404494105e-05,0.03195819305562535,348
VT4419-F-200006,832,477,355,19546,477,355,0.005884391673336366,0.011132469310356365,0.0001270486977685631,0.04180694437465454,348
VT4419-F-200007,447,71,376,12331,71,376,0.001034417612903586,0.00040290158132228507,1.48600028575965e-05,0.02246118285513291,344
VT4419-F-200009,481,119,362,16905,119,362,0.001481084390468125,0.0013024937243999398,1.505006357993739e-05,0.024169639716597156,348
VT4419-F-200010,548,119,429,15234,119,429,0.0017313550539037042,0.0005151630699543829,1.9710497710404506e-05,0.027536304708306116,348
VT4419-F-200011,820,415,405,18928,415,405,0.005453454106686934,0.00756213530361486,0.00018839652432080012,0.0412039596000201,348
VT4419-F-200012,483,124,359,10724,124,359,0.0017777704555795297,0.000537115852552088,1.7256261138425644e-05,0.02427013717903623,348
VT4419-F-300003,996,632,364,33836,632,364,0.007469809375052894,0.06329771812037789,0.00038834998044230456,0.05004773629465856,348
VT4419-F-300004,416,45,371,16545,45,371,0.0006303852114499133,0.0006291009344041996,1.0410344748530108e-05,0.02090347218732727,348
VT4419-F-300005,806,476,330,16713,476,330,0.006203538130916595,0.007549544373420142,0.00017588076581241414,0.04050047736294658,348
VT4419-F-300006,912,531,381,29774,531,381,0.006816629511029527,0.035440568563956304,0.00022796697201252263,0.04582684287221748,348
VT4419-F-300008,414,158,256,8169,158,256,0.0023470422500619435,0.0027513891109182936,3.0486740183478175e-05,0.020802974724888196,335
VT4419-F-300009,808,379,429,24166,379,429,0.0051113137008094115,0.01339918495244523,7.596303396056662e-05,0.04060097482538566,348
VT4419-F-300010,1429,415,1014,8846,415,1014,0.010510089611564096,0.0023803536169706772,6.48437773108415e-05,0.07180543691271796,349
VT4419-F-300011,772,411,361,19657,411,361,0.005395801741238547,0.010435031997300899,0.00010250741469744996,0.03879202050148234,348
VT4419-F-300013,741,555,186,19526,555,186,0.006710688033830558,0.02253601602133306,0.00040278686275807584,0.0372343098336767,348
VT4419-F-300014,1026,785,241,47922,785,241,0.009173817295960812,0.054372943267125926,0.0013055482658601734,0.05155519823124466,348
VT4419-F-300015,1020,751,269,67232,751,269,0.008253429898640143,0.14309896928597735,0.0008953953068824677,0.05125370584392744,348
VT4419-F-300016,687,350,337,13329,350,337,0.004712122077287304,0.003124452168419101,7.27220455644619e-05,0.03452087834782172,348
VT4419-F-300017,732,350,382,22135,350,382,0.0051442347030884175,0.010207106032422622,7.494521054565462e-05,0.03678207125270087,348
VT449-F-000001,616,334,282,18118,334,282,0.004807054079781057,0.013074986128516111,0.00021727312718108625,0.03095321843123461,348
VT449-F-1000000,623,349,274,17237,349,274,0.004778513599580694,0.011693224132496965,0.00018322684751921015,0.03130495954977137,348
VT449-F-1000002,445,137,308,18358,137,308,0.0016446718277040408,0.002155990317294915,2.0357004723092294e-05,0.022360685392693834,348
VT449-F-1000004,819,569,250,41134,569,250,0.007195298955083254,0.047119534519135364,0.0008152421218629692,0.04115371086880056,348
VT449-F-1000006,668,404,264,13776,404,264,0.005485423964880452,0.006941899597690684,0.00015789924848139193,0.03356615245465052,348
VT449-F-2000002,650,351,299,22772,351,299,0.004774643965900963,0.01670606024813225,0.0001033286159610489,0.03266167529269886,348
VT449-F-2000004,519,223,296,14963,223,296,0.002558296990591988,0.005692179432409971,4.1903769247105056e-05,0.02607909150293955,348
VT449-F-2000005,833,578,255,36183,578,255,0.006840559556649001,0.07132579953421044,0.0004475368238943643,0.041857193105874074,348
VT449-F-3000000,589,257,332,12886,257,332,0.003523625392431313,0.0021090888621223504,6.12718520494483e-05,0.02959650268830712,348
VT8167-F-200003,685,317,368,18464,317,368,0.0043169617477177595,0.008643516922798718,0.0001383005908550334,0.03442038088538264,348
VT8167-F-200004,875,482,393,32622,482,393,0.005950028311153813,0.026074049633486935,0.0004808497648075547,0.04396763981709462,348
VT8167-F-200005,1006,786,220,88337,786,220,0.008877496520482473,0.11374731606260899,0.0021789145425018287,0.050550223606853927,348
VT8167-F-200006,394,22,372,13358,22,372,0.00031251571818031624,0.00011417876364863538,9.091452994111807e-06,0.019798000100497464,337
VT8167-F-200007,1036,704,332,76842,704,332,0.008630868317658436,0.08891244204781741,0.0015904648718655194,0.05205768554344003,348
VT8167-F-200008,897,529,368,28704,529,368,0.006482511969689452,0.026003678006984294,0.0005200393317416457,0.04507311190392443,348
VT8167-F-200009,822,412,410,28063,412,410,0.0053490698335858355,0.02805842169049799,0.00015215162487802256,0.04130445706245917,348
VT8167-F-200010,756,323,433,26006,323,433,0.004386099443671446,0.007539354483226561,6.584710620863406e-05,0.03798804080196975,348
